/*--------------------------------*- C++ -*----------------------------------*\
| =========                 |                                                 |
| \\      /  F ield         | OpenFOAM: The Open Source CFD Toolbox           |
|  \\    /   O peration     | Version:  2406                                  |
|   \\  /    A nd           | Website:  www.openfoam.com                      |
|    \\/     M anipulation  |                                                 |
\*---------------------------------------------------------------------------*/
FoamFile
{
    version     2.0;
    format      ascii;
    arch        "LSB;label=32;scalar=64";
    class       volVectorField;
    location    "132";
    object      U;
}
// * * * * * * * * * * * * * * * * * * * * * * * * * * * * * * * * * * * * * //

dimensions      [0 1 -1 0 0 0 0];

internalField   nonuniform List<vector> 
1916
(
(0.0975662 -0.000646662 0)
(0.0994889 -0.000549899 0)
(0.100638 -0.000288755 0)
(0.101256 -0.000166989 0)
(0.101675 -0.000107533 0)
(0.101984 -6.74291e-05 0)
(0.102204 -4.23459e-05 0)
(0.102361 -2.85978e-05 0)
(0.102479 -2.07343e-05 0)
(0.102571 -1.55892e-05 0)
(0.102644 -1.19759e-05 0)
(0.102702 -9.3593e-06 0)
(0.10275 -7.3675e-06 0)
(0.102788 -5.74607e-06 0)
(0.102819 -4.3329e-06 0)
(0.102844 -3.01214e-06 0)
(0.102862 -1.68301e-06 0)
(0.102874 -2.45057e-07 0)
(0.102879 1.4122e-06 0)
(0.102876 3.41801e-06 0)
(0.102864 5.93339e-06 0)
(0.102841 9.16826e-06 0)
(0.102804 1.33997e-05 0)
(0.102748 1.89946e-05 0)
(0.102668 2.64405e-05 0)
(0.102554 3.63859e-05 0)
(0.102398 4.969e-05 0)
(0.102182 6.74868e-05 0)
(0.101889 9.12597e-05 0)
(0.101492 0.000122929 0)
(0.100955 0.000164945 0)
(0.100233 0.000220367 0)
(0.0992639 0.000292908 0)
(0.0979705 0.000386891 0)
(0.0962523 0.00050703 0)
(0.0939839 0.000657928 0)
(0.0910122 0.000843125 0)
(0.0871563 0.00106355 0)
(0.0822132 0.00131533 0)
(0.075971 0.00158711 0)
(0.0682324 0.00185779 0)
(0.0588522 0.00209524 0)
(0.0477768 0.00225776 0)
(0.0351083 0.00229348 0)
(0.0214278 0.00207676 0)
(0.00891819 0.00107769 0)
(0.000314379 -0.000184544 0)
(0.275933 -0.00124587 0)
(0.276849 -0.00169852 0)
(0.277637 -0.00126452 0)
(0.278058 -0.000877585 0)
(0.278473 -0.000637372 0)
(0.278888 -0.00046708 0)
(0.279237 -0.000342159 0)
(0.279516 -0.000256321 0)
(0.279743 -0.000198065 0)
(0.27993 -0.000156594 0)
(0.280085 -0.000125633 0)
(0.280213 -0.000101797 0)
(0.28032 -8.28598e-05 0)
(0.280409 -6.72001e-05 0)
(0.280482 -5.36276e-05 0)
(0.28054 -4.12179e-05 0)
(0.280586 -2.91648e-05 0)
(0.280618 -1.66787e-05 0)
(0.280636 -2.9072e-06 0)
(0.280638 1.3141e-05 0)
(0.280622 3.26869e-05 0)
(0.280583 5.7294e-05 0)
(0.280516 8.90062e-05 0)
(0.280411 0.000130527 0)
(0.280257 0.000185456 0)
(0.280039 0.000258594 0)
(0.279735 0.000356347 0)
(0.279316 0.000487239 0)
(0.278742 0.000662569 0)
(0.277961 0.000897222 0)
(0.276902 0.00121064 0)
(0.27547 0.00162791 0)
(0.273539 0.00218096 0)
(0.270943 0.00290949 0)
(0.267463 0.00386148 0)
(0.262816 0.00509243 0)
(0.25664 0.00666249 0)
(0.248481 0.00862974 0)
(0.237783 0.0110382 0)
(0.22389 0.0138989 0)
(0.206072 0.0171637 0)
(0.183581 0.0206928 0)
(0.155755 0.0242055 0)
(0.122176 0.027127 0)
(0.0832149 0.0280784 0)
(0.0427413 0.0237282 0)
(0.00629368 0.0116246 0)
(0.436131 -0.000775068 0)
(0.436601 -0.00140018 0)
(0.436883 -0.00135057 0)
(0.436826 -0.00115152 0)
(0.436912 -0.000970525 0)
(0.437142 -0.000801679 0)
(0.437391 -0.000648251 0)
(0.437619 -0.000522671 0)
(0.437824 -0.000425125 0)
(0.438008 -0.000348848 0)
(0.43817 -0.000287982 0)
(0.438311 -0.000238662 0)
(0.438431 -0.000197953 0)
(0.438535 -0.000163401 0)
(0.438622 -0.00013298 0)
(0.438695 -0.000104968 0)
(0.438753 -7.77712e-05 0)
(0.438796 -4.97749e-05 0)
(0.438823 -1.91988e-05 0)
(0.438833 1.60537e-05 0)
(0.438822 5.85788e-05 0)
(0.438786 0.0001117 0)
(0.438719 0.000179764 0)
(0.43861 0.000268525 0)
(0.438449 0.000385659 0)
(0.438216 0.000541434 0)
(0.43789 0.0007496 0)
(0.437438 0.00102856 0)
(0.436816 0.00140287 0)
(0.435967 0.00190519 0)
(0.43481 0.00257875 0)
(0.433238 0.00348029 0)
(0.431106 0.00468364 0)
(0.428219 0.00628354 0)
(0.424312 0.00839953 0)
(0.419033 0.0111786 0)
(0.411912 0.0147955 0)
(0.402326 0.0194468 0)
(0.389458 0.0253352 0)
(0.372257 0.0326372 0)
(0.349398 0.0414469 0)
(0.319284 0.0516864 0)
(0.280088 0.0629571 0)
(0.229885 0.0741621 0)
(0.167025 0.0823632 0)
(0.0945561 0.0791621 0)
(0.0172336 0.0491306 0)
(0.576342 -0.000428651 0)
(0.576768 -0.000966697 0)
(0.576941 -0.00111373 0)
(0.576662 -0.00108725 0)
(0.576483 -0.00101708 0)
(0.576486 -0.000919087 0)
(0.576556 -0.000803212 0)
(0.576642 -0.000689405 0)
(0.57674 -0.000588548 0)
(0.576844 -0.000501629 0)
(0.576946 -0.000426876 0)
(0.577043 -0.00036257 0)
(0.577132 -0.000306909 0)
(0.577211 -0.000257896 0)
(0.577281 -0.000213519 0)
(0.577342 -0.000171815 0)
(0.577391 -0.00013078 0)
(0.57743 -8.82331e-05 0)
(0.577457 -4.16576e-05 0)
(0.577469 1.19922e-05 0)
(0.577465 7.65451e-05 0)
(0.57744 0.000156944 0)
(0.577389 0.000259685 0)
(0.577305 0.000393396 0)
(0.577178 0.000569616 0)
(0.576992 0.000803832 0)
(0.57673 0.00111686 0)
(0.576365 0.00153668 0)
(0.575861 0.00210088 0)
(0.575169 0.00285985 0)
(0.574221 0.00388096 0)
(0.572926 0.00525392 0)
(0.571157 0.00709757 0)
(0.568737 0.00956818 0)
(0.565425 0.0128693 0)
(0.560882 0.0172626 0)
(0.554637 0.0230784 0)
(0.546032 0.0307228 0)
(0.534141 0.0406758 0)
(0.51767 0.0534704 0)
(0.494821 0.0696355 0)
(0.463128 0.0895742 0)
(0.419276 0.113328 0)
(0.358982 0.139948 0)
(0.276608 0.165598 0)
(0.170803 0.175297 0)
(0.0367811 0.126554 0)
(0.696476 -0.000261844 0)
(0.696914 -0.000663237 0)
(0.697136 -0.000843995 0)
(0.696837 -0.000890703 0)
(0.696553 -0.000888455 0)
(0.696423 -0.000852762 0)
(0.69636 -0.000788342 0)
(0.696319 -0.000710539 0)
(0.696301 -0.000631999 0)
(0.696305 -0.000557593 0)
(0.696323 -0.000488562 0)
(0.696348 -0.0004253 0)
(0.696377 -0.000367577 0)
(0.696407 -0.000314466 0)
(0.696437 -0.000264591 0)
(0.696465 -0.000216295 0)
(0.696489 -0.000167641 0)
(0.696509 -0.000116315 0)
(0.696523 -5.94792e-05 0)
(0.69653 6.43001e-06 0)
(0.696528 8.59944e-05 0)
(0.696515 0.000185205 0)
(0.696487 0.000311994 0)
(0.69644 0.000476951 0)
(0.696369 0.000694293 0)
(0.696265 0.000983164 0)
(0.696117 0.0013694 0)
(0.695909 0.00188788 0)
(0.695622 0.00258575 0)
(0.695226 0.00352668 0)
(0.694679 0.0047966 0)
(0.693925 0.00651139 0)
(0.692883 0.00882701 0)
(0.691435 0.0119529 0)
(0.689414 0.0161694 0)
(0.686573 0.0218502 0)
(0.682548 0.0294896 0)
(0.676791 0.0397363 0)
(0.668476 0.0534285 0)
(0.656339 0.0716261 0)
(0.638436 0.0956231 0)
(0.611779 0.1269 0)
(0.571751 0.166961 0)
(0.511456 0.216653 0)
(0.419534 0.273969 0)
(0.285116 0.319683 0)
(0.0733147 0.268975 0)
(0.796564 -0.00016998 0)
(0.797004 -0.000455542 0)
(0.797284 -0.00061473 0)
(0.79703 -0.000681326 0)
(0.796734 -0.000707411 0)
(0.796558 -0.00070528 0)
(0.796435 -0.000676494 0)
(0.796322 -0.000630611 0)
(0.796228 -0.000577824 0)
(0.796156 -0.000523362 0)
(0.796102 -0.000469342 0)
(0.796062 -0.000416946 0)
(0.796032 -0.000366731 0)
(0.796009 -0.000318503 0)
(0.795993 -0.000271462 0)
(0.795982 -0.00022437 0)
(0.795973 -0.000175568 0)
(0.795967 -0.000122902 0)
(0.795963 -6.35829e-05 0)
(0.795959 6.01456e-06 0)
(0.795956 9.06502e-05 0)
(0.795952 0.000196628 0)
(0.795948 0.00033236 0)
(0.795943 0.000509138 0)
(0.795936 0.00074218 0)
(0.795927 0.00105205 0)
(0.795915 0.00146661 0)
(0.795898 0.00202364 0)
(0.795875 0.00277447 0)
(0.795842 0.00378888 0)
(0.795793 0.0051619 0)
(0.795718 0.00702304 0)
(0.795599 0.00954909 0)
(0.795405 0.0129818 0)
(0.795084 0.0176523 0)
(0.794543 0.0240149 0)
(0.793621 0.0326949 0)
(0.792037 0.0445537 0)
(0.789296 0.0607805 0)
(0.784534 0.0830173 0)
(0.776221 0.113528 0)
(0.761669 0.155402 0)
(0.736006 0.21283 0)
(0.690974 0.290998 0)
(0.609806 0.395509 0)
(0.467111 0.512791 0)
(0.146771 0.519507 0)
(0.876624 -0.000111884 0)
(0.877055 -0.000309165 0)
(0.877373 -0.000433 0)
(0.877166 -0.000495761 0)
(0.876887 -0.000527959 0)
(0.876706 -0.000538535 0)
(0.876566 -0.000528199 0)
(0.876427 -0.000502688 0)
(0.876295 -0.00046925 0)
(0.876182 -0.000432188 0)
(0.876084 -0.000393463 0)
(0.876001 -0.000354224 0)
(0.875928 -0.000315131 0)
(0.875866 -0.000276236 0)
(0.875813 -0.000237039 0)
(0.875769 -0.000196601 0)
(0.875732 -0.000153555 0)
(0.875703 -0.000106041 0)
(0.875681 -5.15715e-05 0)
(0.875667 1.31587e-05 0)
(0.875662 9.25468e-05 0)
(0.875667 0.000192469 0)
(0.875686 0.000320815 0)
(0.875721 0.000488218 0)
(0.875778 0.000709055 0)
(0.875864 0.00100282 0)
(0.875989 0.001396 0)
(0.876166 0.00192465 0)
(0.876413 0.00263799 0)
(0.876753 0.00360332 0)
(0.877218 0.00491294 0)
(0.877849 0.00669382 0)
(0.878701 0.00912135 0)
(0.879841 0.0124389 0)
(0.881356 0.0169861 0)
(0.883348 0.0232403 0)
(0.885931 0.031878 0)
(0.889214 0.0438674 0)
(0.893264 0.0606109 0)
(0.898015 0.0841691 0)
(0.903078 0.117627 0)
(0.907377 0.1657 0)
(0.908012 0.235939 0)
(0.899409 0.340772 0)
(0.863852 0.505299 0)
(0.781681 0.766693 0)
(0.334873 0.975934 0)
(0.936663 -7.1181e-05 0)
(0.937084 -0.000200037 0)
(0.937423 -0.000286604 0)
(0.93725 -0.000335016 0)
(0.93699 -0.000362411 0)
(0.936816 -0.000374584 0)
(0.936676 -0.000371997 0)
(0.93653 -0.000358032 0)
(0.936385 -0.000337441 0)
(0.936253 -0.000313331 0)
(0.936135 -0.000287205 0)
(0.936028 -0.000259932 0)
(0.935932 -0.000232022 0)
(0.935846 -0.000203545 0)
(0.935771 -0.000174146 0)
(0.935706 -0.000143112 0)
(0.93565 -0.000109381 0)
(0.935605 -7.1484e-05 0)
(0.935572 -2.74313e-05 0)
(0.935552 2.54399e-05 0)
(0.935547 9.06946e-05 0)
(0.935562 0.000173116 0)
(0.935601 0.000279146 0)
(0.935673 0.000417485 0)
(0.935787 0.000599923 0)
(0.935957 0.00084248 0)
(0.936204 0.00116697 0)
(0.936552 0.00160319 0)
(0.937038 0.00219192 0)
(0.93771 0.00298921 0)
(0.938635 0.00407235 0)
(0.939903 0.00554843 0)
(0.941635 0.00756671 0)
(0.943998 0.0103366 0)
(0.947215 0.0141547 0)
(0.951591 0.0194446 0)
(0.957536 0.0268197 0)
(0.965607 0.0371801 0)
(0.976553 0.0518691 0)
(0.99139 0.0729308 0)
(1.01149 0.10355 0)
(1.03888 0.148819 0)
(1.07627 0.217219 0)
(1.13124 0.323279 0)
(1.2109 0.494061 0)
(1.40228 0.774262 0)
(1.55434 1.22097 0)
(0.976687 -3.95033e-05 0)
(0.9771 -0.000111952 0)
(0.977449 -0.00016235 0)
(0.977297 -0.000191901 0)
(0.977051 -0.000209247 0)
(0.976884 -0.00021754 0)
(0.976748 -0.000217037 0)
(0.976601 -0.000209531 0)
(0.976453 -0.000197699 0)
(0.976315 -0.000183399 0)
(0.976188 -0.000167571 0)
(0.976071 -0.000150742 0)
(0.975964 -0.000133214 0)
(0.975867 -0.00011502 0)
(0.975781 -9.592e-05 0)
(0.975705 -7.54443e-05 0)
(0.97564 -5.28918e-05 0)
(0.975588 -2.72931e-05 0)
(0.975549 2.6613e-06 0)
(0.975527 3.87255e-05 0)
(0.975525 8.32471e-05 0)
(0.975549 0.000139376 0)
(0.975606 0.000211352 0)
(0.975706 0.000304905 0)
(0.975863 0.000427801 0)
(0.976098 0.000590597 0)
(0.976435 0.000807685 0)
(0.976912 0.00109875 0)
(0.977578 0.00149079 0)
(0.9785 0.00202101 0)
(0.979772 0.00274091 0)
(0.981521 0.00372219 0)
(0.983923 0.00506534 0)
(0.987221 0.00691246 0)
(0.99175 0.00946642 0)
(0.997983 0.0130203 0)
(1.00658 0.0180034 0)
(1.01849 0.0250537 0)
(1.03505 0.0351355 0)
(1.05827 0.0497292 0)
(1.09109 0.0711391 0)
(1.13818 0.102991 0)
(1.20674 0.150896 0)
(1.31068 0.223564 0)
(1.46669 0.331198 0)
(1.72769 0.484368 0)
(2.09342 0.69244 0)
(0.996699 -1.21785e-05 0)
(0.997107 -3.45522e-05 0)
(0.99746 -5.0075e-05 0)
(0.997319 -5.89649e-05 0)
(0.997079 -6.3843e-05 0)
(0.996916 -6.56845e-05 0)
(0.996782 -6.45595e-05 0)
(0.996637 -6.10172e-05 0)
(0.996488 -5.59066e-05 0)
(0.996348 -4.98307e-05 4.64346e-34)
(0.996219 -4.3091e-05 0)
(0.996099 -3.58463e-05 0)
(0.995989 -2.81751e-05 0)
(0.995888 -2.00622e-05 0)
(0.995798 -1.13971e-05 0)
(0.995718 -1.98557e-06 4.61624e-34)
(0.995651 8.45035e-06 0)
(0.995596 2.02857e-05 0)
(0.995556 3.40182e-05 0)
(0.995535 5.03054e-05 0)
(0.995536 7.0017e-05 0)
(0.995567 9.43087e-05 0)
(0.995634 0.000124724 0)
(0.995751 0.000163335 -4.57633e-34)
(0.995934 0.000212935 0)
(0.996204 0.000277305 0)
(0.996592 0.000361582 0)
(0.997139 0.000472778 0)
(0.997903 0.0006205 0)
(0.998962 0.000817976 0)
(1.00042 0.00108353 0)
(1.00243 0.00144269 0)
(1.0052 0.00193133 0)
(1.00901 0.00260035 0)
(1.01426 0.00352268 0)
(1.02151 0.0048042 0)
(1.03158 0.0066008 0)
(1.04562 0.00914536 0)
(1.06532 0.0127907 0)
(1.09321 0.0180777 0)
(1.13301 0.0258356 0)
(1.19039 0.0373231 -3.75476e-34)
(1.27372 0.0542744 0)
(1.39531 0.0789132 0)
(1.57094 0.111278 0)
(1.81565 0.14794 0)
(2.16128 0.177475 0)
(0.996699 1.38285e-05 0)
(0.997107 3.95271e-05 0)
(0.99746 5.83446e-05 0)
(0.997319 7.05607e-05 0)
(0.99708 7.88345e-05 0)
(0.996917 8.41764e-05 0)
(0.996783 8.66954e-05 0)
(0.996639 8.69836e-05 0)
(0.99649 8.59377e-05 0)
(0.996351 8.42134e-05 -4.64341e-34)
(0.996222 8.217e-05 0)
(0.996103 8.00307e-05 0)
(0.995993 7.79442e-05 0)
(0.995893 7.59736e-05 0)
(0.995804 7.40952e-05 0)
(0.995726 7.22104e-05 -4.61613e-34)
(0.995659 7.01482e-05 0)
(0.995606 6.76527e-05 0)
(0.995568 6.43588e-05 0)
(0.995548 5.97582e-05 0)
(0.995551 5.31482e-05 0)
(0.995584 4.35617e-05 0)
(0.995654 2.96685e-05 0)
(0.995773 9.63959e-06 4.57648e-34)
(0.995959 -1.90401e-05 0)
(0.996232 -5.98306e-05 0)
(0.996624 -0.000117496 0)
(0.997176 -0.000198607 0)
(0.997945 -0.000312241 0)
(0.99901 -0.000470982 0)
(1.00048 -0.000692347 0)
(1.0025 -0.00100085 0)
(1.00527 -0.00143101 0)
(1.00909 -0.00203191 0)
(1.01435 -0.00287394 0)
(1.02162 -0.00405937 0)
(1.03171 -0.00573868 0)
(1.04578 -0.00813655 0)
(1.06553 -0.0115929 0)
(1.09346 -0.0166273 0)
(1.13335 -0.0240335 0)
(1.19088 -0.0350082 3.7558e-34)
(1.27444 -0.0511726 0)
(1.39642 -0.074548 0)
(1.57274 -0.10478 0)
(1.81839 -0.13767 0)
(2.16584 -0.160968 0)
(0.976687 4.11066e-05 0)
(0.9771 0.000116785 0)
(0.977449 0.000170383 0)
(0.977298 0.00020316 0)
(0.977052 0.000223799 0)
(0.976886 0.000235483 0)
(0.976751 0.000238508 0)
(0.976606 0.000234709 0)
(0.976458 0.000226808 0)
(0.976321 0.000216715 0)
(0.976196 0.000205426 0)
(0.976082 0.000193531 0)
(0.975977 0.000181399 0)
(0.975883 0.000169139 0)
(0.975799 0.000156597 0)
(0.975726 0.000143394 0)
(0.975665 0.000128932 0)
(0.975617 0.000112357 0)
(0.975582 9.24887e-05 0)
(0.975565 6.77157e-05 0)
(0.975569 3.58516e-05 0)
(0.9756 -6.07193e-06 0)
(0.975664 -6.20908e-05 0)
(0.975772 -0.000137702 0)
(0.975938 -0.000240408 0)
(0.976183 -0.00038046 0)
(0.976532 -0.0005719 0)
(0.977022 -0.000833997 0)
(0.977702 -0.00119327 0)
(0.978642 -0.00168633 0)
(0.979933 -0.00236397 0)
(0.981705 -0.00329697 0)
(0.984134 -0.0045847 0)
(0.987463 -0.0063677 0)
(0.992031 -0.00884682 0)
(0.998311 -0.0123123 0)
(1.00697 -0.0171894 0)
(1.01895 -0.0241103 0)
(1.03563 -0.0340304 0)
(1.059 -0.0484169 0)
(1.09206 -0.0695533 0)
(1.13952 -0.101033 0)
(1.2087 -0.148408 0)
(1.31374 -0.220305 0)
(1.47169 -0.326693 0)
(1.73638 -0.47765 0)
(2.10879 -0.682434 0)
(0.936663 7.26918e-05 0)
(0.937084 0.000204589 0)
(0.937423 0.000294166 0)
(0.937251 0.000345611 0)
(0.936992 0.000376093 0)
(0.93682 0.000391442 0)
(0.936681 0.000392152 0)
(0.936537 0.000381649 0)
(0.936394 0.000364726 0)
(0.936264 0.000344537 0)
(0.936149 0.00032264 0)
(0.936046 0.000299962 0)
(0.935953 0.000277077 0)
(0.935871 0.000254126 0)
(0.935801 0.000230832 0)
(0.93574 0.000206569 0)
(0.935691 0.000180373 0)
(0.935653 0.000150879 0)
(0.935627 0.000116219 0)
(0.935615 7.38615e-05 0)
(0.935619 2.03917e-05 0)
(0.935645 -4.88073e-05 0)
(0.935696 -0.000139988 0)
(0.935781 -0.000261642 0)
(0.935909 -0.000425318 0)
(0.936097 -0.000646765 0)
(0.936361 -0.000947488 0)
(0.936731 -0.00135692 0)
(0.937241 -0.00191544 0)
(0.937941 -0.00267861 0)
(0.938898 -0.00372316 0)
(0.940202 -0.00515549 0)
(0.941977 -0.00712406 0)
(0.944389 -0.0098373 0)
(0.947666 -0.0135904 0)
(0.952115 -0.0188057 0)
(0.958152 -0.0260945 0)
(0.96634 -0.0363548 0)
(0.977442 -0.0509273 0)
(0.992494 -0.0718541 0)
(1.0129 -0.10232 0)
(1.04075 -0.147424 0)
(1.07886 -0.215673 0)
(1.13507 -0.321665 0)
(1.21673 -0.492656 0)
(1.41352 -0.773798 0)
(1.57187 -1.22589 0)
(0.876624 0.000113258 0)
(0.877056 0.000313302 0)
(0.877374 0.000439869 0)
(0.877168 0.000505374 0)
(0.87689 0.000540359 0)
(0.876711 0.000553792 0)
(0.876573 0.000546416 0)
(0.876436 0.000524006 0)
(0.876307 0.000493848 0)
(0.876197 0.00046029 0)
(0.876104 0.00042534 0)
(0.876024 0.000390201 0)
(0.875957 0.00035559 0)
(0.8759 0.000321625 0)
(0.875854 0.000287876 0)
(0.875816 0.000253479 0)
(0.875788 0.000217156 0)
(0.875767 0.000177143 0)
(0.875755 0.000131056 0)
(0.875753 7.57091e-05 0)
(0.87576 6.83718e-06 0)
(0.87578 -8.12896e-05 0)
(0.875814 -0.000196397 0)
(0.875867 -0.000348934 0)
(0.875944 -0.000553075 0)
(0.876053 -0.000828084 0)
(0.876203 -0.00120019 0)
(0.876409 -0.00170518 0)
(0.876687 -0.00239195 0)
(0.877064 -0.00332744 0)
(0.877571 -0.00460357 0)
(0.87825 -0.00634693 0)
(0.879157 -0.00873245 0)
(0.880363 -0.0120031 0)
(0.881954 -0.0164982 0)
(0.884038 -0.0226948 0)
(0.886732 -0.0312699 0)
(0.890154 -0.0431926 0)
(0.89438 -0.0598684 0)
(0.899361 -0.0833646 0)
(0.904729 -0.116781 0)
(0.909441 -0.164862 0)
(0.910634 -0.235222 0)
(0.902802 -0.340416 0)
(0.868113 -0.505923 0)
(0.787509 -0.769937 0)
(0.336955 -0.984898 0)
(0.796564 0.000171177 0)
(0.797004 0.000459142 0)
(0.797286 0.000620699 0)
(0.797032 0.000689665 0)
(0.796738 0.000718144 0)
(0.796564 0.000718458 0)
(0.796443 0.000692197 0)
(0.796334 0.000648949 0)
(0.796243 0.000598944 0)
(0.796175 0.000547449 0)
(0.796126 0.000496623 0)
(0.796091 0.000447695 0)
(0.796067 0.000401271 0)
(0.796052 0.000357212 0)
(0.796043 0.00031478 0)
(0.79604 0.0002728 0)
(0.796042 0.000229689 0)
(0.796047 0.000183373 0)
(0.796055 0.000131153 0)
(0.796065 6.95025e-05 0)
(0.796077 -6.22892e-06 0)
(0.79609 -0.000102222 0)
(0.796105 -0.000226756 0)
(0.796122 -0.000390972 0)
(0.796139 -0.000609926 0)
(0.796157 -0.000904006 0)
(0.796176 -0.00130088 0)
(0.796194 -0.00183812 0)
(0.79621 -0.00256685 0)
(0.796221 -0.00355663 0)
(0.796222 -0.00490231 0)
(0.796204 -0.00673323 0)
(0.79615 -0.00922614 0)
(0.796031 -0.0126229 0)
(0.795797 -0.0172549 0)
(0.795358 -0.0235776 0)
(0.794557 -0.0322178 0)
(0.793117 -0.0440405 0)
(0.79055 -0.0602406 0)
(0.786001 -0.0824704 0)
(0.777948 -0.113012 0)
(0.76371 -0.154985 0)
(0.738417 -0.212632 0)
(0.693792 -0.291219 0)
(0.612969 -0.396512 0)
(0.470474 -0.515059 0)
(0.148192 -0.5235 0)
(0.696476 0.000262826 0)
(0.696915 0.000666188 0)
(0.697138 0.000848879 0)
(0.69684 0.000897506 0)
(0.696558 0.000897182 0)
(0.69643 0.000863441 0)
(0.69637 0.000801026 0)
(0.696333 0.000725309 0)
(0.696319 0.000648964 0)
(0.696327 0.000576894 0)
(0.69635 0.000510377 0)
(0.696382 0.000449843 0)
(0.696418 0.000395103 0)
(0.696456 0.000345275 0)
(0.696494 0.00029903 0)
(0.696532 0.000254764 0)
(0.696567 0.000210599 0)
(0.6966 0.000164282 0)
(0.696628 0.00011305 0)
(0.69665 5.34131e-05 0)
(0.696665 -1.9123e-05 0)
(0.696672 -0.000110457 0)
(0.696665 -0.000228416 0)
(0.696643 -0.000383482 0)
(0.696599 -0.000589749 0)
(0.696525 -0.000866238 0)
(0.696412 -0.00123865 0)
(0.696243 -0.00174174 0)
(0.695999 -0.00242254 0)
(0.695651 -0.00334462 0)
(0.69516 -0.00459388 0)
(0.694468 -0.00628624 0)
(0.693496 -0.00857786 0)
(0.692129 -0.0116786 0)
(0.690199 -0.0158698 0)
(0.687463 -0.0215263 0)
(0.683557 -0.0291452 0)
(0.677937 -0.0393789 0)
(0.669779 -0.0530721 0)
(0.657819 -0.0712945 0)
(0.640113 -0.0953549 0)
(0.613666 -0.126756 0)
(0.573838 -0.16703 0)
(0.513692 -0.217066 0)
(0.421767 -0.274916 0)
(0.28706 -0.321356 0)
(0.0740062 -0.271162 0)
(0.576342 0.000429386 0)
(0.576768 0.000968908 0)
(0.576943 0.00111738 0)
(0.576665 0.00109231 0)
(0.576489 0.00102353 0)
(0.576494 0.000926945 0)
(0.576567 0.000812501 0)
(0.576657 0.000700175 0)
(0.576759 0.000600871 0)
(0.576868 0.000515605 0)
(0.576976 0.000442629 0)
(0.57708 0.000380251 0)
(0.577175 0.000326702 0)
(0.577263 0.000280014 0)
(0.577343 0.000238212 0)
(0.577413 0.000199369 0)
(0.577475 0.000161524 0)
(0.577526 0.00012254 0)
(0.577567 7.99503e-05 0)
(0.577596 3.07642e-05 0)
(0.57761 -2.87882e-05 0)
(0.577605 -0.000103584 0)
(0.577577 -0.000200051 0)
(0.577518 -0.000326741 0)
(0.577419 -0.000495119 0)
(0.577265 -0.00072059 0)
(0.577039 -0.0010239 0)
(0.576713 -0.00143295 0)
(0.576254 -0.00198531 0)
(0.575612 -0.00273134 0)
(0.57472 -0.00373849 0)
(0.573488 -0.00509662 0)
(0.571789 -0.0069249 0)
(0.569448 -0.00938017 0)
(0.566224 -0.012667 0)
(0.561779 -0.0170484 0)
(0.555643 -0.0228573 0)
(0.547156 -0.030503 0)
(0.535393 -0.0404708 0)
(0.519056 -0.0533006 0)
(0.496339 -0.0695306 0)
(0.464761 -0.0895751 0)
(0.420983 -0.113488 0)
(0.360684 -0.140333 0)
(0.278155 -0.16628 0)
(0.171975 -0.1763 0)
(0.037113 -0.127594 0)
(0.436131 0.000775537 0)
(0.436602 0.00140159 0)
(0.436884 0.00135289 0)
(0.436829 0.00115472 0)
(0.436918 0.000974573 0)
(0.43715 0.000806568 0)
(0.437402 0.000653991 0)
(0.437633 0.000529286 0)
(0.437843 0.000432656 0)
(0.438032 0.000357353 0)
(0.4382 0.000297535 0)
(0.438346 0.000249357 0)
(0.438474 0.000209898 0)
(0.438585 0.000176727 0)
(0.438681 0.000147837 0)
(0.438764 0.000121529 0)
(0.438832 9.62347e-05 0)
(0.438888 7.03657e-05 0)
(0.438929 4.21699e-05 0)
(0.438954 9.584e-06 0)
(0.43896 -2.99538e-05 0)
(0.438943 -7.97292e-05 0)
(0.438897 -0.00014405 0)
(0.438812 -0.00022863 0)
(0.438677 -0.000341105 0)
(0.438474 -0.000491701 0)
(0.438181 -0.00069414 0)
(0.437766 -0.000966798 0)
(0.437186 -0.00133424 0)
(0.436382 -0.00182916 0)
(0.435277 -0.00249488 0)
(0.433762 -0.00338832 0)
(0.431693 -0.0045836 0)
(0.428875 -0.00617601 0)
(0.425045 -0.00828581 0)
(0.419849 -0.0110612 0)
(0.412816 -0.0146786 0)
(0.403322 -0.0193367 0)
(0.390546 -0.0252415 0)
(0.37343 -0.0325731 0)
(0.350643 -0.0414298 0)
(0.320571 -0.0517374 0)
(0.281368 -0.0630999 0)
(0.231083 -0.0744199 0)
(0.168031 -0.0827549 0)
(0.0952376 -0.0796662 0)
(0.0173947 -0.0495743 0)
(0.275933 0.00124609 0)
(0.27685 0.00169919 0)
(0.277639 0.00126561 0)
(0.27806 0.000879054 0)
(0.278478 0.0006392 0)
(0.278895 0.000469258 0)
(0.279246 0.000344689 0)
(0.279528 0.000259211 0)
(0.279759 0.000201332 0)
(0.27995 0.000160264 0)
(0.280109 0.000129738 0)
(0.280242 0.000106376 0)
(0.280355 8.79623e-05 0)
(0.280449 7.28813e-05 0)
(0.280529 5.99531e-05 0)
(0.280596 4.82618e-05 0)
(0.28065 3.70127e-05 0)
(0.280691 2.54265e-05 0)
(0.28072 1.26645e-05 0)
(0.280734 -2.25451e-06 0)
(0.280731 -2.05368e-05 0)
(0.280707 -4.37304e-05 0)
(0.280656 -7.38622e-05 0)
(0.280569 -0.000113622 0)
(0.280436 -0.000166593 0)
(0.280241 -0.000237566 0)
(0.279963 -0.000332938 0)
(0.279572 -0.000461235 0)
(0.279031 -0.000633771 0)
(0.278285 -0.000865465 0)
(0.277265 -0.00117583 0)
(0.275876 -0.00159008 0)
(0.273992 -0.00214031 0)
(0.271447 -0.00286652 0)
(0.268022 -0.00381711 0)
(0.263432 -0.00504818 0)
(0.257315 -0.00662064 0)
(0.249214 -0.00859361 0)
(0.238568 -0.0110123 0)
(0.224717 -0.0138888 0)
(0.206923 -0.0171759 0)
(0.18443 -0.0207342 0)
(0.156562 -0.0242818 0)
(0.122891 -0.0272421 0)
(0.0837758 -0.0282329 0)
(0.0430874 -0.0239045 0)
(0.00636338 -0.0117611 0)
(0.0975662 0.000646697 0)
(0.0994892 0.000550004 0)
(0.100639 0.000288911 0)
(0.101258 0.000167186 0)
(0.101677 0.000107768 0)
(0.101987 6.76998e-05 0)
(0.102208 4.26523e-05 0)
(0.102367 2.89412e-05 0)
(0.102486 2.11172e-05 0)
(0.10258 1.60146e-05 0)
(0.102655 1.24477e-05 0)
(0.102716 9.88254e-06 0)
(0.102766 7.9479e-06 0)
(0.102807 6.39036e-06 0)
(0.102841 5.04869e-06 0)
(0.102869 3.80819e-06 0)
(0.102891 2.56921e-06 0)
(0.102907 1.23294e-06 0)
(0.102917 -3.09828e-07 0)
(0.10292 -2.18813e-06 0)
(0.102914 -4.56226e-06 0)
(0.102898 -7.63915e-06 0)
(0.102868 -1.16942e-05 0)
(0.10282 -1.70931e-05 0)
(0.102749 -2.43229e-05 0)
(0.102646 -3.40315e-05 0)
(0.102501 -4.70794e-05 0)
(0.102299 -6.46025e-05 0)
(0.10202 -8.80901e-05 0)
(0.101638 -0.000119471 0)
(0.101118 -0.000161212 0)
(0.100414 -0.000216393 0)
(0.0994659 -0.000288766 0)
(0.098194 -0.000382702 0)
(0.0964983 -0.000502983 0)
(0.0942526 -0.000654299 0)
(0.0913027 -0.000840297 0)
(0.0874666 -0.00106201 0)
(0.0825392 -0.00131565 0)
(0.0763058 -0.0015899 0)
(0.0685666 -0.00186358 0)
(0.0591729 -0.00210428 0)
(0.0480688 -0.00226986 0)
(0.035354 -0.00230806 0)
(0.0216084 -0.00209337 0)
(0.00902092 -0.00109369 0)
(0.000332225 0.000170612 0)
(1.70842 0.772729 0)
(1.37576 0.303568 0)
(1.07358 0.0800819 0)
(0.98796 0.00391265 0)
(0.984078 -0.0184983 0)
(0.9621 -0.0527052 0)
(2.49653 0.529597 0)
(2.61784 0.316099 0)
(2.58279 0.19559 0)
(2.52811 0.127999 0)
(2.48237 0.0841312 0)
(2.42809 0.0539736 0)
(2.54749 0.128648 0)
(2.82453 0.0820623 0)
(2.95951 0.0668559 0)
(3.01543 0.0647086 0)
(3.03877 0.0668737 0)
(3.03604 0.0736876 0)
(2.55401 -0.100817 0)
(2.83348 -0.0385581 0)
(2.97308 -0.00393537 0)
(3.0372 0.0225383 0)
(3.07399 0.0517958 0)
(3.09001 0.0866769 0)
(2.52111 -0.508617 0)
(2.65703 -0.282342 0)
(2.64534 -0.14932 0)
(2.62347 -0.0667303 0)
(2.61938 -0.000834054 0)
(2.61761 0.0619795 0)
(1.74141 -0.777322 0)
(1.42816 -0.304787 0)
(1.14891 -0.0747686 0)
(1.09383 0.010859 0)
(1.13766 0.0440063 0)
(1.17579 0.0972748 0)
(-0.00152768 0.00140265 0)
(-0.0121038 0.0030991 0)
(-0.0267004 0.00356228 0)
(-0.0417145 0.00331211 0)
(-0.0550964 0.00291682 0)
(-0.0665195 0.00250506 0)
(-0.0760836 0.00210936 0)
(-0.0839514 0.00173945 0)
(-0.0902934 0.00139818 0)
(-0.0952785 0.0010877 0)
(-0.0990722 0.000810209 0)
(-0.101836 0.000567342 0)
(-0.103727 0.000359782 0)
(-0.104897 0.000187324 0)
(-0.105486 4.8941e-05 0)
(-0.105631 -5.69589e-05 0)
(-0.105454 -0.000132428 0)
(-0.105069 -0.000179837 0)
(-0.104577 -0.00020202 0)
(-0.104068 -0.000202091 0)
(-0.103616 -0.000183301 0)
(-0.103284 -0.00014897 0)
(-0.10312 -0.000102312 0)
(-0.10316 -4.63416e-05 0)
(-0.103428 1.62324e-05 0)
(-0.103937 8.29748e-05 0)
(-0.104693 0.000151871 0)
(-0.105692 0.000221288 0)
(-0.106925 0.000290007 0)
(-0.10838 0.000357094 0)
(-0.110037 0.000421911 0)
(-0.111877 0.000484055 0)
(-0.113874 0.000543323 0)
(-0.116002 0.000599651 0)
(-0.11823 0.000652879 0)
(-0.12052 0.000702531 0)
(-0.122824 0.000747029 0)
(-0.125076 0.000783004 0)
(-0.127185 0.000803664 0)
(-0.129017 0.000796392 0)
(-0.130367 0.000736011 0)
(-0.130934 0.000586448 0)
(-0.130401 0.00032843 0)
(-0.128474 -3.82444e-05 0)
(-0.124157 -0.00076527 0)
(-0.115062 -0.00260119 0)
(-0.103304 -0.00525836 0)
(-0.00523783 0.0136231 0)
(-0.0338901 0.0266348 0)
(-0.06816 0.0296764 0)
(-0.101529 0.0276932 0)
(-0.130627 0.0241447 0)
(-0.15511 0.0203958 0)
(-0.175335 0.0168797 0)
(-0.191789 0.0137066 0)
(-0.204963 0.0108904 0)
(-0.215312 0.00842129 0)
(-0.22325 0.0062856 0)
(-0.229151 0.00446817 0)
(-0.233357 0.00295254 0)
(-0.236179 0.00172095 0)
(-0.2379 0.000754487 0)
(-0.23878 3.31518e-05 0)
(-0.239054 -0.000464046 0)
(-0.238933 -0.000759393 0)
(-0.238605 -0.000876265 0)
(-0.238234 -0.00083921 0)
(-0.237957 -0.000673436 0)
(-0.237887 -0.000404291 0)
(-0.238109 -5.63901e-05 0)
(-0.238685 0.000347129 0)
(-0.239651 0.000785275 0)
(-0.241023 0.00123951 0)
(-0.242799 0.00169411 0)
(-0.244957 0.00213598 0)
(-0.247466 0.00255442 0)
(-0.250281 0.00294043 0)
(-0.253345 0.00328648 0)
(-0.256593 0.00358581 0)
(-0.259953 0.00383191 0)
(-0.263339 0.00401702 0)
(-0.266655 0.00413032 0)
(-0.26979 0.00415477 0)
(-0.272606 0.00406308 0)
(-0.274934 0.00381232 0)
(-0.276558 0.00333777 0)
(-0.2772 0.00254537 0)
(-0.276488 0.00130675 0)
(-0.273955 -0.000524658 0)
(-0.269191 -0.00307452 0)
(-0.261868 -0.00648346 0)
(-0.250845 -0.0110742 0)
(-0.234348 -0.0167614 0)
(-0.218571 -0.0210515 0)
(-0.00855725 0.0376017 0)
(-0.0507725 0.0660286 0)
(-0.09568 0.0698947 0)
(-0.136672 0.0636783 0)
(-0.171181 0.0547115 0)
(-0.199664 0.0457094 0)
(-0.222949 0.037516 0)
(-0.241859 0.0303104 0)
(-0.257123 0.0240618 0)
(-0.269349 0.0186913 0)
(-0.279042 0.0141196 0)
(-0.286629 0.0102766 0)
(-0.292472 0.00709996 0)
(-0.296884 0.00453395 0)
(-0.300146 0.00252709 0)
(-0.302506 0.00103065 0)
(-0.304191 -3.07595e-06 0)
(-0.305404 -0.000622338 0)
(-0.306327 -0.000876913 0)
(-0.30712 -0.000818367 0)
(-0.307918 -0.000499898 0)
(-0.30883 2.47187e-05 0)
(-0.309939 0.000702499 0)
(-0.311298 0.00148289 0)
(-0.312935 0.00231931 0)
(-0.314854 0.00317034 0)
(-0.317034 0.00400007 0)
(-0.319436 0.004778 0)
(-0.322001 0.00547816 0)
(-0.324657 0.00607814 0)
(-0.327317 0.00655796 0)
(-0.329878 0.00689923 0)
(-0.332227 0.00708342 0)
(-0.334239 0.00708929 0)
(-0.335772 0.00688897 0)
(-0.336669 0.00644276 0)
(-0.336753 0.00569256 0)
(-0.335821 0.00455437 0)
(-0.333641 0.00291255 0)
(-0.32995 0.000618409 0)
(-0.324445 -0.00250829 0)
(-0.316792 -0.00665633 0)
(-0.306782 -0.0119565 0)
(-0.294463 -0.0183571 0)
(-0.279201 -0.0255434 0)
(-0.259333 -0.0328202 0)
(-0.241257 -0.037876 0)
(-0.0110426 0.0712015 0)
(-0.0595745 0.113966 0)
(-0.102887 0.11419 0)
(-0.138485 0.101051 0)
(-0.166989 0.0854537 0)
(-0.190148 0.070773 0)
(-0.209205 0.0579121 0)
(-0.225123 0.0469245 0)
(-0.238622 0.0376043 0)
(-0.250212 0.0297186 0)
(-0.26025 0.023072 0)
(-0.26899 0.0175095 0)
(-0.276621 0.0129086 0)
(-0.283288 0.00917028 0)
(-0.289112 0.00621258 0)
(-0.294199 0.00396435 0)
(-0.298651 0.00235994 0)
(-0.302567 0.00133473 0)
(-0.306043 0.00082191 0)
(-0.30917 0.000750841 0)
(-0.312032 0.00104664 0)
(-0.314697 0.00163154 0)
(-0.317217 0.00242685 0)
(-0.319626 0.00335586 0)
(-0.321932 0.00434626 0)
(-0.324123 0.00533256 0)
(-0.326166 0.00625691 0)
(-0.328008 0.00706935 0)
(-0.329577 0.00772643 0)
(-0.330787 0.00818971 0)
(-0.331537 0.00842417 0)
(-0.331709 0.00839758 0)
(-0.331177 0.00807828 0)
(-0.3298 0.00743207 0)
(-0.327432 0.00641742 0)
(-0.323918 0.00498024 0)
(-0.319099 0.00304806 0)
(-0.312812 0.000524006 0)
(-0.304909 -0.00271801 0)
(-0.295258 -0.00682797 0)
(-0.283738 -0.0119677 0)
(-0.270265 -0.0182932 0)
(-0.254904 -0.0258861 0)
(-0.238001 -0.0345167 0)
(-0.219322 -0.0433315 0)
(-0.196841 -0.0512642 0)
(-0.175603 -0.0570193 0)
(-0.0126225 0.111742 0)
(-0.0543596 0.157901 0)
(-0.0770106 0.146925 0)
(-0.0900454 0.125851 0)
(-0.0998212 0.105215 0)
(-0.108621 0.087055 0)
(-0.117196 0.0718097 0)
(-0.126028 0.0592092 0)
(-0.135365 0.0487515 0)
(-0.145243 0.0399999 0)
(-0.15557 0.0326354 0)
(-0.16619 0.0264273 0)
(-0.176918 0.0212088 0)
(-0.187558 0.0168603 0)
(-0.197925 0.0132959 0)
(-0.207856 0.0104484 0)
(-0.217221 0.00826151 0)
(-0.225925 0.00668218 0)
(-0.233905 0.00565346 0)
(-0.241127 0.00511002 0)
(-0.24758 0.00497663 0)
(-0.253267 0.00516891 0)
(-0.258196 0.00559633 0)
(-0.262372 0.006166 0)
(-0.265791 0.00678726 0)
(-0.268439 0.00737524 0)
(-0.270283 0.00785362 0)
(-0.27128 0.00815518 0)
(-0.27137 0.00822087 0)
(-0.270481 0.00799712 0)
(-0.268528 0.00743487 0)
(-0.265413 0.00648977 0)
(-0.261029 0.00512063 0)
(-0.255265 0.00328689 0)
(-0.24801 0.000945107 0)
(-0.239157 -0.00195627 0)
(-0.228614 -0.00548089 0)
(-0.216309 -0.00970722 0)
(-0.202198 -0.01473 0)
(-0.186284 -0.0206542 0)
(-0.168631 -0.0275735 0)
(-0.149372 -0.035556 0)
(-0.128778 -0.0446051 0)
(-0.107327 -0.0544554 0)
(-0.0852366 -0.0641569 0)
(-0.0606194 -0.0724747 0)
(-0.0340133 -0.0799328 0)
(-0.00209991 0.138716 0)
(-0.00822198 0.172441 0)
(0.019464 0.147024 0)
(0.0485902 0.123611 0)
(0.0681396 0.104626 0)
(0.0790733 0.0886768 0)
(0.0834055 0.0757641 0)
(0.0821864 0.0655159 0)
(0.0762262 0.057212 0)
(0.0663626 0.0502646 0)
(0.0534056 0.0443005 0)
(0.0381086 0.0390774 0)
(0.0211744 0.0344347 0)
(0.0032534 0.0302765 0)
(-0.0150669 0.0265561 0)
(-0.0332652 0.0232585 0)
(-0.0508996 0.0203842 0)
(-0.0676086 0.017937 0)
(-0.0831114 0.0159131 0)
(-0.0972027 0.0142927 0)
(-0.109743 0.0130364 0)
(-0.120648 0.0120844 0)
(-0.129873 0.0113595 0)
(-0.137399 0.0107727 0)
(-0.143225 0.0102296 0)
(-0.147351 0.00963688 0)
(-0.149778 0.00890728 0)
(-0.1505 0.00796243 0)
(-0.149506 0.0067326 0)
(-0.146775 0.00515314 0)
(-0.142278 0.00316333 0)
(-0.135976 0.000709215 0)
(-0.127826 -0.00225395 0)
(-0.117783 -0.00576519 0)
(-0.10581 -0.00986028 0)
(-0.0918803 -0.0145757 0)
(-0.0759874 -0.0199512 0)
(-0.058155 -0.0260311 0)
(-0.0384487 -0.032861 0)
(-0.0169866 -0.0404795 0)
(0.00602844 -0.0488976 0)
(0.030316 -0.0580905 0)
(0.0555023 -0.0679619 0)
(0.0810897 -0.0782251 0)
(0.106698 -0.0881826 0)
(0.132601 -0.0966968 0)
(0.164716 -0.105584 0)
(0.147544 0.0803166 0)
(0.221414 0.106646 0)
(0.305058 0.0954631 0)
(0.37405 0.0859566 0)
(0.416118 0.0804117 0)
(0.43799 0.075854 0)
(0.446274 0.0719265 0)
(0.44414 0.0688878 0)
(0.43352 0.0664935 0)
(0.416129 0.0643224 0)
(0.393488 0.0620791 0)
(0.366915 0.0595998 0)
(0.337575 0.056801 0)
(0.306531 0.0536611 0)
(0.274744 0.0502142 0)
(0.243074 0.0465384 0)
(0.212263 0.0427367 0)
(0.182938 0.0389175 0)
(0.155608 0.0351793 0)
(0.13066 0.031598 0)
(0.108374 0.0282179 0)
(0.0889305 0.0250482 0)
(0.0724261 0.0220642 0)
(0.0588936 0.0192129 0)
(0.0483184 0.0164216 0)
(0.0406552 0.0136068 0)
(0.0358416 0.010683 0)
(0.0338074 0.00756974 0)
(0.0344787 0.00419368 0)
(0.0377846 0.000485066 0)
(0.04366 -0.00362686 0)
(0.0520413 -0.00820111 0)
(0.0628707 -0.0132851 0)
(0.0760904 -0.0189132 0)
(0.0916353 -0.0251109 0)
(0.109426 -0.0318963 0)
(0.129362 -0.0392816 0)
(0.15131 -0.047273 0)
(0.175096 -0.0558664 0)
(0.200497 -0.0650384 0)
(0.227226 -0.0747369 0)
(0.254937 -0.0848593 0)
(0.283214 -0.0952177 0)
(0.311563 -0.105485 0)
(0.339685 -0.115167 0)
(0.366292 -0.123405 0)
(0.401076 -0.132029 0)
(1.01229 -0.0721332 0)
(1.023 -0.0386348 0)
(1.04089 -0.00504191 0)
(1.06146 0.0208346 0)
(1.06907 0.0412309 0)
(1.06191 0.0571432 0)
(1.0434 0.0692832 0)
(1.01583 0.0785933 0)
(0.9806 0.0857037 0)
(0.939128 0.0908481 0)
(0.892867 0.0941113 0)
(0.843154 0.0955766 0)
(0.791208 0.0953494 0)
(0.738168 0.093562 0)
(0.685096 0.0903834 0)
(0.632974 0.0860204 0)
(0.582684 0.0807074 0)
(0.534993 0.0746895 0)
(0.490547 0.0682036 0)
(0.449859 0.0614616 0)
(0.41331 0.0546356 0)
(0.381149 0.0478487 0)
(0.353509 0.0411723 0)
(0.330424 0.0346295 0)
(0.311844 0.0282028 0)
(0.297659 0.0218456 0)
(0.287718 0.0154937 0)
(0.281844 0.00907625 0)
(0.279847 0.00252395 0)
(0.281533 -0.00423031 0)
(0.286702 -0.0112575 0)
(0.295152 -0.0186276 0)
(0.306686 -0.0263919 0)
(0.32111 -0.0345815 0)
(0.338227 -0.043212 0)
(0.357828 -0.0522852 0)
(0.379688 -0.0617893 0)
(0.403557 -0.071697 0)
(0.429155 -0.0819625 0)
(0.456164 -0.0925132 0)
(0.484226 -0.10324 0)
(0.512938 -0.113983 0)
(0.541871 -0.124509 0)
(0.570529 -0.134487 0)
(0.598781 -0.14351 0)
(0.624381 -0.150941 0)
(0.658638 -0.157916 0)
(2.35458 0.0364523 0)
(2.26554 0.0402956 0)
(2.18014 0.0548685 0)
(2.10268 0.0718611 0)
(2.02701 0.0892555 0)
(1.9497 0.106121 0)
(1.87075 0.121375 0)
(1.79045 0.134437 0)
(1.70871 0.145125 0)
(1.62563 0.153317 0)
(1.54161 0.158905 0)
(1.45723 0.161848 0)
(1.37315 0.162191 0)
(1.29012 0.160045 0)
(1.20894 0.155591 0)
(1.13042 0.149073 0)
(1.05536 0.140793 0)
(0.984515 0.131089 0)
(0.918529 0.120312 0)
(0.857952 0.108801 0)
(0.803201 0.0968641 0)
(0.754558 0.0847574 0)
(0.712169 0.0726761 0)
(0.676054 0.0607506 0)
(0.646122 0.0490512 0)
(0.622194 0.0375971 0)
(0.604021 0.0263693 0)
(0.591308 0.0153234 0)
(0.583731 0.0044012 0)
(0.580949 -0.00645494 0)
(0.58263 -0.0173039 0)
(0.588399 -0.028214 0)
(0.597898 -0.0392461 0)
(0.610772 -0.0504349 0)
(0.62667 -0.0617914 0)
(0.645235 -0.0733069 0)
(0.666106 -0.0849537 0)
(0.688909 -0.0966832 0)
(0.713257 -0.108422 0)
(0.738743 -0.120068 0)
(0.764943 -0.131482 0)
(0.791413 -0.142478 0)
(0.817723 -0.152813 0)
(0.843386 -0.162185 0)
(0.868352 -0.170204 0)
(0.890296 -0.176569 0)
(0.919465 -0.18107 0)
(3.00322 0.0878047 0)
(2.94654 0.110395 0)
(2.87924 0.135913 0)
(2.80837 0.160271 0)
(2.73333 0.182595 0)
(2.65271 0.202644 0)
(2.56693 0.220051 0)
(2.47682 0.234622 4.27174e-35)
(2.38288 0.246292 0)
(2.28553 0.254953 0)
(2.18546 0.260463 0)
(2.08354 0.262707 0)
(1.98071 0.261643 3.96574e-35)
(1.87803 0.257315 0)
(1.7766 0.249862 0)
(1.67753 0.239525 0)
(1.58193 0.226636 0)
(1.49081 0.2116 0)
(1.4051 0.194866 0)
(1.32557 0.176895 0)
(1.25284 0.158131 0)
(1.18733 0.138975 0)
(1.1293 0.119761 3.795e-35)
(1.07885 0.100751 0)
(1.03592 0.0821292 0)
(1.00031 0.0640085 0)
(0.971727 0.0464403 0)
(0.949792 0.029429 0)
(0.934076 0.0129449 0)
(0.924093 -0.00306387 0)
(0.91941 -0.0186453 0)
(0.91951 -0.0338365 0)
(0.923869 -0.0486982 0)
(0.931978 -0.0632773 0)
(0.943332 -0.0775923 0)
(0.957432 -0.0916359 0)
(0.973785 -0.105378 0)
(0.991904 -0.118765 -2.00871e-35)
(1.01131 -0.131716 0)
(1.03152 -0.144124 0)
(1.05207 -0.155844 0)
(1.0725 -0.166698 -1.1474e-35)
(1.09238 -0.176458 0)
(1.1113 -0.184884 0)
(1.12913 -0.191585 0)
(1.14436 -0.19667 0)
(1.16334 -0.198332 0)
(3.07999 0.126207 0)
(3.04877 0.161492 0)
(3.01024 0.191789 0)
(2.97189 0.220119 0)
(2.93223 0.247314 0)
(2.88845 0.272806 0)
(2.83965 0.296082 0)
(2.78545 0.316765 -3.85601e-35)
(2.72519 0.334414 0)
(2.65838 0.348555 0)
(2.58498 0.358757 0)
(2.50536 0.364679 0)
(2.42025 0.366092 -3.38107e-35)
(2.33065 0.362907 0)
(2.23784 0.355187 0)
(2.14325 0.343161 0)
(2.04845 0.327208 0)
(1.95499 0.307838 0)
(1.86437 0.285651 0)
(1.77792 0.261297 0)
(1.69681 0.235428 0)
(1.62194 0.208662 0)
(1.55398 0.181546 -3.08216e-35)
(1.49338 0.154539 0)
(1.44031 0.127998 0)
(1.39479 0.102185 0)
(1.35662 0.0772691 0)
(1.3255 0.0533429 0)
(1.301 0.0304397 0)
(1.28263 0.00854371 0)
(1.26979 -0.0123898 0)
(1.262 -0.0323816 0)
(1.25865 -0.0514561 0)
(1.2591 -0.0696581 0)
(1.26277 -0.0870199 0)
(1.26905 -0.10355 0)
(1.27736 -0.119233 0)
(1.28716 -0.13403 1.73329e-35)
(1.29791 -0.147878 0)
(1.3091 -0.160686 0)
(1.32026 -0.172336 0)
(1.33097 -0.182684 1.01409e-35)
(1.34083 -0.191545 0)
(1.34955 -0.198757 0)
(1.35681 -0.203952 0)
(1.36259 -0.207598 0)
(1.3671 -0.206552 0)
(2.60526 0.128434 0)
(2.58078 0.175206 0)
(2.56689 0.208601 0)
(2.56916 0.238587 0)
(2.57891 0.267589 0)
(2.58972 0.295589 0)
(2.59925 0.322681 0)
(2.60566 0.348655 0)
(2.60677 0.372856 0)
(2.60073 0.394454 0)
(2.58629 0.412607 0)
(2.56273 0.426513 0)
(2.52976 0.435469 0)
(2.48761 0.438941 0)
(2.43696 0.43662 0)
(2.37893 0.428451 0)
(2.31496 0.414641 0)
(2.24673 0.395639 0)
(2.17605 0.372092 0)
(2.10469 0.344791 0)
(2.03435 0.314598 0)
(1.96651 0.282389 0)
(1.90244 0.248991 0)
(1.84309 0.21514 0)
(1.78916 0.181459 0)
(1.74107 0.148442 0)
(1.69898 0.116456 0)
(1.66285 0.0857557 0)
(1.63246 0.0564977 0)
(1.60748 0.0287633 0)
(1.58742 0.00256237 0)
(1.57176 -0.0221244 0)
(1.55999 -0.0452919 0)
(1.55152 -0.0669549 0)
(1.54577 -0.0871434 0)
(1.54215 -0.105882 0)
(1.5401 -0.123183 0)
(1.53907 -0.139037 0)
(1.53856 -0.153417 0)
(1.53811 -0.166276 0)
(1.53733 -0.177542 0)
(1.53585 -0.187127 0)
(1.53336 -0.194913 0)
(1.52976 -0.200815 0)
(1.52446 -0.204536 0)
(1.51929 -0.206726 0)
(1.50729 -0.203615 0)
(1.31165 0.172027 0)
(1.39977 0.186031 0)
(1.49925 0.193763 0)
(1.61139 0.208036 0)
(1.71841 0.227862 0)
(1.81605 0.252089 0)
(1.90622 0.279755 0)
(1.98948 0.309455 0)
(2.065 0.339726 0)
(2.13171 0.36926 0)
(2.18867 0.396809 0)
(2.235 0.42113 0)
(2.26996 0.441034 0)
(2.29308 0.455473 0)
(2.30433 0.463624 0)
(2.30407 0.464959 0)
(2.29315 0.459285 0)
(2.27276 0.446756 0)
(2.24441 0.427849 0)
(2.2098 0.403306 0)
(2.1707 0.374064 0)
(2.12885 0.341164 0)
(2.08584 0.305669 0)
(2.04307 0.268596 0)
(2.00168 0.230858 0)
(1.96255 0.193234 0)
(1.92627 0.156356 0)
(1.89322 0.120704 0)
(1.86354 0.086627 0)
(1.83718 0.0543574 0)
(1.81398 0.0240348 0)
(1.79357 -0.00429566 0)
(1.77561 -0.0306149 0)
(1.75971 -0.0549082 0)
(1.74543 -0.077185 0)
(1.73233 -0.0974717 0)
(1.71999 -0.1158 0)
(1.70799 -0.132197 0)
(1.69597 -0.14668 0)
(1.6836 -0.15925 0)
(1.6706 -0.169897 0)
(1.65677 -0.178596 0)
(1.64189 -0.185302 0)
(1.62607 -0.189999 0)
(1.60853 -0.192503 0)
(1.59276 -0.193421 0)
(1.56525 -0.18926 0)
(0.212457 -0.052271 0)
(0.356142 -0.0518484 0)
(0.521994 -0.00795416 0)
(0.688348 0.035869 0)
(0.836762 0.0753091 0)
(0.971961 0.114279 0)
(1.09997 0.154028 0)
(1.22283 0.194121 0)
(1.34057 0.234058 0)
(1.45266 0.273339 0)
(1.55826 0.311204 0)
(1.65623 0.346607 0)
(1.74532 0.378342 0)
(1.82435 0.405174 0)
(1.8924 0.425959 0)
(1.94886 0.439771 0)
(1.99355 0.44599 0)
(2.02671 0.44437 0)
(2.04898 0.435058 0)
(2.06134 0.418564 0)
(2.06505 0.395702 0)
(2.06148 0.367506 0)
(2.05208 0.335128 0)
(2.03822 0.299752 0)
(2.02117 0.26251 0)
(2.00203 0.224428 0)
(1.98168 0.186385 0)
(1.96082 0.149102 0)
(1.93993 0.113139 0)
(1.91932 0.0789113 0)
(1.89913 0.0467094 0)
(1.8794 0.0167155 0)
(1.86001 -0.0109951 0)
(1.8408 -0.0363789 0)
(1.82162 -0.0594271 0)
(1.80228 -0.0801578 0)
(1.78257 -0.0986095 0)
(1.76233 -0.114832 0)
(1.74137 -0.128875 0)
(1.71957 -0.140787 0)
(1.69683 -0.150606 0)
(1.67311 -0.158365 0)
(1.64834 -0.164084 0)
(1.62281 -0.167793 0)
(1.59566 -0.169445 0)
(1.57152 -0.169418 0)
(1.53231 -0.165305 0)
(-0.000349133 -0.171624 0)
(0.0181941 -0.195163 0)
(0.0932911 -0.144623 0)
(0.185012 -0.0975506 0)
(0.278011 -0.0553787 0)
(0.372956 -0.0138566 0)
(0.472243 0.0275091 0)
(0.576244 0.0687762 0)
(0.684079 0.110291 0)
(0.794589 0.152161 0)
(0.906402 0.193956 0)
(1.01789 0.234809 0)
(1.12725 0.273558 0)
(1.23265 0.308878 0)
(1.33233 0.339413 0)
(1.42472 0.363919 0)
(1.50857 0.381389 0)
(1.58297 0.391159 0)
(1.64742 0.392963 0)
(1.70181 0.38695 0)
(1.74639 0.373649 0)
(1.78171 0.353898 0)
(1.80854 0.328752 0)
(1.82776 0.299385 0)
(1.84031 0.266994 0)
(1.84713 0.232724 0)
(1.84908 0.197606 0)
(1.84692 0.162531 0)
(1.84129 0.128225 0)
(1.83273 0.0952592 0)
(1.82166 0.0640598 0)
(1.80838 0.0349268 0)
(1.79311 0.00805147 0)
(1.77601 -0.0164787 0)
(1.75714 -0.03863 0)
(1.73658 -0.0584095 0)
(1.7144 -0.0758516 0)
(1.69065 -0.0910105 0)
(1.66539 -0.103951 0)
(1.63868 -0.114744 0)
(1.61061 -0.123459 0)
(1.58129 -0.130163 0)
(1.55081 -0.134927 0)
(1.51959 -0.137811 0)
(1.48685 -0.138901 0)
(1.45768 -0.138269 0)
(1.41212 -0.135067 0)
(-0.014278 -0.1438 0)
(-0.0551917 -0.196393 0)
(-0.0624764 -0.176324 0)
(-0.0480292 -0.144707 0)
(-0.0201079 -0.112721 0)
(0.0188504 -0.0810784 0)
(0.0684003 -0.0495555 0)
(0.127899 -0.0174514 0)
(0.197097 0.0160749 0)
(0.275386 0.0513995 0)
(0.361689 0.0882972 0)
(0.454622 0.126142 0)
(0.552525 0.163927 0)
(0.653546 0.200362 0)
(0.755721 0.234029 0)
(0.85706 0.263526 0)
(0.955649 0.287595 0)
(1.04975 0.305239 0)
(1.13791 0.315816 0)
(1.21898 0.319091 0)
(1.29217 0.315232 0)
(1.35702 0.304759 0)
(1.41337 0.288478 0)
(1.46132 0.267384 0)
(1.50117 0.242567 0)
(1.53337 0.215125 0)
(1.55842 0.186098 0)
(1.5769 0.156418 0)
(1.58936 0.126878 0)
(1.59635 0.0981295 0)
(1.59838 0.0706768 0)
(1.5959 0.0448954 0)
(1.58933 0.0210453 0)
(1.57904 -0.000709303 0)
(1.56534 -0.0202925 0)
(1.54849 -0.0376923 0)
(1.52876 -0.0529299 0)
(1.50639 -0.0660484 0)
(1.48162 -0.0771084 0)
(1.45467 -0.086183 0)
(1.42579 -0.0933559 0)
(1.39524 -0.0987172 0)
(1.36328 -0.102373 0)
(1.33041 -0.10441 0)
(1.29613 -0.105034 0)
(1.26524 -0.104058 0)
(1.21868 -0.102287 0)
(-0.0136716 -0.0958265 0)
(-0.0714474 -0.150825 0)
(-0.118441 -0.151293 0)
(-0.151281 -0.136104 0)
(-0.170512 -0.117609 0)
(-0.17751 -0.098456 0)
(-0.172818 -0.0787658 0)
(-0.156763 -0.0580099 0)
(-0.129485 -0.0355386 0)
(-0.0910871 -0.0108574 0)
(-0.0416698 0.0161967 0)
(0.0181985 0.0453524 0)
(0.0875649 0.0758512 0)
(0.165199 0.106685 0)
(0.249639 0.136657 0)
(0.339137 0.164491 0)
(0.431756 0.188951 0)
(0.525487 0.208922 0)
(0.618409 0.223547 0)
(0.708759 0.232323 0)
(0.79498 0.235102 0)
(0.87578 0.232076 0)
(0.950168 0.223743 0)
(1.01744 0.210819 0)
(1.07716 0.19416 0)
(1.12913 0.174681 0)
(1.17335 0.153286 0)
(1.20999 0.130817 0)
(1.2393 0.10802 0)
(1.26166 0.0855223 0)
(1.27745 0.0638327 0)
(1.2871 0.0433413 0)
(1.29105 0.0243308 0)
(1.28974 0.00699488 0)
(1.28362 -0.00854723 0)
(1.27309 -0.0222523 0)
(1.25853 -0.0341208 0)
(1.24032 -0.0441838 0)
(1.21886 -0.052498 0)
(1.19454 -0.0591419 0)
(1.16777 -0.0642126 0)
(1.13897 -0.0678216 0)
(1.10856 -0.0701043 0)
(1.07713 -0.0711809 0)
(1.04454 -0.0713369 0)
(1.01471 -0.0702768 0)
(0.971728 -0.070259 0)
(-0.0116134 -0.0530329 0)
(-0.0670257 -0.0917569 0)
(-0.12508 -0.0987926 0)
(-0.177584 -0.0944238 0)
(-0.221335 -0.0870353 0)
(-0.256268 -0.07881 0)
(-0.282335 -0.0699091 0)
(-0.299308 -0.0599449 0)
(-0.306773 -0.0484064 0)
(-0.304174 -0.0348431 0)
(-0.2909 -0.0189959 0)
(-0.26643 -0.000943646 0)
(-0.23079 0.0189735 0)
(-0.184343 0.0401385 0)
(-0.12771 0.061688 0)
(-0.0619719 0.0826523 0)
(0.0114674 0.102058 0)
(0.0908253 0.11896 0)
(0.174128 0.132543 0)
(0.25938 0.142235 0)
(0.344618 0.147682 0)
(0.428042 0.148817 0)
(0.508073 0.145892 0)
(0.58336 0.139346 0)
(0.652815 0.129758 0)
(0.715624 0.117784 0)
(0.771235 0.104102 0)
(0.819331 0.0893645 0)
(0.859798 0.0741655 0)
(0.892695 0.0590196 0)
(0.918215 0.0443524 0)
(0.93666 0.0304973 0)
(0.948416 0.0177001 0)
(0.953926 0.00612529 0)
(0.95369 -0.00411968 0)
(0.948233 -0.0129836 0)
(0.938086 -0.0204702 0)
(0.9238 -0.0266221 0)
(0.905938 -0.0315103 0)
(0.885067 -0.0352268 0)
(0.861748 -0.0378785 0)
(0.836534 -0.0395837 0)
(0.809936 -0.0404813 0)
(0.78255 -0.0407044 0)
(0.754519 -0.0405505 0)
(0.728419 -0.0398228 0)
(0.692884 -0.0417235 0)
(-0.0075888 -0.0200465 0)
(-0.0475835 -0.0383615 0)
(-0.0955594 -0.043816 0)
(-0.14378 -0.0438069 0)
(-0.188453 -0.0423688 0)
(-0.229027 -0.0406081 0)
(-0.265258 -0.0385944 0)
(-0.296722 -0.0361077 0)
(-0.322754 -0.0328399 0)
(-0.342456 -0.028468 0)
(-0.354761 -0.0227121 0)
(-0.358552 -0.0154086 0)
(-0.352799 -0.00657252 0)
(-0.336753 0.00355702 0)
(-0.310256 0.0145488 0)
(-0.27348 0.0258127 0)
(-0.22711 0.0367351 0)
(-0.172263 0.0467383 0)
(-0.110394 0.0552824 0)
(-0.043312 0.0619043 0)
(0.0270414 0.0663125 0)
(0.0986881 0.0683777 0)
(0.169726 0.0681096 0)
(0.238374 0.0656795 0)
(0.303122 0.0614157 0)
(0.362736 0.0557207 0)
(0.416276 0.0490038 0)
(0.463099 0.0416634 0)
(0.502837 0.034065 0)
(0.535369 0.0265265 0)
(0.560786 0.0193064 0)
(0.579357 0.0126018 0)
(0.591487 0.00654802 0)
(0.597686 0.00122436 0)
(0.598538 -0.0033272 0)
(0.594674 -0.00709973 0)
(0.586747 -0.0101264 0)
(0.57541 -0.0124636 0)
(0.561295 -0.0141815 0)
(0.544998 -0.0153557 0)
(0.527071 -0.0160651 0)
(0.508019 -0.0163905 0)
(0.488275 -0.0164259 0)
(0.468266 -0.0162714 0)
(0.448171 -0.0161587 0)
(0.428918 -0.0161166 0)
(0.403916 -0.0192665 0)
(-0.0023546 -0.00224808 0)
(-0.0175998 -0.00463356 0)
(-0.0386933 -0.00547394 0)
(-0.0614919 -0.00561714 0)
(-0.0838533 -0.00572532 0)
(-0.105558 -0.00586942 0)
(-0.126602 -0.00603395 0)
(-0.146842 -0.00618612 0)
(-0.165963 -0.0062772 0)
(-0.183469 -0.00624311 0)
(-0.198681 -0.00600853 0)
(-0.210768 -0.00549689 0)
(-0.218818 -0.0046454 0)
(-0.221932 -0.0034346 0)
(-0.219316 -0.00191082 0)
(-0.210508 -0.000154505 0)
(-0.195362 0.0017192 0)
(-0.174101 0.00357909 0)
(-0.147316 0.00528524 0)
(-0.115946 0.00670396 0)
(-0.0811766 0.00775877 0)
(-0.0443194 0.00841339 0)
(-0.00674235 0.00862117 0)
(0.03024 0.00836577 0)
(0.0654739 0.0077267 0)
(0.0979734 0.00682469 0)
(0.126972 0.00575626 0)
(0.15198 0.00460766 0)
(0.172751 0.00345586 0)
(0.189251 0.00236345 0)
(0.201616 0.00137534 0)
(0.210118 0.000519289 0)
(0.215123 -0.000192697 0)
(0.21705 -0.00076092 0)
(0.216336 -0.00119273 0)
(0.213433 -0.00150037 0)
(0.20877 -0.00170019 0)
(0.202746 -0.00181057 0)
(0.195715 -0.00184993 0)
(0.187988 -0.00183501 0)
(0.179828 -0.00178119 0)
(0.171452 -0.00170334 0)
(0.163026 -0.00162188 0)
(0.154683 -0.00155667 0)
(0.146427 -0.00155214 0)
(0.13785 -0.00162582 0)
(0.126311 -0.00389354 0)
)
;

boundaryField
{
    inlet
    {
        type            fixedProfile;
        profile         csvFile;
        profileCoeffs
        {
            nHeaderLine     0;
            refColumn       0;
            componentColumns 3(1 2 3);
            separator       ",";
            mergeSeparators 0;
            file            "0/Uprofile.csv";
        }
        direction       (0 1 0);
        origin          -1;
        value           nonuniform List<vector> 
20
(
(0.0975 0 0)
(0.2775 0 0)
(0.4375 0 0)
(0.5775 0 0)
(0.6975 0 0)
(0.7975 0 0)
(0.8775 0 0)
(0.9375 0 0)
(0.9775 0 0)
(0.9975 0 0)
(0.9975 0 0)
(0.9775 0 0)
(0.9375 0 0)
(0.8775 0 0)
(0.7975 0 0)
(0.6975 0 0)
(0.5775 0 0)
(0.4375 0 0)
(0.2775 0 0)
(0.0975 0 0)
)
;
    }
    outlet
    {
        type            zeroGradient;
    }
    upperWall
    {
        type            noSlip;
    }
    lowerWall
    {
        type            noSlip;
    }
    frontAndBack
    {
        type            empty;
    }
}


// ************************************************************************* //
