/*--------------------------------*- C++ -*----------------------------------*\
| =========                 |                                                 |
| \\      /  F ield         | OpenFOAM: The Open Source CFD Toolbox           |
|  \\    /   O peration     | Version:  2406                                  |
|   \\  /    A nd           | Website:  www.openfoam.com                      |
|    \\/     M anipulation  |                                                 |
\*---------------------------------------------------------------------------*/
FoamFile
{
    version     2.0;
    format      ascii;
    arch        "LSB;label=32;scalar=64";
    class       volVectorField;
    location    "88";
    object      U;
}
// * * * * * * * * * * * * * * * * * * * * * * * * * * * * * * * * * * * * * //

dimensions      [0 1 -1 0 0 0 0];

internalField   nonuniform List<vector> 
2000
(
(0.489389 -0.0025616 0)
(0.494047 -0.00388728 0)
(0.498822 -0.00317981 0)
(0.503046 -0.00227383 0)
(0.506545 -0.00163687 0)
(0.509441 -0.00118135 0)
(0.511844 -0.000833871 0)
(0.513821 -0.000581869 0)
(0.515443 -0.000411328 0)
(0.516787 -0.000297858 0)
(1.38541 -0.00241762 0)
(1.38419 -0.00489832 0)
(1.38389 -0.00531923 0)
(1.3839 -0.00498572 0)
(1.38435 -0.00452106 0)
(1.38519 -0.00401817 0)
(1.38626 -0.00349405 0)
(1.3874 -0.0029975 0)
(1.38855 -0.00256371 0)
(1.38968 -0.00219847 0)
(2.1861 -0.00132082 0)
(2.18552 -0.0029677 0)
(2.18502 -0.00354001 0)
(2.18411 -0.00361079 0)
(2.18331 -0.00354781 0)
(2.18285 -0.00341542 0)
(2.18264 -0.0032146 0)
(2.18257 -0.00297755 0)
(2.1826 -0.00273949 0)
(2.18272 -0.00251676 0)
(2.88646 -0.000770412 0)
(2.88626 -0.00198331 0)
(2.88605 -0.00266483 0)
(2.88528 -0.00295811 0)
(2.88445 -0.00306096 0)
(2.88383 -0.00305403 0)
(2.8834 -0.00296006 0)
(2.88305 -0.00280832 0)
(2.88276 -0.00263204 0)
(2.88252 -0.0024529 0)
(3.48664 -0.000505122 0)
(3.4866 -0.00139035 0)
(3.48658 -0.00198987 0)
(3.48602 -0.00230864 0)
(3.48528 -0.00245155 0)
(3.48469 -0.00249194 0)
(3.48422 -0.00245815 0)
(3.48382 -0.00237077 0)
(3.48344 -0.00225344 0)
(3.4831 -0.00212487 0)
(3.98675 -0.000347186 0)
(3.98678 -0.000981967 0)
(3.98687 -0.00146009 0)
(3.98645 -0.00175677 0)
(3.9858 -0.0019187 0)
(3.98524 -0.00199342 0)
(3.98478 -0.00200391 0)
(3.98435 -0.00196482 0)
(3.98394 -0.00189292 0)
(3.98357 -0.00180356 0)
(4.38682 -0.000239143 0)
(4.38688 -0.000686082 0)
(4.38703 -0.0010457 0)
(4.3867 -0.0012919 0)
(4.38613 -0.00144087 0)
(4.3856 -0.00151942 0)
(4.38515 -0.00154498 0)
(4.38472 -0.00152938 0)
(4.3843 -0.00148503 0)
(4.3839 -0.00142364 0)
(4.68687 -0.000157431 0)
(4.68694 -0.000455277 0)
(4.68712 -0.000704112 0)
(4.68684 -0.000884539 0)
(4.68633 -0.00100063 0)
(4.68583 -0.00106657 0)
(4.68539 -0.001094 0)
(4.68497 -0.0010915 0)
(4.68454 -0.00106737 0)
(4.68412 -0.00102949 0)
(4.88689 -8.9824e-05 0)
(4.88698 -0.000260849 0)
(4.88717 -0.000406671 0)
(4.88693 -0.000515945 0)
(4.88645 -0.000589013 0)
(4.88597 -0.00063247 0)
(4.88554 -0.000652627 0)
(4.88512 -0.00065445 0)
(4.88469 -0.00064274 0)
(4.88426 -0.000622058 0)
(4.98691 -2.92321e-05 0)
(4.98699 -8.50371e-05 0)
(4.98719 -0.000133056 0)
(4.98697 -0.000169597 0)
(4.9865 -0.000194477 0)
(4.98603 -0.000209583 0)
(4.98561 -0.000216876 0)
(4.98519 -0.00021798 0)
(4.98476 -0.000214492 0)
(4.98433 -0.000207916 0)
(4.98691 2.9228e-05 0)
(4.98699 8.50296e-05 0)
(4.98719 0.000133047 0)
(4.98697 0.000169583 0)
(4.9865 0.000194459 0)
(4.98603 0.000209562 0)
(4.98561 0.000216848 0)
(4.98519 0.000217944 0)
(4.98476 0.000214451 0)
(4.98433 0.00020788 0)
(4.88689 8.98205e-05 0)
(4.88698 0.000260842 0)
(4.88717 0.000406658 0)
(4.88693 0.000515929 0)
(4.88645 0.000588991 0)
(4.88597 0.000632441 0)
(4.88554 0.000652593 0)
(4.88512 0.000654415 0)
(4.88469 0.000642706 0)
(4.88426 0.000622028 0)
(4.68687 0.000157427 0)
(4.68694 0.000455272 0)
(4.68712 0.000704103 0)
(4.68684 0.000884518 0)
(4.68633 0.0010006 0)
(4.68583 0.00106654 0)
(4.68539 0.00109398 0)
(4.68497 0.00109146 0)
(4.68454 0.00106732 0)
(4.68412 0.00102945 0)
(4.38682 0.000239138 0)
(4.38688 0.000686069 0)
(4.38703 0.00104568 0)
(4.3867 0.00129187 0)
(4.38613 0.00144085 0)
(4.3856 0.0015194 0)
(4.38515 0.00154496 0)
(4.38472 0.00152934 0)
(4.3843 0.00148498 0)
(4.3839 0.00142361 0)
(3.98675 0.00034718 0)
(3.98678 0.00098196 0)
(3.98687 0.00146007 0)
(3.98645 0.00175674 0)
(3.9858 0.00191866 0)
(3.98524 0.0019934 0)
(3.98478 0.0020039 0)
(3.98435 0.00196478 0)
(3.98394 0.00189283 0)
(3.98357 0.00180349 0)
(3.48664 0.000505117 0)
(3.4866 0.00139034 0)
(3.48658 0.00198986 0)
(3.48602 0.00230862 0)
(3.48528 0.0024515 0)
(3.48469 0.00249193 0)
(3.48422 0.00245816 0)
(3.48382 0.00237075 0)
(3.48344 0.00225336 0)
(3.4831 0.0021248 0)
(2.88646 0.000770408 0)
(2.88626 0.0019833 0)
(2.88605 0.00266481 0)
(2.88528 0.00295809 0)
(2.88445 0.00306093 0)
(2.88383 0.00305399 0)
(2.8834 0.00296004 0)
(2.88305 0.0028083 0)
(2.88276 0.00263202 0)
(2.88252 0.00245285 0)
(2.1861 0.00132082 0)
(2.18552 0.00296769 0)
(2.18502 0.00354 0)
(2.18411 0.00361077 0)
(2.18331 0.00354778 0)
(2.18285 0.00341535 0)
(2.18264 0.00321451 0)
(2.18257 0.00297753 0)
(2.1826 0.00273954 0)
(2.18272 0.00251675 0)
(1.38541 0.00241762 0)
(1.38419 0.00489831 0)
(1.38389 0.00531923 0)
(1.3839 0.00498572 0)
(1.38435 0.00452106 0)
(1.38519 0.0040181 0)
(1.38626 0.00349392 0)
(1.3874 0.00299749 0)
(1.38855 0.00256385 0)
(1.38968 0.00219852 0)
(0.489389 0.0025616 0)
(0.494047 0.00388725 0)
(0.498822 0.0031798 0)
(0.503046 0.00227386 0)
(0.506545 0.00163685 0)
(0.509441 0.00118126 0)
(0.511844 0.000833831 0)
(0.513821 0.00058191 0)
(0.515444 0.000411351 0)
(0.516787 0.000297823 0)
(0.517913 -0.000220754 0)
(0.518867 -0.000167675 0)
(0.519683 -0.000131365 0)
(0.52039 -0.000106662 0)
(0.521008 -8.96989e-05 0)
(0.521556 -7.7837e-05 0)
(0.522045 -6.9376e-05 0)
(0.522486 -6.31429e-05 0)
(0.522886 -5.83093e-05 0)
(0.523252 -5.44029e-05 0)
(0.523589 -5.11776e-05 0)
(0.5239 -4.84823e-05 0)
(0.524189 -4.62237e-05 0)
(0.524459 -4.42725e-05 0)
(0.524713 -4.2469e-05 0)
(0.524951 -4.07107e-05 0)
(0.525175 -3.89441e-05 0)
(0.525387 -3.71631e-05 0)
(0.525587 -3.54246e-05 0)
(0.525777 -3.37922e-05 0)
(0.525958 -3.23034e-05 0)
(0.526129 -3.09749e-05 0)
(0.526293 -2.97892e-05 0)
(0.52645 -2.87049e-05 0)
(0.526599 -2.76813e-05 0)
(0.526743 -2.66809e-05 0)
(0.52688 -2.56848e-05 0)
(0.527013 -2.46906e-05 0)
(0.52714 -2.37096e-05 0)
(0.527262 -2.27602e-05 0)
(0.52738 -2.18606e-05 0)
(0.527493 -2.10245e-05 0)
(0.527602 -2.02578e-05 0)
(0.527708 -1.95582e-05 0)
(0.52781 -1.89184e-05 0)
(1.39076 -0.00189373 0)
(1.39179 -0.00164009 0)
(1.39276 -0.00142962 0)
(1.39366 -0.0012553 0)
(1.3945 -0.00111071 0)
(1.39529 -0.000990287 0)
(1.39603 -0.00088947 0)
(1.39671 -0.000804305 0)
(1.39735 -0.000731604 0)
(1.39795 -0.000669332 0)
(1.39852 -0.000615829 0)
(1.39905 -0.000569391 0)
(1.39954 -0.00052888 0)
(1.40002 -0.000493405 0)
(1.40046 -0.000461933 0)
(1.40088 -0.000433791 0)
(1.40129 -0.000408528 0)
(1.40167 -0.000385645 0)
(1.40203 -0.000364848 0)
(1.40238 -0.000345931 0)
(1.40271 -0.000328666 0)
(1.40303 -0.000312899 0)
(1.40334 -0.000298474 0)
(1.40363 -0.000285224 0)
(1.40392 -0.000273005 0)
(1.40419 -0.00026168 0)
(1.40445 -0.000251134 0)
(1.4047 -0.000241275 0)
(1.40494 -0.000232031 0)
(1.40518 -0.000223348 0)
(1.40541 -0.000215182 0)
(1.40563 -0.000207494 0)
(1.40584 -0.000200253 0)
(1.40605 -0.000193428 0)
(1.40625 -0.000186991 0)
(2.18289 -0.00231282 0)
(2.18312 -0.00212749 0)
(2.18337 -0.00196016 0)
(2.18365 -0.00181006 0)
(2.18394 -0.00167596 0)
(2.18423 -0.00155625 0)
(2.18453 -0.00144926 0)
(2.18483 -0.00135311 0)
(2.18514 -0.00126613 0)
(2.18543 -0.00118762 0)
(2.18573 -0.00111704 0)
(2.18602 -0.00105313 0)
(2.18631 -0.000995082 0)
(2.18659 -0.000942436 0)
(2.18687 -0.000894269 0)
(2.18714 -0.00084988 0)
(2.18741 -0.000808967 0)
(2.18767 -0.000771102 0)
(2.18793 -0.00073602 0)
(2.18818 -0.000703569 0)
(2.18842 -0.000673486 0)
(2.18866 -0.000645579 0)
(2.1889 -0.000619654 0)
(2.18913 -0.000595491 0)
(2.18935 -0.000572914 0)
(2.18957 -0.000551751 0)
(2.18979 -0.000531856 0)
(2.19 -0.000513112 0)
(2.19021 -0.000495417 0)
(2.19041 -0.000478692 0)
(2.19061 -0.00046287 0)
(2.1908 -0.00044789 0)
(2.19099 -0.000433701 0)
(2.19118 -0.000420254 0)
(2.19136 -0.000407504 0)
(2.88234 -0.0022808 0)
(2.8822 -0.00211981 0)
(2.88208 -0.00197174 0)
(2.88199 -0.00183742 0)
(2.88192 -0.00171693 0)
(2.88187 -0.00160942 0)
(2.88183 -0.00151344 0)
(2.8818 -0.00142742 0)
(2.88178 -0.00134997 0)
(2.88178 -0.00128012 0)
(2.88178 -0.00121714 0)
(2.88179 -0.00116025 0)
(2.8818 -0.00110882 0)
(2.88183 -0.00106214 0)
(2.88185 -0.00101926 0)
(2.88189 -0.000979546 0)
(2.88193 -0.000942606 0)
(2.88197 -0.000908031 0)
(2.88202 -0.000875634 0)
(2.88207 -0.000845343 0)
(2.88213 -0.000816992 0)
(2.88218 -0.000790455 0)
(2.88224 -0.000765581 0)
(2.88231 -0.000742177 0)
(2.88237 -0.000720079 0)
(2.88244 -0.000699129 0)
(2.88251 -0.000679188 0)
(2.88258 -0.000660153 0)
(2.88265 -0.00064194 0)
(2.88273 -0.000624492 0)
(2.8828 -0.00060777 0)
(2.88288 -0.000591752 0)
(2.88296 -0.000576418 0)
(2.88303 -0.000561752 0)
(2.88311 -0.000547732 0)
(3.48281 -0.00199558 0)
(3.48255 -0.00187071 0)
(3.48232 -0.00175292 0)
(3.48211 -0.00164389 0)
(3.48192 -0.0015447 0)
(3.48174 -0.00145529 0)
(3.48157 -0.00137472 0)
(3.48142 -0.00130216 0)
(3.48128 -0.00123663 0)
(3.48114 -0.00117703 0)
(3.48102 -0.001123 0)
(3.4809 -0.0010745 0)
(3.48079 -0.00103094 0)
(3.48068 -0.000991518 0)
(3.48058 -0.000955558 0)
(3.48049 -0.000922377 0)
(3.4804 -0.000891485 0)
(3.48032 -0.000862557 0)
(3.48024 -0.000835441 0)
(3.48017 -0.000810114 0)
(3.4801 -0.000786504 0)
(3.48004 -0.000764529 0)
(3.47998 -0.000744065 0)
(3.47992 -0.000724919 0)
(3.47987 -0.000706903 0)
(3.47982 -0.000689833 0)
(3.47978 -0.00067355 0)
(3.47973 -0.00065794 0)
(3.4797 -0.000642928 0)
(3.47966 -0.000628472 0)
(3.47963 -0.000614559 0)
(3.4796 -0.000601188 0)
(3.47957 -0.000588364 0)
(3.47954 -0.000576087 0)
(3.47952 -0.000564344 0)
(3.98322 -0.00170697 0)
(3.98291 -0.00160906 0)
(3.98263 -0.00151344 0)
(3.98236 -0.0014227 0)
(3.98211 -0.00133862 0)
(3.98188 -0.00126191 0)
(3.98167 -0.00119236 0)
(3.98146 -0.00112932 0)
(3.98127 -0.00107192 0)
(3.98109 -0.00101956 0)
(3.98091 -0.0009722 0)
(3.98074 -0.000929717 0)
(3.98058 -0.000891661 0)
(3.98043 -0.000857551 0)
(3.98028 -0.000826724 0)
(3.98014 -0.000798424 0)
(3.98 -0.000772189 0)
(3.97987 -0.000747704 0)
(3.97974 -0.000724795 0)
(3.97962 -0.000703467 0)
(3.9795 -0.000683693 0)
(3.97938 -0.000665426 0)
(3.97927 -0.000648574 0)
(3.97916 -0.000632952 0)
(3.97905 -0.000618363 0)
(3.97895 -0.000604605 0)
(3.97885 -0.000591504 0)
(3.97875 -0.000578943 0)
(3.97866 -0.000566855 0)
(3.97857 -0.000555218 0)
(3.97848 -0.000544037 0)
(3.97839 -0.00053333 0)
(3.97831 -0.000523111 0)
(3.97823 -0.000513382 0)
(3.97815 -0.000504127 0)
(4.38352 -0.00135369 0)
(4.38318 -0.00128047 0)
(4.38286 -0.00120747 0)
(4.38255 -0.00113717 0)
(4.38227 -0.00107139 0)
(4.38201 -0.00101111 0)
(4.38176 -0.000956269 0)
(4.38152 -0.000906281 0)
(4.3813 -0.00086056 0)
(4.38109 -0.000818739 0)
(4.38088 -0.000780733 0)
(4.38069 -0.000746519 0)
(4.38051 -0.00071592 0)
(4.38033 -0.000688623 0)
(4.38015 -0.000664057 0)
(4.37999 -0.000641561 0)
(4.37983 -0.000620705 0)
(4.37967 -0.000601195 0)
(4.37952 -0.00058288 0)
(4.37938 -0.000565797 0)
(4.37923 -0.000549969 0)
(4.3791 -0.00053539 0)
(4.37896 -0.000522009 0)
(4.37883 -0.000509678 0)
(4.3787 -0.00049822 0)
(4.37858 -0.000487447 0)
(4.37845 -0.000477197 0)
(4.37833 -0.000467361 0)
(4.37822 -0.000457884 0)
(4.3781 -0.000448757 0)
(4.37799 -0.00044 0)
(4.37788 -0.000431641 0)
(4.37777 -0.000423701 0)
(4.37767 -0.000416182 0)
(4.37757 -0.000409068 0)
(4.68373 -0.0009838 0)
(4.68336 -0.00093428 0)
(4.68301 -0.000883678 0)
(4.68269 -0.000834088 0)
(4.68238 -0.000787133 0)
(4.68209 -0.000743696 0)
(4.68182 -0.000703843 0)
(4.68156 -0.00066733 0)
(4.68132 -0.000633798 0)
(4.68109 -0.000602863 0)
(4.68087 -0.000574569 0)
(4.68066 -0.000549112 0)
(4.68045 -0.00052633 0)
(4.68026 -0.000505985 0)
(4.68007 -0.000487753 0)
(4.67989 -0.0004711 0)
(4.67972 -0.000455642 0)
(4.67955 -0.000441171 0)
(4.67938 -0.000427564 0)
(4.67922 -0.000414851 0)
(4.67907 -0.000403071 0)
(4.67892 -0.000392237 0)
(4.67877 -0.000382323 0)
(4.67863 -0.000373226 0)
(4.67849 -0.000364808 0)
(4.67835 -0.000356923 0)
(4.67822 -0.000349437 0)
(4.67809 -0.000342258 0)
(4.67796 -0.000335339 0)
(4.67783 -0.000328674 0)
(4.67771 -0.00032228 0)
(4.67759 -0.000316184 0)
(4.67747 -0.000310406 0)
(4.67736 -0.000304948 0)
(4.67724 -0.000299796 0)
(4.88386 -0.000595977 0)
(4.88347 -0.000566999 0)
(4.88311 -0.000536936 0)
(4.88277 -0.000507173 0)
(4.88245 -0.000478781 0)
(4.88215 -0.000452445 0)
(4.88186 -0.00042826 0)
(4.88159 -0.000405969 0)
(4.88133 -0.000385434 0)
(4.88109 -0.000366578 0)
(4.88085 -0.000349315 0)
(4.88063 -0.000333712 0)
(4.88042 -0.000319776 0)
(4.88021 -0.00030734 0)
(4.88002 -0.000296195 0)
(4.87983 -0.00028608 0)
(4.87964 -0.000276732 0)
(4.87947 -0.000267992 0)
(4.87929 -0.000259775 0)
(4.87913 -0.000252076 0)
(4.87896 -0.000244924 0)
(4.87881 -0.000238333 0)
(4.87865 -0.000232296 0)
(4.8785 -0.00022676 0)
(4.87836 -0.000221649 0)
(4.87821 -0.000216874 0)
(4.87807 -0.000212354 0)
(4.87794 -0.00020803 0)
(4.8778 -0.000203868 0)
(4.87767 -0.00019986 0)
(4.87754 -0.000196014 0)
(4.87741 -0.000192344 0)
(4.87729 -0.000188862 0)
(4.87717 -0.000185569 0)
(4.87705 -0.000182455 0)
(4.98392 -0.000199458 0)
(4.98353 -0.000190008 0)
(4.98316 -0.000180162 0)
(4.98281 -0.000170342 0)
(4.98248 -0.000160975 0)
(4.98217 -0.000152319 0)
(4.98188 -0.000144294 0)
(4.9816 -0.000136849 0)
(4.98134 -0.000130068 0)
(4.98109 -0.000123841 0)
(4.98085 -0.000118055 0)
(4.98062 -0.000112804 0)
(4.9804 -0.000108103 0)
(4.98019 -0.000103881 0)
(4.97999 -0.000100108 0)
(4.9798 -9.67075e-05 0)
(4.97961 -9.35709e-05 0)
(4.97943 -9.06419e-05 0)
(4.97925 -8.78863e-05 0)
(4.97908 -8.52884e-05 0)
(4.97891 -8.28548e-05 0)
(4.97875 -8.05929e-05 0)
(4.97859 -7.85048e-05 0)
(4.97844 -7.65827e-05 0)
(4.97829 -7.4809e-05 0)
(4.97814 -7.31606e-05 0)
(4.978 -7.16132e-05 0)
(4.97786 -7.01465e-05 0)
(4.97772 -6.87455e-05 0)
(4.97759 -6.74031e-05 0)
(4.97746 -6.61163e-05 0)
(4.97733 -6.48854e-05 0)
(4.9772 -6.37116e-05 0)
(4.97707 -6.25942e-05 0)
(4.97695 -6.15308e-05 0)
(4.98392 0.000199428 0)
(4.98353 0.000189952 0)
(4.98316 0.000180069 0)
(4.98281 0.000170249 0)
(4.98249 0.000160909 0)
(4.98217 0.000152294 0)
(4.98188 0.000144321 0)
(4.9816 0.000136867 0)
(4.98134 0.000129988 0)
(4.98109 0.000123681 0)
(4.98085 0.000117891 0)
(4.98062 0.000112673 0)
(4.9804 0.000108029 0)
(4.98019 0.000103864 0)
(4.97999 0.000100113 0)
(4.9798 9.66865e-05 0)
(4.97961 9.34907e-05 0)
(4.97943 9.04934e-05 0)
(4.97925 8.76817e-05 0)
(4.97908 8.50539e-05 0)
(4.97891 8.26225e-05 0)
(4.97875 8.03898e-05 0)
(4.97859 7.83464e-05 0)
(4.97844 7.64713e-05 0)
(4.97829 7.47336e-05 0)
(4.97814 7.31017e-05 0)
(4.978 7.15473e-05 0)
(4.97786 7.0052e-05 0)
(4.97772 6.86079e-05 0)
(4.97759 6.72158e-05 0)
(4.97746 6.58825e-05 0)
(4.97733 6.46156e-05 0)
(4.9772 6.34205e-05 0)
(4.97707 6.22973e-05 0)
(4.97695 6.12416e-05 0)
(4.88386 0.000595951 0)
(4.88347 0.000566967 0)
(4.88311 0.000536871 0)
(4.88277 0.000507082 0)
(4.88245 0.000478742 0)
(4.88215 0.00045248 0)
(4.88186 0.000428264 0)
(4.88159 0.000405907 0)
(4.88133 0.000385353 0)
(4.88109 0.000366439 0)
(4.88085 0.000349106 0)
(4.88063 0.000333543 0)
(4.88042 0.000319698 0)
(4.88021 0.000307307 0)
(4.88002 0.000296177 0)
(4.87983 0.000286051 0)
(4.87964 0.000276661 0)
(4.87947 0.000267873 0)
(4.87929 0.000259623 0)
(4.87913 0.000251908 0)
(4.87896 0.000244757 0)
(4.87881 0.000238177 0)
(4.87865 0.000232153 0)
(4.8785 0.000226626 0)
(4.87836 0.000221516 0)
(4.87821 0.000216736 0)
(4.87807 0.000212205 0)
(4.87794 0.000207866 0)
(4.8778 0.000203691 0)
(4.87767 0.000199673 0)
(4.87754 0.000195819 0)
(4.87741 0.000192145 0)
(4.87729 0.000188659 0)
(4.87717 0.000185362 0)
(4.87705 0.000182244 0)
(4.68373 0.000983779 0)
(4.68336 0.000934235 0)
(4.68301 0.0008836 0)
(4.68269 0.000834008 0)
(4.68238 0.000787053 0)
(4.68209 0.000743646 0)
(4.68182 0.000703881 0)
(4.68156 0.000667358 0)
(4.68132 0.000633692 0)
(4.68109 0.000602719 0)
(4.68087 0.000574495 0)
(4.68066 0.000549057 0)
(4.68045 0.000526278 0)
(4.68026 0.000505961 0)
(4.68007 0.000487723 0)
(4.67989 0.000471033 0)
(4.67972 0.000455543 0)
(4.67955 0.000441045 0)
(4.67938 0.000427424 0)
(4.67922 0.000414713 0)
(4.67907 0.000402946 0)
(4.67892 0.000392123 0)
(4.67877 0.000382212 0)
(4.67863 0.000373104 0)
(4.67849 0.000364665 0)
(4.67835 0.000356753 0)
(4.67822 0.000349244 0)
(4.67809 0.000342052 0)
(4.67796 0.000335134 0)
(4.67783 0.000328482 0)
(4.67771 0.000322108 0)
(4.67759 0.000316033 0)
(4.67747 0.000310268 0)
(4.67736 0.000304813 0)
(4.67724 0.000299651 0)
(4.38352 0.00135369 0)
(4.38318 0.00128047 0)
(4.38286 0.00120742 0)
(4.38255 0.00113708 0)
(4.38227 0.00107133 0)
(4.38201 0.00101109 0)
(4.38176 0.000956214 0)
(4.38152 0.000906205 0)
(4.3813 0.000860535 0)
(4.38109 0.000818709 0)
(4.38088 0.000780666 0)
(4.38069 0.000746477 0)
(4.38051 0.000715887 0)
(4.38033 0.000688558 0)
(4.38015 0.000663974 0)
(4.37999 0.000641454 0)
(4.37983 0.000620569 0)
(4.37967 0.000601046 0)
(4.37952 0.000582737 0)
(4.37938 0.000565675 0)
(4.37923 0.000549875 0)
(4.37909 0.000535317 0)
(4.37896 0.000521942 0)
(4.37883 0.000509599 0)
(4.3787 0.000498112 0)
(4.37858 0.000487305 0)
(4.37845 0.000477021 0)
(4.37833 0.000467164 0)
(4.37822 0.000457679 0)
(4.3781 0.000448559 0)
(4.37799 0.00043982 0)
(4.37788 0.000431483 0)
(4.37777 0.000423564 0)
(4.37767 0.000416058 0)
(4.37756 0.000408945 0)
(3.98322 0.00170697 0)
(3.98291 0.00160907 0)
(3.98263 0.00151343 0)
(3.98236 0.00142267 0)
(3.98211 0.00133858 0)
(3.98188 0.00126186 0)
(3.98167 0.00119229 0)
(3.98146 0.00112924 0)
(3.98127 0.00107189 0)
(3.98109 0.00101959 0)
(3.98091 0.000972232 0)
(3.98074 0.000929712 0)
(3.98058 0.000891626 0)
(3.98043 0.000857467 0)
(3.98028 0.00082659 0)
(3.98014 0.000798289 0)
(3.98 0.000772085 0)
(3.97987 0.00074763 0)
(3.97974 0.000724747 0)
(3.97962 0.000703433 0)
(3.9795 0.00068366 0)
(3.97938 0.000665382 0)
(3.97927 0.000648512 0)
(3.97916 0.000632866 0)
(3.97905 0.000618251 0)
(3.97895 0.000604468 0)
(3.97885 0.000591346 0)
(3.97875 0.00057877 0)
(3.97866 0.000566673 0)
(3.97857 0.000555033 0)
(3.97848 0.000543858 0)
(3.97839 0.000533162 0)
(3.97831 0.000522958 0)
(3.97823 0.000513245 0)
(3.97815 0.000504003 0)
(3.48281 0.00199555 0)
(3.48255 0.0018707 0)
(3.48232 0.00175292 0)
(3.48211 0.00164391 0)
(3.48192 0.00154468 0)
(3.48174 0.00145519 0)
(3.48157 0.00137465 0)
(3.48142 0.00130213 0)
(3.48128 0.0012366 0)
(3.48114 0.00117705 0)
(3.48102 0.0011231 0)
(3.4809 0.00107455 0)
(3.48079 0.00103087 0)
(3.48068 0.000991406 0)
(3.48058 0.000955427 0)
(3.48049 0.000922247 0)
(3.4804 0.000891397 0)
(3.48032 0.00086252 0)
(3.48024 0.00083544 0)
(3.48017 0.000810119 0)
(3.4801 0.000786483 0)
(3.48004 0.000764466 0)
(3.47998 0.000743962 0)
(3.47992 0.000724789 0)
(3.47987 0.000706765 0)
(3.47982 0.000689701 0)
(3.47978 0.000673431 0)
(3.47973 0.000657833 0)
(3.47969 0.000642825 0)
(3.47966 0.000628365 0)
(3.47963 0.000614442 0)
(3.4796 0.000601059 0)
(3.47957 0.000588228 0)
(3.47954 0.000575947 0)
(3.47952 0.000564209 0)
(2.88234 0.00228073 0)
(2.8822 0.00211979 0)
(2.88208 0.0019718 0)
(2.88199 0.00183749 0)
(2.88192 0.00171695 0)
(2.88187 0.00160938 0)
(2.88183 0.00151332 0)
(2.8818 0.00142731 0)
(2.88178 0.00135003 0)
(2.88178 0.00128025 0)
(2.88178 0.00121719 0)
(2.88179 0.00116026 0)
(2.8818 0.00110879 0)
(2.88183 0.00106204 0)
(2.88185 0.00101915 0)
(2.88189 0.000979475 0)
(2.88193 0.000942589 0)
(2.88197 0.000908058 0)
(2.88202 0.000875675 0)
(2.88207 0.000845361 0)
(2.88213 0.000816963 0)
(2.88218 0.000790372 0)
(2.88224 0.000765457 0)
(2.88231 0.00074204 0)
(2.88237 0.000719957 0)
(2.88244 0.000699041 0)
(2.88251 0.00067914 0)
(2.88258 0.000660136 0)
(2.88265 0.000641935 0)
(2.88273 0.000624478 0)
(2.8828 0.000607729 0)
(2.88288 0.000591672 0)
(2.88296 0.000576301 0)
(2.88303 0.000561606 0)
(2.88311 0.000547571 0)
(2.18289 0.00231272 0)
(2.18312 0.00212741 0)
(2.18337 0.00196021 0)
(2.18365 0.00181016 0)
(2.18394 0.00167599 0)
(2.18423 0.00155617 0)
(2.18453 0.00144916 0)
(2.18483 0.00135308 0)
(2.18514 0.00126618 0)
(2.18543 0.00118773 0)
(2.18573 0.00111713 0)
(2.18602 0.00105313 0)
(2.18631 0.000994993 0)
(2.18659 0.000942329 0)
(2.18687 0.000894194 0)
(2.18714 0.000849864 0)
(2.18741 0.000809014 0)
(2.18767 0.000771183 0)
(2.18793 0.000736092 0)
(2.18818 0.000703597 0)
(2.18842 0.000673458 0)
(2.18866 0.000645499 0)
(2.1889 0.00061954 0)
(2.18913 0.000595371 0)
(2.18935 0.000572811 0)
(2.18957 0.000551685 0)
(2.18979 0.000531831 0)
(2.19 0.000513122 0)
(2.19021 0.000495444 0)
(2.19041 0.000478715 0)
(2.19061 0.000462867 0)
(2.1908 0.00044785 0)
(2.19099 0.000433617 0)
(2.19118 0.000420135 0)
(2.19136 0.000407361 0)
(1.39076 0.00189364 0)
(1.39179 0.00164 0)
(1.39276 0.00142964 0)
(1.39366 0.00125538 0)
(1.3945 0.00111074 0)
(1.39529 0.000990232 0)
(1.39603 0.000889423 0)
(1.39671 0.000804337 0)
(1.39735 0.000731685 0)
(1.39795 0.000669408 0)
(1.39852 0.000615874 0)
(1.39905 0.000569386 0)
(1.39954 0.000528825 0)
(1.40002 0.000493342 0)
(1.40046 0.000461905 0)
(1.40088 0.000433808 0)
(1.40129 0.00040858 0)
(1.40167 0.000385714 0)
(1.40203 0.000364911 0)
(1.40238 0.000345971 0)
(1.40271 0.000328671 0)
(1.40303 0.000312868 0)
(1.40334 0.000298414 0)
(1.40363 0.000285146 0)
(1.40391 0.000272929 0)
(1.40419 0.000261622 0)
(1.40445 0.000251105 0)
(1.4047 0.00024128 0)
(1.40494 0.000232063 0)
(1.40518 0.000223392 0)
(1.40541 0.00021522 0)
(1.40563 0.000207511 0)
(1.40584 0.000200239 0)
(1.40605 0.000193381 0)
(1.40625 0.000186917 0)
(0.517913 0.00022073 0)
(0.518867 0.000167684 0)
(0.519683 0.000131366 0)
(0.52039 0.000106635 0)
(0.521008 8.96725e-05 0)
(0.521556 7.78434e-05 0)
(0.522045 6.94168e-05 0)
(0.522486 6.3183e-05 0)
(0.522886 5.83295e-05 0)
(0.523252 5.44106e-05 0)
(0.523589 5.11774e-05 0)
(0.5239 4.84705e-05 0)
(0.524189 4.62055e-05 0)
(0.524459 4.4256e-05 0)
(0.524713 4.24602e-05 0)
(0.524951 4.07206e-05 0)
(0.525175 3.89762e-05 0)
(0.525387 3.72095e-05 0)
(0.525587 3.54719e-05 0)
(0.525777 3.38235e-05 0)
(0.525958 3.23072e-05 0)
(0.526129 3.09504e-05 0)
(0.526293 2.97424e-05 0)
(0.526449 2.86513e-05 0)
(0.526599 2.76355e-05 0)
(0.526743 2.66564e-05 0)
(0.52688 2.56867e-05 0)
(0.527013 2.47174e-05 0)
(0.52714 2.37518e-05 0)
(0.527262 2.2806e-05 0)
(0.52738 2.18972e-05 0)
(0.527493 2.10434e-05 0)
(0.527602 2.02545e-05 0)
(0.527708 1.95353e-05 0)
(0.52781 1.88811e-05 0)
(0.527908 -1.83259e-05 0)
(0.528004 -1.77696e-05 0)
(0.528096 -1.72379e-05 0)
(0.528186 -1.67238e-05 0)
(0.528273 -1.62222e-05 0)
(0.528357 -1.57322e-05 0)
(0.528439 -1.52545e-05 0)
(0.528518 -1.47917e-05 0)
(0.528596 -1.43462e-05 0)
(0.528671 -1.39209e-05 0)
(1.40644 -0.000180916 0)
(1.40663 -0.000175179 0)
(1.40681 -0.000169755 0)
(1.40699 -0.000164622 0)
(1.40717 -0.000159757 0)
(1.40733 -0.000155136 0)
(1.4075 -0.000150737 0)
(1.40766 -0.000146541 0)
(1.40781 -0.000142528 0)
(1.40797 -0.000138683 0)
(2.19154 -0.000395406 0)
(2.19171 -0.000383917 0)
(2.19188 -0.000372997 0)
(2.19205 -0.000362604 0)
(2.19221 -0.000352701 0)
(2.19238 -0.000343249 0)
(2.19253 -0.000334215 0)
(2.19269 -0.000325566 0)
(2.19284 -0.000317274 0)
(2.19299 -0.000309314 0)
(2.88319 -0.00053433 0)
(2.88327 -0.000521509 0)
(2.88335 -0.000509227 0)
(2.88343 -0.000497439 0)
(2.88351 -0.000486101 0)
(2.88358 -0.000475173 0)
(2.88366 -0.000464623 0)
(2.88374 -0.000454423 0)
(2.88382 -0.000444556 0)
(2.8839 -0.000435008 0)
(3.4795 -0.000553111 0)
(3.47948 -0.000542349 0)
(3.47947 -0.000532011 0)
(3.47945 -0.000522045 0)
(3.47944 -0.000512404 0)
(3.47943 -0.000503046 0)
(3.47942 -0.00049394 0)
(3.47941 -0.000485069 0)
(3.47941 -0.000476422 0)
(3.47941 -0.000468001 0)
(3.97807 -0.000495315 0)
(3.978 -0.000486901 0)
(3.97793 -0.000478832 0)
(3.97786 -0.000471056 0)
(3.97779 -0.000463527 0)
(3.97772 -0.000456206 0)
(3.97766 -0.00044907 0)
(3.9776 -0.000442103 0)
(3.97754 -0.000435304 0)
(3.97748 -0.000428676 0)
(4.37746 -0.000402322 0)
(4.37737 -0.0003959 0)
(4.37727 -0.000389751 0)
(4.37717 -0.000383829 0)
(4.37708 -0.000378095 0)
(4.37699 -0.000372523 0)
(4.3769 -0.000367096 0)
(4.37681 -0.000361807 0)
(4.37672 -0.000356657 0)
(4.37663 -0.000351649 0)
(4.67713 -0.000294919 0)
(4.67702 -0.00029028 0)
(4.67691 -0.000285839 0)
(4.6768 -0.000281562 0)
(4.6767 -0.000277424 0)
(4.67659 -0.000273407 0)
(4.67649 -0.000269504 0)
(4.67639 -0.000265713 0)
(4.67629 -0.000262036 0)
(4.67619 -0.000258475 0)
(4.87693 -0.000179503 0)
(4.87681 -0.000176691 0)
(4.8767 -0.000173995 0)
(4.87658 -0.000171398 0)
(4.87647 -0.000168886 0)
(4.87636 -0.000166453 0)
(4.87626 -0.000164097 0)
(4.87615 -0.000161818 0)
(4.87604 -0.000159617 0)
(4.87594 -0.000157494 0)
(4.97683 -6.05169e-05 0)
(4.97671 -5.95475e-05 0)
(4.97659 -5.86176e-05 0)
(4.97648 -5.77235e-05 0)
(4.97637 -5.68629e-05 0)
(4.97625 -5.60351e-05 0)
(4.97614 -5.524e-05 0)
(4.97603 -5.44775e-05 0)
(4.97593 -5.37472e-05 0)
(4.97582 -5.30476e-05 0)
(4.97683 6.0245e-05 0)
(4.97671 5.92977e-05 0)
(4.97659 5.83897e-05 0)
(4.97648 5.75129e-05 0)
(4.97637 5.66621e-05 0)
(4.97625 5.58342e-05 0)
(4.97614 5.50285e-05 0)
(4.97603 5.42451e-05 0)
(4.97593 5.34852e-05 0)
(4.97582 5.27494e-05 0)
(4.87693 0.000179286 0)
(4.87681 0.000176466 0)
(4.8767 0.000173762 0)
(4.87658 0.000171157 0)
(4.87647 0.000168636 0)
(4.87636 0.000166195 0)
(4.87626 0.00016383 0)
(4.87615 0.00016154 0)
(4.87604 0.000159327 0)
(4.87594 0.000157188 0)
(4.67713 0.000294754 0)
(4.67702 0.000290086 0)
(4.67691 0.000285614 0)
(4.6768 0.000281306 0)
(4.6767 0.000277142 0)
(4.67659 0.000273107 0)
(4.67649 0.000269194 0)
(4.67639 0.0002654 0)
(4.67629 0.000261725 0)
(4.67619 0.00025817 0)
(4.37746 0.00040219 0)
(4.37736 0.000395746 0)
(4.37727 0.000389569 0)
(4.37717 0.000383614 0)
(4.37708 0.000377849 0)
(4.37699 0.00037225 0)
(4.3769 0.000366804 0)
(4.37681 0.000361506 0)
(4.37672 0.000356355 0)
(4.37663 0.000351354 0)
(3.97807 0.000495198 0)
(3.978 0.000486781 0)
(3.97793 0.000478701 0)
(3.97786 0.000470905 0)
(3.97779 0.00046335 0)
(3.97772 0.000456002 0)
(3.97766 0.000448839 0)
(3.9776 0.000441852 0)
(3.97754 0.000435039 0)
(3.97748 0.000428405 0)
(3.4795 0.000552983 0)
(3.47948 0.00054223 0)
(3.47947 0.000531896 0)
(3.47945 0.000521931 0)
(3.47944 0.000512282 0)
(3.47943 0.000502911 0)
(3.47942 0.000493785 0)
(3.47941 0.000484892 0)
(3.47941 0.000476224 0)
(3.4794 0.000467784 0)
(2.88319 0.00053417 0)
(2.88327 0.000521362 0)
(2.88335 0.000509102 0)
(2.88343 0.000497338 0)
(2.8835 0.000486019 0)
(2.88358 0.0004751 0)
(2.88366 0.000464548 0)
(2.88374 0.000454335 0)
(2.88382 0.000444446 0)
(2.8839 0.000434871 0)
(2.19154 0.000395259 0)
(2.19171 0.000383783 0)
(2.19188 0.000372889 0)
(2.19205 0.000362528 0)
(2.19221 0.000352656 0)
(2.19238 0.000343226 0)
(2.19253 0.000334202 0)
(2.19269 0.000325548 0)
(2.19284 0.000317241 0)
(2.19299 0.000309255 0)
(1.40644 0.000180827 0)
(1.40663 0.00017509 0)
(1.40681 0.00016968 0)
(1.40699 0.000164569 0)
(1.40717 0.000159729 0)
(1.40733 0.000155131 0)
(1.4075 0.000150748 0)
(1.40766 0.000146557 0)
(1.40781 0.000142538 0)
(1.40797 0.000138679 0)
(0.527908 1.82841e-05 0)
(0.528003 1.77309e-05 0)
(0.528096 1.72104e-05 0)
(0.528185 1.67102e-05 0)
(0.528272 1.62238e-05 0)
(0.528356 1.57452e-05 0)
(0.528438 1.5275e-05 0)
(0.528518 1.4813e-05 0)
(0.528595 1.43641e-05 0)
(0.528671 1.39306e-05 0)
(0.528744 -1.3517e-05 0)
(0.528815 -1.31357e-05 0)
(0.528885 -1.27756e-05 0)
(0.528952 -1.24362e-05 0)
(0.529018 -1.21148e-05 0)
(0.529082 -1.18099e-05 0)
(0.529145 -1.15185e-05 0)
(0.529206 -1.12393e-05 0)
(0.529265 -1.097e-05 0)
(0.529323 -1.07101e-05 0)
(0.52938 -1.0458e-05 0)
(0.529436 -1.02139e-05 0)
(0.52949 -9.97704e-06 0)
(0.529543 -9.74787e-06 0)
(0.529595 -9.52575e-06 0)
(0.529646 -9.31139e-06 0)
(0.529696 -9.10403e-06 0)
(0.529744 -8.9043e-06 0)
(0.529792 -8.71131e-06 0)
(0.529839 -8.52559e-06 0)
(0.529885 -8.34617e-06 0)
(0.52993 -8.17353e-06 0)
(0.529974 -8.00676e-06 0)
(0.530017 -7.84629e-06 0)
(0.530059 -7.69131e-06 0)
(0.5301 -7.54226e-06 0)
(0.530141 -7.39841e-06 0)
(0.530181 -7.26022e-06 0)
(0.53022 -7.12704e-06 0)
(0.530259 -6.99939e-06 0)
(0.530297 -6.87673e-06 0)
(0.530334 -6.75965e-06 0)
(0.53037 -6.64776e-06 0)
(0.530406 -6.54179e-06 0)
(0.530442 -6.44154e-06 0)
(1.40811 -0.000134993 0)
(1.40826 -0.000131449 0)
(1.4084 -0.000128043 0)
(1.40854 -0.000124771 0)
(1.40867 -0.000121628 0)
(1.4088 -0.000118612 0)
(1.40893 -0.00011572 0)
(1.40906 -0.000112947 0)
(1.40918 -0.00011029 0)
(1.4093 -0.000107744 0)
(1.40942 -0.000105302 0)
(1.40953 -0.000102958 0)
(1.40965 -0.000100703 0)
(1.40976 -9.85317e-05 0)
(1.40987 -9.64358e-05 0)
(1.40997 -9.44097e-05 0)
(1.41008 -9.2447e-05 0)
(1.41018 -9.0544e-05 0)
(1.41028 -8.86964e-05 0)
(1.41038 -8.69026e-05 0)
(1.41047 -8.51605e-05 0)
(1.41057 -8.347e-05 0)
(1.41066 -8.18303e-05 0)
(1.41075 -8.02421e-05 0)
(1.41084 -7.8705e-05 0)
(1.41093 -7.72195e-05 0)
(1.41102 -7.57847e-05 0)
(1.4111 -7.44005e-05 0)
(1.41118 -7.30653e-05 0)
(1.41127 -7.17783e-05 0)
(1.41135 -7.05376e-05 0)
(1.41143 -6.93422e-05 0)
(1.4115 -6.81909e-05 0)
(1.41158 -6.70835e-05 0)
(1.41166 -6.60201e-05 0)
(2.19314 -0.000301665 0)
(2.19328 -0.000294311 0)
(2.19342 -0.000287235 0)
(2.19356 -0.000280427 0)
(2.1937 -0.000273877 0)
(2.19383 -0.000267574 0)
(2.19396 -0.000261511 0)
(2.19409 -0.000255679 0)
(2.19422 -0.000250068 0)
(2.19434 -0.000244669 0)
(2.19446 -0.00023947 0)
(2.19459 -0.00023446 0)
(2.1947 -0.000229628 0)
(2.19482 -0.000224962 0)
(2.19494 -0.00022045 0)
(2.19505 -0.000216082 0)
(2.19516 -0.000211849 0)
(2.19527 -0.000207742 0)
(2.19538 -0.000203754 0)
(2.19548 -0.000199881 0)
(2.19559 -0.000196119 0)
(2.19569 -0.000192465 0)
(2.19579 -0.000188917 0)
(2.19589 -0.000185475 0)
(2.19599 -0.000182136 0)
(2.19608 -0.0001789 0)
(2.19618 -0.000175765 0)
(2.19627 -0.00017273 0)
(2.19636 -0.000169791 0)
(2.19646 -0.000166948 0)
(2.19655 -0.000164196 0)
(2.19663 -0.000161535 0)
(2.19672 -0.000158962 0)
(2.19681 -0.000156479 0)
(2.19689 -0.000154086 0)
(2.88398 -0.00042577 0)
(2.88406 -0.000416836 0)
(2.88414 -0.0004082 0)
(2.88422 -0.000399854 0)
(2.88429 -0.00039179 0)
(2.88437 -0.000383998 0)
(2.88445 -0.000376468 0)
(2.88453 -0.000369186 0)
(2.8846 -0.000362141 0)
(2.88468 -0.000355319 0)
(2.88475 -0.000348709 0)
(2.88483 -0.000342298 0)
(2.8849 -0.000336076 0)
(2.88498 -0.000330033 0)
(2.88505 -0.000324159 0)
(2.88512 -0.000318447 0)
(2.88519 -0.00031289 0)
(2.88527 -0.00030748 0)
(2.88534 -0.000302214 0)
(2.88541 -0.000297087 0)
(2.88548 -0.000292095 0)
(2.88555 -0.000287234 0)
(2.88562 -0.000282504 0)
(2.88569 -0.0002779 0)
(2.88575 -0.000273422 0)
(2.88582 -0.000269066 0)
(2.88589 -0.000264831 0)
(2.88595 -0.000260713 0)
(2.88602 -0.000256711 0)
(2.88609 -0.000252821 0)
(2.88615 -0.000249043 0)
(2.88621 -0.000245374 0)
(2.88628 -0.000241815 0)
(2.88634 -0.000238367 0)
(2.8864 -0.000235035 0)
(3.4794 -0.000459809 0)
(3.4794 -0.00045185 0)
(3.4794 -0.00044413 0)
(3.4794 -0.000436647 0)
(3.47941 -0.000429397 0)
(3.47941 -0.00042237 0)
(3.47941 -0.000415555 0)
(3.47942 -0.000408936 0)
(3.47943 -0.000402499 0)
(3.47944 -0.000396228 0)
(3.47945 -0.000390113 0)
(3.47946 -0.000384141 0)
(3.47947 -0.000378305 0)
(3.47948 -0.0003726 0)
(3.47949 -0.000367021 0)
(3.4795 -0.000361565 0)
(3.47952 -0.000356232 0)
(3.47953 -0.00035102 0)
(3.47954 -0.000345927 0)
(3.47956 -0.000340953 0)
(3.47958 -0.000336096 0)
(3.47959 -0.000331354 0)
(3.47961 -0.000326724 0)
(3.47963 -0.000322204 0)
(3.47964 -0.000317791 0)
(3.47966 -0.000313482 0)
(3.47968 -0.000309274 0)
(3.4797 -0.000305164 0)
(3.47972 -0.000301151 0)
(3.47974 -0.000297234 0)
(3.47976 -0.000293411 0)
(3.47978 -0.000289684 0)
(3.4798 -0.000286054 0)
(3.47982 -0.000282528 0)
(3.47984 -0.000279112 0)
(3.97742 -0.000422227 0)
(3.97737 -0.000415965 0)
(3.97731 -0.000409895 0)
(3.97726 -0.000404018 0)
(3.97721 -0.000398331 0)
(3.97716 -0.000392824 0)
(3.97711 -0.000387485 0)
(3.97706 -0.000382298 0)
(3.97702 -0.000377247 0)
(3.97697 -0.000372318 0)
(3.97693 -0.000367497 0)
(3.97689 -0.000362774 0)
(3.97685 -0.000358142 0)
(3.97681 -0.000353596 0)
(3.97677 -0.000349136 0)
(3.97674 -0.00034476 0)
(3.9767 -0.000340471 0)
(3.97667 -0.00033627 0)
(3.97663 -0.000332159 0)
(3.9766 -0.000328137 0)
(3.97657 -0.000324206 0)
(3.97654 -0.000320364 0)
(3.97651 -0.000316609 0)
(3.97648 -0.000312939 0)
(3.97645 -0.000309349 0)
(3.97643 -0.000305836 0)
(3.9764 -0.000302398 0)
(3.97637 -0.000299031 0)
(3.97635 -0.000295734 0)
(3.97633 -0.000292504 0)
(3.9763 -0.000289344 0)
(3.97628 -0.000286254 0)
(3.97626 -0.000283239 0)
(3.97624 -0.000280305 0)
(3.97622 -0.000277462 0)
(4.37655 -0.000346791 0)
(4.37647 -0.000342086 0)
(4.37639 -0.000337538 0)
(4.37631 -0.000333145 0)
(4.37623 -0.000328903 0)
(4.37615 -0.000324802 0)
(4.37607 -0.000320834 0)
(4.376 -0.000316984 0)
(4.37593 -0.000313241 0)
(4.37585 -0.000309592 0)
(4.37578 -0.000306026 0)
(4.37571 -0.000302534 0)
(4.37564 -0.000299111 0)
(4.37558 -0.000295752 0)
(4.37551 -0.000292455 0)
(4.37544 -0.000289222 0)
(4.37538 -0.000286051 0)
(4.37532 -0.000282947 0)
(4.37525 -0.00027991 0)
(4.37519 -0.000276942 0)
(4.37513 -0.000274043 0)
(4.37507 -0.000271212 0)
(4.37501 -0.000268449 0)
(4.37496 -0.000265751 0)
(4.3749 -0.000263114 0)
(4.37484 -0.000260536 0)
(4.37479 -0.000258013 0)
(4.37473 -0.000255543 0)
(4.37468 -0.000253122 0)
(4.37463 -0.00025075 0)
(4.37458 -0.000248428 0)
(4.37453 -0.000246158 0)
(4.37448 -0.000243943 0)
(4.37443 -0.00024179 0)
(4.37438 -0.000239708 0)
(4.6761 -0.000255032 0)
(4.676 -0.000251707 0)
(4.67591 -0.000248498 0)
(4.67582 -0.000245401 0)
(4.67573 -0.000242411 0)
(4.67564 -0.00023952 0)
(4.67555 -0.000236723 0)
(4.67546 -0.00023401 0)
(4.67537 -0.000231376 0)
(4.67529 -0.000228813 0)
(4.6752 -0.000226314 0)
(4.67512 -0.000223875 0)
(4.67504 -0.000221491 0)
(4.67496 -0.000219158 0)
(4.67488 -0.000216874 0)
(4.6748 -0.000214639 0)
(4.67472 -0.000212451 0)
(4.67464 -0.000210313 0)
(4.67456 -0.000208223 0)
(4.67449 -0.000206184 0)
(4.67441 -0.000204194 0)
(4.67434 -0.000202255 0)
(4.67427 -0.000200364 0)
(4.67419 -0.000198521 0)
(4.67412 -0.000196723 0)
(4.67405 -0.000194969 0)
(4.67398 -0.000193254 0)
(4.67391 -0.000191578 0)
(4.67384 -0.000189939 0)
(4.67378 -0.000188335 0)
(4.67371 -0.000186767 0)
(4.67364 -0.000185237 0)
(4.67358 -0.000183747 0)
(4.67351 -0.000182303 0)
(4.67345 -0.000180914 0)
(4.87584 -0.000155447 0)
(4.87574 -0.000153473 0)
(4.87564 -0.000151568 0)
(4.87554 -0.000149726 0)
(4.87544 -0.000147944 0)
(4.87535 -0.000146216 0)
(4.87525 -0.000144539 0)
(4.87516 -0.000142911 0)
(4.87507 -0.000141329 0)
(4.87498 -0.000139791 0)
(4.87489 -0.000138296 0)
(4.8748 -0.000136841 0)
(4.87471 -0.000135425 0)
(4.87462 -0.000134045 0)
(4.87454 -0.000132699 0)
(4.87445 -0.000131386 0)
(4.87437 -0.000130105 0)
(4.87428 -0.000128854 0)
(4.8742 -0.000127634 0)
(4.87412 -0.000126444 0)
(4.87404 -0.000125283 0)
(4.87396 -0.000124152 0)
(4.87388 -0.000123049 0)
(4.8738 -0.000121975 0)
(4.87372 -0.000120928 0)
(4.87364 -0.000119908 0)
(4.87356 -0.000118912 0)
(4.87349 -0.00011794 0)
(4.87341 -0.000116991 0)
(4.87334 -0.000116065 0)
(4.87326 -0.000115161 0)
(4.87319 -0.000114281 0)
(4.87312 -0.000113427 0)
(4.87305 -0.000112602 0)
(4.87297 -0.00011181 0)
(4.97572 -5.23764e-05 0)
(4.97561 -5.17305e-05 0)
(4.97551 -5.11066e-05 0)
(4.97541 -5.05017e-05 0)
(4.97531 -4.99133e-05 0)
(4.97521 -4.93399e-05 0)
(4.97512 -4.87806e-05 0)
(4.97502 -4.82356e-05 0)
(4.97493 -4.77055e-05 0)
(4.97483 -4.71909e-05 0)
(4.97474 -4.66925e-05 0)
(4.97465 -4.62106e-05 0)
(4.97456 -4.57451e-05 0)
(4.97447 -4.52957e-05 0)
(4.97438 -4.48613e-05 0)
(4.97429 -4.44411e-05 0)
(4.9742 -4.40338e-05 0)
(4.97412 -4.36384e-05 0)
(4.97403 -4.32538e-05 0)
(4.97395 -4.28794e-05 0)
(4.97386 -4.25144e-05 0)
(4.97378 -4.21586e-05 0)
(4.9737 -4.18116e-05 0)
(4.97362 -4.14732e-05 0)
(4.97354 -4.11432e-05 0)
(4.97346 -4.08215e-05 0)
(4.97338 -4.05079e-05 0)
(4.9733 -4.02022e-05 0)
(4.97322 -3.99045e-05 0)
(4.97314 -3.96146e-05 0)
(4.97307 -3.93327e-05 0)
(4.97299 -3.90592e-05 0)
(4.97292 -3.87947e-05 0)
(4.97284 -3.85403e-05 0)
(4.97277 -3.82975e-05 0)
(4.97572 5.20378e-05 0)
(4.97561 5.13504e-05 0)
(4.97551 5.06865e-05 0)
(4.97541 5.00453e-05 0)
(4.97531 4.94256e-05 0)
(4.97521 4.88263e-05 0)
(4.97512 4.82462e-05 0)
(4.97502 4.76839e-05 0)
(4.97493 4.71381e-05 0)
(4.97483 4.66072e-05 0)
(4.97474 4.60895e-05 0)
(4.97465 4.55836e-05 0)
(4.97456 4.5088e-05 0)
(4.97447 4.46017e-05 0)
(4.97438 4.41238e-05 0)
(4.97429 4.36541e-05 0)
(4.9742 4.31926e-05 0)
(4.97412 4.27394e-05 0)
(4.97403 4.22951e-05 0)
(4.97395 4.18602e-05 0)
(4.97386 4.14353e-05 0)
(4.97378 4.10207e-05 0)
(4.9737 4.06167e-05 0)
(4.97362 4.0223e-05 0)
(4.97354 3.98395e-05 0)
(4.97346 3.94657e-05 0)
(4.97338 3.91011e-05 0)
(4.9733 3.87451e-05 0)
(4.97322 3.83973e-05 0)
(4.97314 3.80574e-05 0)
(4.97307 3.77256e-05 0)
(4.97299 3.7402e-05 0)
(4.97291 3.70876e-05 0)
(4.97284 3.67835e-05 0)
(4.97277 3.64916e-05 0)
(4.87584 0.000155123 0)
(4.87574 0.000153128 0)
(4.87564 0.000151198 0)
(4.87554 0.000149331 0)
(4.87544 0.000147521 0)
(4.87535 0.000145765 0)
(4.87525 0.00014406 0)
(4.87516 0.000142403 0)
(4.87507 0.000140793 0)
(4.87498 0.000139226 0)
(4.87489 0.000137701 0)
(4.8748 0.000136215 0)
(4.87471 0.000134765 0)
(4.87462 0.000133349 0)
(4.87454 0.000131965 0)
(4.87445 0.00013061 0)
(4.87436 0.000129285 0)
(4.87428 0.000127987 0)
(4.8742 0.000126718 0)
(4.87412 0.000125477 0)
(4.87403 0.000124264 0)
(4.87395 0.00012308 0)
(4.87387 0.000121924 0)
(4.8738 0.000120797 0)
(4.87372 0.000119696 0)
(4.87364 0.000118622 0)
(4.87356 0.000117574 0)
(4.87349 0.00011655 0)
(4.87341 0.000115549 0)
(4.87334 0.000114572 0)
(4.87326 0.000113618 0)
(4.87319 0.000112689 0)
(4.87312 0.000111786 0)
(4.87304 0.000110914 0)
(4.87297 0.000110077 0)
(4.6761 0.000254731 0)
(4.676 0.000251407 0)
(4.67591 0.000248193 0)
(4.67582 0.000245083 0)
(4.67573 0.000242072 0)
(4.67564 0.000239154 0)
(4.67555 0.000236321 0)
(4.67546 0.00023357 0)
(4.67537 0.000230894 0)
(4.67529 0.000228289 0)
(4.6752 0.00022575 0)
(4.67512 0.000223271 0)
(4.67504 0.00022085 0)
(4.67496 0.000218484 0)
(4.67487 0.000216168 0)
(4.6748 0.000213902 0)
(4.67472 0.000211683 0)
(4.67464 0.000209513 0)
(4.67456 0.000207389 0)
(4.67449 0.000205312 0)
(4.67441 0.000203282 0)
(4.67434 0.000201298 0)
(4.67426 0.000199361 0)
(4.67419 0.000197468 0)
(4.67412 0.000195619 0)
(4.67405 0.000193812 0)
(4.67398 0.000192044 0)
(4.67391 0.000190316 0)
(4.67384 0.000188625 0)
(4.67377 0.000186971 0)
(4.67371 0.000185354 0)
(4.67364 0.000183777 0)
(4.67357 0.000182243 0)
(4.67351 0.000180758 0)
(4.67345 0.000179327 0)
(4.37655 0.000346505 0)
(4.37647 0.00034181 0)
(4.37638 0.000337268 0)
(4.3763 0.000332874 0)
(4.37623 0.000328621 0)
(4.37615 0.000324501 0)
(4.37607 0.000320503 0)
(4.376 0.000316617 0)
(4.37592 0.000312832 0)
(4.37585 0.000309139 0)
(4.37578 0.000305531 0)
(4.37571 0.000301999 0)
(4.37564 0.00029854 0)
(4.37557 0.000295149 0)
(4.37551 0.000291825 0)
(4.37544 0.000288567 0)
(4.37538 0.000285374 0)
(4.37531 0.000282247 0)
(4.37525 0.000279186 0)
(4.37519 0.000276191 0)
(4.37513 0.000273261 0)
(4.37507 0.000270396 0)
(4.37501 0.000267595 0)
(4.37495 0.000264855 0)
(4.3749 0.000262174 0)
(4.37484 0.000259549 0)
(4.37478 0.000256978 0)
(4.37473 0.00025446 0)
(4.37468 0.000251993 0)
(4.37462 0.000249575 0)
(4.37457 0.00024721 0)
(4.37452 0.000244898 0)
(4.37447 0.000242644 0)
(4.37442 0.000240455 0)
(4.37437 0.000238339 0)
(3.97742 0.000421956 0)
(3.97736 0.000415699 0)
(3.97731 0.000409636 0)
(3.97726 0.000403764 0)
(3.97721 0.000398077 0)
(3.97716 0.000392564 0)
(3.97711 0.000387211 0)
(3.97706 0.000382003 0)
(3.97702 0.000376926 0)
(3.97697 0.000371966 0)
(3.97693 0.000367111 0)
(3.97689 0.000362355 0)
(3.97685 0.00035769 0)
(3.97681 0.000353115 0)
(3.97677 0.000348627 0)
(3.97673 0.000344227 0)
(3.9767 0.000339915 0)
(3.97666 0.000335693 0)
(3.97663 0.000331561 0)
(3.9766 0.000327518 0)
(3.97657 0.000323564 0)
(3.97654 0.000319698 0)
(3.97651 0.000315915 0)
(3.97648 0.000312215 0)
(3.97645 0.000308593 0)
(3.97642 0.000305047 0)
(3.9764 0.000301573 0)
(3.97637 0.00029817 0)
(3.97635 0.000294836 0)
(3.97632 0.000291571 0)
(3.9763 0.000288375 0)
(3.97628 0.000285251 0)
(3.97625 0.000282204 0)
(3.97623 0.000279239 0)
(3.97621 0.000276368 0)
(3.4794 0.000459578 0)
(3.4794 0.000451613 0)
(3.4794 0.00044389 0)
(3.4794 0.000436411 0)
(3.4794 0.000429165 0)
(3.47941 0.000422144 0)
(3.47941 0.000415331 0)
(3.47942 0.000408712 0)
(3.47943 0.000402267 0)
(3.47943 0.000395986 0)
(3.47944 0.000389851 0)
(3.47945 0.000383858 0)
(3.47946 0.000377995 0)
(3.47948 0.000372263 0)
(3.47949 0.000366654 0)
(3.4795 0.000361172 0)
(3.47951 0.000355812 0)
(3.47953 0.000350577 0)
(3.47954 0.000345464 0)
(3.47956 0.000340473 0)
(3.47957 0.000335599 0)
(3.47959 0.000330843 0)
(3.47961 0.000326199 0)
(3.47962 0.000321665 0)
(3.47964 0.000317235 0)
(3.47966 0.000312909 0)
(3.47968 0.000308681 0)
(3.4797 0.000304551 0)
(3.47971 0.000300514 0)
(3.47973 0.000296572 0)
(3.47975 0.000292722 0)
(3.47977 0.00028897 0)
(3.47979 0.000285314 0)
(3.47981 0.000281763 0)
(3.47984 0.000278322 0)
(2.88398 0.000425608 0)
(2.88406 0.000416652 0)
(2.88414 0.000408002 0)
(2.88422 0.00039965 0)
(2.88429 0.00039159 0)
(2.88437 0.000383809 0)
(2.88445 0.000376292 0)
(2.88452 0.000369024 0)
(2.8846 0.00036199 0)
(2.88468 0.000355173 0)
(2.88475 0.00034856 0)
(2.88483 0.000342138 0)
(2.8849 0.000335899 0)
(2.88497 0.000329833 0)
(2.88505 0.000323933 0)
(2.88512 0.000318194 0)
(2.88519 0.000312611 0)
(2.88526 0.000307179 0)
(2.88533 0.000301895 0)
(2.88541 0.000296754 0)
(2.88548 0.000291753 0)
(2.88554 0.000286887 0)
(2.88561 0.000282154 0)
(2.88568 0.000277548 0)
(2.88575 0.000273068 0)
(2.88582 0.000268709 0)
(2.88588 0.000264468 0)
(2.88595 0.000260341 0)
(2.88602 0.000256327 0)
(2.88608 0.000252423 0)
(2.88614 0.000248628 0)
(2.88621 0.000244941 0)
(2.88627 0.000241364 0)
(2.88634 0.000237897 0)
(2.8864 0.000234547 0)
(2.19314 0.000301579 0)
(2.19328 0.000294196 0)
(2.19342 0.000287101 0)
(2.19356 0.000280281 0)
(2.1937 0.00027373 0)
(2.19383 0.000267434 0)
(2.19396 0.000261386 0)
(2.19409 0.00025557 0)
(2.19422 0.000249977 0)
(2.19434 0.000244589 0)
(2.19446 0.000239399 0)
(2.19458 0.000234389 0)
(2.1947 0.000229552 0)
(2.19482 0.000224871 0)
(2.19493 0.000220345 0)
(2.19505 0.000215957 0)
(2.19516 0.000211706 0)
(2.19527 0.000207581 0)
(2.19537 0.000203582 0)
(2.19548 0.000199698 0)
(2.19558 0.000195933 0)
(2.19569 0.000192276 0)
(2.19579 0.000188731 0)
(2.19589 0.000185291 0)
(2.19598 0.000181957 0)
(2.19608 0.000178724 0)
(2.19617 0.000175592 0)
(2.19627 0.000172555 0)
(2.19636 0.000169616 0)
(2.19645 0.000166766 0)
(2.19654 0.000164008 0)
(2.19663 0.000161338 0)
(2.19672 0.000158756 0)
(2.1968 0.000156262 0)
(2.19689 0.000153859 0)
(1.40811 0.000134969 0)
(1.40826 0.000131404 0)
(1.4084 0.00012798 0)
(1.40854 0.000124694 0)
(1.40867 0.000121546 0)
(1.4088 0.000118532 0)
(1.40893 0.000115648 0)
(1.40906 0.000112889 0)
(1.40918 0.000110247 0)
(1.4093 0.000107715 0)
(1.40942 0.000105284 0)
(1.40953 0.000102947 0)
(1.40965 0.000100695 0)
(1.40976 9.8521e-05 0)
(1.40987 9.64189e-05 0)
(1.40997 9.43838e-05 0)
(1.41008 9.24109e-05 0)
(1.41018 9.04979e-05 0)
(1.41028 8.86416e-05 0)
(1.41038 8.68414e-05 0)
(1.41047 8.50954e-05 0)
(1.41057 8.34038e-05 0)
(1.41066 8.17653e-05 0)
(1.41075 8.01805e-05 0)
(1.41084 7.86478e-05 0)
(1.41093 7.71674e-05 0)
(1.41101 7.57373e-05 0)
(1.4111 7.43573e-05 0)
(1.41118 7.30249e-05 0)
(1.41126 7.17396e-05 0)
(1.41134 7.04987e-05 0)
(1.41142 6.9302e-05 0)
(1.4115 6.81479e-05 0)
(1.41158 6.70371e-05 0)
(1.41165 6.597e-05 0)
(0.528744 1.35176e-05 0)
(0.528815 1.31259e-05 0)
(0.528884 1.27587e-05 0)
(0.528952 1.2414e-05 0)
(0.529017 1.2092e-05 0)
(0.529081 1.17887e-05 0)
(0.529144 1.15028e-05 0)
(0.529205 1.12296e-05 0)
(0.529264 1.09681e-05 0)
(0.529323 1.07141e-05 0)
(0.529379 1.04679e-05 0)
(0.529435 1.02266e-05 0)
(0.529489 9.99158e-06 0)
(0.529542 9.76105e-06 0)
(0.529594 9.53729e-06 0)
(0.529645 9.31888e-06 0)
(0.529695 9.10836e-06 0)
(0.529744 8.90424e-06 0)
(0.529791 8.70878e-06 0)
(0.529838 8.52018e-06 0)
(0.529884 8.34027e-06 0)
(0.529929 8.16705e-06 0)
(0.529973 8.00193e-06 0)
(0.530016 7.84277e-06 0)
(0.530058 7.69075e-06 0)
(0.530099 7.54388e-06 0)
(0.53014 7.40325e-06 0)
(0.53018 7.26708e-06 0)
(0.530219 7.13642e-06 0)
(0.530258 7.00984e-06 0)
(0.530296 6.88851e-06 0)
(0.530333 6.7714e-06 0)
(0.530369 6.65973e-06 0)
(0.530405 6.55283e-06 0)
(0.530441 6.45211e-06 0)
(0.530477 -6.34793e-06 0)
(0.530511 -6.26095e-06 0)
(0.530545 -6.18112e-06 0)
(0.530578 -6.112e-06 0)
(0.530611 -6.04062e-06 0)
(0.530644 -6.01106e-06 0)
(0.530675 -5.74469e-06 0)
(0.530708 -6.13216e-06 0)
(0.530734 -3.76976e-06 0)
(0.530779 -9.87908e-06 0)
(1.41173 -6.50025e-05 0)
(1.41181 -6.4033e-05 0)
(1.41188 -6.31134e-05 0)
(1.41195 -6.22513e-05 0)
(1.41202 -6.1431e-05 0)
(1.41209 -6.07031e-05 0)
(1.41216 -5.98059e-05 0)
(1.41223 -5.94234e-05 0)
(1.41229 -5.65963e-05 0)
(1.41238 -6.10243e-05 0)
(2.19698 -0.000151786 0)
(2.19706 -0.000149586 0)
(2.19714 -0.000147493 0)
(2.19722 -0.000145519 0)
(2.1973 -0.00014367 0)
(2.19738 -0.000141973 0)
(2.19746 -0.000140337 0)
(2.19754 -0.000139014 0)
(2.1976 -0.000137054 0)
(2.19772 -0.000137069 0)
(2.88647 -0.000231825 0)
(2.88653 -0.000228747 0)
(2.88659 -0.000225818 0)
(2.88665 -0.000223052 0)
(2.88671 -0.000220489 0)
(2.88677 -0.00021812 0)
(2.88683 -0.000216128 0)
(2.88689 -0.0002141 0)
(2.88694 -0.000213629 0)
(2.88703 -0.000210044 0)
(3.47986 -0.000275816 0)
(3.47988 -0.000272657 0)
(3.47991 -0.000269655 0)
(3.47993 -0.000266832 0)
(3.47995 -0.000264252 0)
(3.47997 -0.000261884 0)
(3.48 -0.000260097 0)
(3.48002 -0.000258053 0)
(3.48004 -0.000258942 0)
(3.48008 -0.000253858 0)
(3.9762 -0.000274723 0)
(3.97618 -0.000272104 0)
(3.97616 -0.000269632 0)
(3.97615 -0.00026733 0)
(3.97613 -0.000265272 0)
(3.97611 -0.000263424 0)
(3.9761 -0.000262198 0)
(3.97608 -0.000260679 0)
(3.97607 -0.000262218 0)
(3.97605 -0.000257637 0)
(4.37433 -0.000237711 0)
(4.37428 -0.000235815 0)
(4.37424 -0.000234044 0)
(4.37419 -0.000232422 0)
(4.37414 -0.000231015 0)
(4.3741 -0.000229798 0)
(4.37406 -0.000229109 0)
(4.37401 -0.000228211 0)
(4.37397 -0.000229696 0)
(4.37391 -0.00022653 0)
(4.67339 -0.000179588 0)
(4.67332 -0.00017834 0)
(4.67326 -0.00017719 0)
(4.6732 -0.000176157 0)
(4.67314 -0.000175288 0)
(4.67308 -0.000174573 0)
(4.67302 -0.000174231 0)
(4.67295 -0.000173793 0)
(4.6729 -0.000174867 0)
(4.67281 -0.00017306 0)
(4.8729 -0.00011106 0)
(4.87283 -0.000110359 0)
(4.87276 -0.000109719 0)
(4.87269 -0.000109154 0)
(4.87262 -0.000108691 0)
(4.87256 -0.000108325 0)
(4.87249 -0.000108179 0)
(4.87242 -0.000107995 0)
(4.87236 -0.000108607 0)
(4.87226 -0.000107748 0)
(4.97269 -3.80684e-05 0)
(4.97262 -3.78556e-05 0)
(4.97255 -3.76628e-05 0)
(4.97247 -3.74944e-05 0)
(4.9724 -3.73588e-05 0)
(4.97233 -3.72562e-05 0)
(4.97226 -3.7222e-05 0)
(4.97218 -3.71839e-05 0)
(4.97212 -3.73904e-05 0)
(4.97202 -3.71448e-05 0)
(4.97269 3.62145e-05 0)
(4.97262 3.59558e-05 0)
(4.97255 3.57201e-05 0)
(4.97247 3.55126e-05 0)
(4.9724 3.53426e-05 0)
(4.97233 3.52102e-05 0)
(4.97226 3.51478e-05 0)
(4.97218 3.50833e-05 0)
(4.97212 3.5254e-05 0)
(4.97202 3.49927e-05 0)
(4.8729 0.000109283 0)
(4.87283 0.000108539 0)
(4.87276 0.00010786 0)
(4.87269 0.000107259 0)
(4.87262 0.000106763 0)
(4.87255 0.000106369 0)
(4.87248 0.000106195 0)
(4.87241 0.000105989 0)
(4.87236 0.000106568 0)
(4.87225 0.000105692 0)
(4.67338 0.000177964 0)
(4.67332 0.00017668 0)
(4.67326 0.000175495 0)
(4.67319 0.00017443 0)
(4.67313 0.000173533 0)
(4.67307 0.00017279 0)
(4.67301 0.000172425 0)
(4.67295 0.000171963 0)
(4.6729 0.000173012 0)
(4.67281 0.000171196 0)
(4.37432 0.00023631 0)
(4.37428 0.000234384 0)
(4.37423 0.000232584 0)
(4.37418 0.000230936 0)
(4.37414 0.000229502 0)
(4.37409 0.000228263 0)
(4.37405 0.000227549 0)
(4.374 0.00022664 0)
(4.37397 0.000228106 0)
(4.3739 0.000224928 0)
(3.97619 0.000273602 0)
(3.97618 0.000270958 0)
(3.97616 0.000268462 0)
(3.97614 0.000266137 0)
(3.97612 0.000264057 0)
(3.9761 0.000262187 0)
(3.97609 0.000260947 0)
(3.97607 0.000259411 0)
(3.97606 0.000260947 0)
(3.97604 0.000256366 0)
(3.47986 0.000275005 0)
(3.47988 0.000271825 0)
(3.4799 0.000268804 0)
(3.47992 0.000265963 0)
(3.47994 0.000263365 0)
(3.47996 0.000260982 0)
(3.47999 0.000259182 0)
(3.48001 0.00025713 0)
(3.48003 0.000258029 0)
(3.48007 0.000252944 0)
(2.88646 0.00023132 0)
(2.88652 0.000228228 0)
(2.88658 0.000225284 0)
(2.88664 0.000222506 0)
(2.8867 0.000219932 0)
(2.88676 0.000217553 0)
(2.88682 0.000215553 0)
(2.88688 0.000213525 0)
(2.88693 0.000213071 0)
(2.88702 0.000209477 0)
(2.19697 0.00015155 0)
(2.19705 0.000149341 0)
(2.19714 0.000147239 0)
(2.19722 0.000145257 0)
(2.1973 0.0001434 0)
(2.19737 0.000141697 0)
(2.19745 0.000140068 0)
(2.19753 0.000138735 0)
(2.1976 0.000136799 0)
(2.19771 0.000136797 0)
(1.41173 6.49485e-05 0)
(1.4118 6.39753e-05 0)
(1.41187 6.30506e-05 0)
(1.41194 6.21842e-05 0)
(1.41202 6.13573e-05 0)
(1.41208 6.06297e-05 0)
(1.41215 5.9731e-05 0)
(1.41222 5.93478e-05 0)
(1.41228 5.65424e-05 0)
(1.41238 6.09404e-05 0)
(0.530476 6.3573e-06 0)
(0.53051 6.26967e-06 0)
(0.530544 6.18684e-06 0)
(0.530577 6.11629e-06 0)
(0.53061 6.0439e-06 0)
(0.530642 6.0097e-06 0)
(0.530674 5.7385e-06 0)
(0.530706 6.14302e-06 0)
(0.530733 3.77751e-06 0)
(0.530778 9.87887e-06 0)
)
;

boundaryField
{
    inlet
    {
        type            fixedProfile;
        profile         csvFile;
        profileCoeffs
        {
            nHeaderLine     0;
            refColumn       0;
            componentColumns 3(1 2 3);
            separator       ",";
            mergeSeparators 0;
            file            "0/Uprofile.csv";
        }
        direction       (0 1 0);
        origin          -1;
        value           nonuniform List<vector> 
20
(
(0.4875 0 0)
(1.3875 0 0)
(2.1875 0 0)
(2.8875 0 0)
(3.4875 0 0)
(3.9875 0 0)
(4.3875 0 0)
(4.6875 0 0)
(4.8875 0 0)
(4.9875 0 0)
(4.9875 0 0)
(4.8875 0 0)
(4.6875 0 0)
(4.3875 0 0)
(3.9875 0 0)
(3.4875 0 0)
(2.8875 0 0)
(2.1875 0 0)
(1.3875 0 0)
(0.4875 0 0)
)
;
    }
    outlet
    {
        type            zeroGradient;
    }
    upperWall
    {
        type            noSlip;
    }
    lowerWall
    {
        type            noSlip;
    }
    frontAndBack
    {
        type            empty;
    }
}


// ************************************************************************* //
