/*--------------------------------*- C++ -*----------------------------------*\
| =========                 |                                                 |
| \\      /  F ield         | OpenFOAM: The Open Source CFD Toolbox           |
|  \\    /   O peration     | Version:  2406                                  |
|   \\  /    A nd           | Website:  www.openfoam.com                      |
|    \\/     M anipulation  |                                                 |
\*---------------------------------------------------------------------------*/
FoamFile
{
    version     2.0;
    format      ascii;
    arch        "LSB;label=32;scalar=64";
    class       volVectorField;
    location    "62";
    object      U;
}
// * * * * * * * * * * * * * * * * * * * * * * * * * * * * * * * * * * * * * //

dimensions      [0 1 -1 0 0 0 0];

internalField   nonuniform List<vector> 
1900
(
(0.190903 -0.00250756 0)
(0.196496 -0.00345198 0)
(0.202163 -0.00274962 0)
(0.207184 -0.00219878 0)
(0.21209 -0.00205154 0)
(0.217354 -0.00216697 0)
(0.223342 -0.00255485 0)
(0.230452 -0.0033793 0)
(0.240076 -0.00542115 0)
(0.249147 -0.0192509 0)
(0.507273 -0.00318948 0)
(0.507699 -0.00653666 0)
(0.510026 -0.00750451 0)
(0.513092 -0.00788407 0)
(0.517285 -0.00848589 0)
(0.52281 -0.00948796 0)
(0.529687 -0.0110793 0)
(0.538017 -0.0136892 0)
(0.548163 -0.0179091 0)
(0.558382 -0.026318 0)
(0.74799 -0.00227298 0)
(0.748264 -0.00562345 0)
(0.749261 -0.00781635 0)
(0.75025 -0.00966193 0)
(0.752093 -0.0116878 0)
(0.755183 -0.0140939 0)
(0.759411 -0.0170986 0)
(0.764577 -0.0210961 0)
(0.770405 -0.0265888 0)
(0.775941 -0.034489 0)
(0.908323 -0.00183287 0)
(0.908607 -0.00511944 0)
(0.909156 -0.00791772 0)
(0.909138 -0.0105483 0)
(0.909407 -0.0133528 0)
(0.910406 -0.016532 0)
(0.911995 -0.020268 0)
(0.913894 -0.0247979 0)
(0.915798 -0.0303318 0)
(0.917191 -0.0369682 0)
(0.988423 -0.00154177 0)
(0.988532 -0.00451426 0)
(0.988618 -0.00737298 0)
(0.987748 -0.0102591 0)
(0.986706 -0.0133476 0)
(0.985939 -0.0167749 0)
(0.985293 -0.0206621 0)
(0.98448 -0.0251237 0)
(0.983243 -0.0302132 0)
(0.98127 -0.0358568 0)
(0.988389 -0.00116578 0)
(0.988228 -0.00354505 0)
(0.987757 -0.00611201 0)
(0.986017 -0.00889719 0)
(0.98378 -0.0119027 0)
(0.981471 -0.0151799 0)
(0.978921 -0.0188002 0)
(0.97585 -0.0228066 0)
(0.972052 -0.0271829 0)
(0.967327 -0.0318246 0)
(0.908221 -0.000591111 0)
(0.907708 -0.0021009 0)
(0.906621 -0.00415209 0)
(0.904045 -0.00656873 0)
(0.900786 -0.00917976 0)
(0.897226 -0.0119835 0)
(0.893165 -0.0150231 0)
(0.888335 -0.0182963 0)
(0.882568 -0.021752 0)
(0.875731 -0.0252924 0)
(0.747827 0.000387404 0)
(0.746831 1.88904e-05 0)
(0.74523 -0.00150161 0)
(0.74216 -0.00346772 0)
(0.738406 -0.00551033 0)
(0.734247 -0.0076355 0)
(0.729437 -0.00988735 0)
(0.723716 -0.0122373 0)
(0.716936 -0.0146242 0)
(0.709001 -0.0169748 0)
(0.507082 0.00198467 0)
(0.505942 0.00303367 0)
(0.505049 0.00182116 0)
(0.503124 5.30924e-05 0)
(0.50051 -0.00159829 0)
(0.497275 -0.00313421 0)
(0.493179 -0.00460685 0)
(0.488032 -0.00599703 0)
(0.481759 -0.00727813 0)
(0.474344 -0.00843291 0)
(0.190722 0.00201822 0)
(0.194991 0.00231416 0)
(0.197983 0.00117261 0)
(0.199032 0.000257149 0)
(0.198736 -0.000280361 0)
(0.19747 -0.000656625 0)
(0.195322 -0.000958056 0)
(0.192344 -0.00119034 0)
(0.188623 -0.00136191 0)
(0.184253 -0.00148642 0)
(-5.95929e-05 4.47625e-05 0)
(-0.00131662 0.000393234 0)
(-0.00367848 0.000614063 0)
(-0.00660797 0.0006875 0)
(-0.00966804 0.000698416 0)
(-0.0126858 0.000689243 0)
(-0.0156109 0.00067659 0)
(-0.0184342 0.00066519 0)
(-0.0211576 0.000655169 0)
(-0.0237835 0.000645551 0)
(-0.0263119 0.000635509 0)
(-0.0287413 0.000624612 0)
(-0.0310682 0.000612642 0)
(-0.033288 0.000599379 0)
(-0.0353945 0.000584609 0)
(-0.03738 0.000567972 0)
(-0.0392346 0.00054902 0)
(-0.0409465 0.000527159 0)
(-0.0425017 0.000501731 0)
(-0.0438841 0.000472017 0)
(-0.0450758 0.000437337 0)
(-0.0460574 0.000396989 0)
(-0.0468082 0.000350326 0)
(-0.0473073 0.000296694 0)
(-0.0475337 0.000235834 0)
(-0.0474665 0.000168067 0)
(-0.0470883 9.38464e-05 0)
(-0.0463839 1.37045e-05 0)
(-0.0453413 -7.16277e-05 0)
(-0.0439529 -0.000161037 0)
(-0.0422157 -0.000253221 0)
(-0.0401325 -0.000346471 0)
(-0.0377119 -0.000438983 0)
(-0.0349683 -0.00052887 0)
(-0.0319223 -0.000614285 0)
(-0.000553268 0.00140679 0)
(-0.00439667 0.00381153 0)
(-0.0102697 0.00525729 0)
(-0.017117 0.00580913 0)
(-0.0241179 0.00587743 0)
(-0.0309369 0.00574431 0)
(-0.0374534 0.00554643 0)
(-0.0436309 0.00533565 0)
(-0.0494644 0.00512574 0)
(-0.0549572 0.00491723 0)
(-0.0601124 0.00470752 0)
(-0.0649306 0.00449381 0)
(-0.0694092 0.00427341 0)
(-0.0735417 0.00404355 0)
(-0.0773183 0.0038011 0)
(-0.0807248 0.0035426 0)
(-0.0837433 0.00326427 0)
(-0.086352 0.00296223 0)
(-0.0885257 0.00263268 0)
(-0.0902361 0.0022722 0)
(-0.0914533 0.00187788 0)
(-0.0921461 0.00144755 0)
(-0.0922836 0.000980072 0)
(-0.0918362 0.000475755 0)
(-0.0907772 -6.36389e-05 0)
(-0.0890855 -0.000635168 0)
(-0.0867432 -0.00123417 0)
(-0.0837383 -0.00185483 0)
(-0.0800668 -0.00249001 0)
(-0.075733 -0.00313123 0)
(-0.0707499 -0.0037689 0)
(-0.0651401 -0.00439268 0)
(-0.0589354 -0.0049921 0)
(-0.0521768 -0.00555678 0)
(-0.0449133 -0.00607672 0)
(-0.00104826 0.00454468 0)
(-0.00727472 0.0101937 0)
(-0.0158967 0.0131784 0)
(-0.025438 0.0142001 0)
(-0.0348751 0.0141715 0)
(-0.0438356 0.0136852 0)
(-0.0521884 0.0130374 0)
(-0.0598974 0.0123504 0)
(-0.0669659 0.0116637 0)
(-0.0734094 0.0109846 0)
(-0.079244 0.0103097 0)
(-0.0844816 0.00963292 0)
(-0.0891289 0.00894718 0)
(-0.0931865 0.00824494 0)
(-0.0966493 0.00751824 0)
(-0.099507 0.00675882 0)
(-0.101744 0.00595851 0)
(-0.103342 0.00510951 0)
(-0.104277 0.0042049 0)
(-0.104526 0.0032391 0)
(-0.104064 0.00220844 0)
(-0.102866 0.00111161 0)
(-0.100911 -4.94291e-05 0)
(-0.0981834 -0.00127129 0)
(-0.0946719 -0.00254748 0)
(-0.0903693 -0.00386892 0)
(-0.0852763 -0.00522448 0)
(-0.0794012 -0.00660048 0)
(-0.0727607 -0.00798071 0)
(-0.0653806 -0.00934713 0)
(-0.0572952 -0.0106807 0)
(-0.0485485 -0.0119615 0)
(-0.0391929 -0.0131699 0)
(-0.0292892 -0.014287 0)
(-0.0189046 -0.0152958 0)
(-0.00146119 0.00921847 0)
(-0.00950452 0.0189267 0)
(-0.019847 0.0233877 0)
(-0.0306696 0.0245567 0)
(-0.0408785 0.0240595 0)
(-0.0501689 0.0228535 0)
(-0.0584697 0.0214074 0)
(-0.0657902 0.0199169 0)
(-0.0721703 0.0184476 0)
(-0.0776561 0.0170121 0)
(-0.0822881 0.0156039 0)
(-0.0860988 0.0142106 0)
(-0.0891113 0.0128178 0)
(-0.0913399 0.011411 0)
(-0.0927916 0.00997586 0)
(-0.0934669 0.0084986 0)
(-0.0933616 0.00696657 0)
(-0.092468 0.00536888 0)
(-0.0907763 0.00369671 0)
(-0.0882763 0.00194429 0)
(-0.0849583 0.000110517 0)
(-0.0808204 -0.00180319 0)
(-0.0758635 -0.00379126 0)
(-0.0700894 -0.00584435 0)
(-0.0635069 -0.00795019 0)
(-0.0561317 -0.0100924 0)
(-0.047987 -0.012252 0)
(-0.0391034 -0.0144078 0)
(-0.0295192 -0.0165351 0)
(-0.0192805 -0.0186073 0)
(-0.00844073 -0.0205972 0)
(0.00293628 -0.0224764 0)
(0.0147834 -0.0242184 0)
(0.0270321 -0.0257992 0)
(0.0396072 -0.0271969 0)
(-0.00181743 0.0150054 0)
(-0.0109731 0.0289792 0)
(-0.0216775 0.0343906 0)
(-0.0320141 0.0350744 0)
(-0.0410454 0.0335611 0)
(-0.0486605 0.0311884 0)
(-0.0549182 0.0285767 0)
(-0.0599144 0.0259748 0)
(-0.0637492 0.0234599 0)
(-0.0665099 0.021039 0)
(-0.0682671 0.0186949 0)
(-0.0690759 0.0164035 0)
(-0.068977 0.0141394 0)
(-0.0679998 0.0118792 0)
(-0.0661645 0.00960091 0)
(-0.0634852 0.00728543 0)
(-0.0599706 0.00491641 0)
(-0.0556274 0.00248217 0)
(-0.0504618 -2.5681e-05 0)
(-0.0444844 -0.00261237 0)
(-0.0377094 -0.00527642 0)
(-0.0301495 -0.00801149 0)
(-0.0218235 -0.0108083 0)
(-0.012755 -0.0136531 0)
(-0.00297307 -0.0165272 0)
(0.0074838 -0.0194076 0)
(0.0185717 -0.0222687 0)
(0.030243 -0.0250822 0)
(0.0424434 -0.0278162 0)
(0.0551119 -0.0304378 0)
(0.0681826 -0.0329132 0)
(0.0815853 -0.0352097 0)
(0.0952462 -0.0372968 0)
(0.109088 -0.0391466 0)
(0.123032 -0.0407344 0)
(-0.00215452 0.021561 0)
(-0.0116328 0.0391757 0)
(-0.020892 0.044418 0)
(-0.0284768 0.0437123 0)
(-0.0340126 0.0405692 0)
(-0.0377445 0.0366233 0)
(-0.0399147 0.0325714 0)
(-0.0407215 0.0286688 0)
(-0.0403238 0.0249745 0)
(-0.0388421 0.0214719 0)
(-0.0363664 0.0181217 0)
(-0.0329634 0.0148809 0)
(-0.0286834 0.0117098 0)
(-0.0235634 0.00857409 0)
(-0.0176307 0.00544381 0)
(-0.0109085 0.00229416 0)
(-0.00341426 -0.000894484 0)
(0.00483235 -0.00413497 0)
(0.0138051 -0.0074337 0)
(0.0234798 -0.0107909 0)
(0.0338304 -0.0142028 0)
(0.044826 -0.01766 0)
(0.0564308 -0.0211484 0)
(0.0686043 -0.0246485 0)
(0.0813007 -0.0281365 0)
(0.0944691 -0.0315852 0)
(0.108053 -0.0349628 0)
(0.121991 -0.038234 0)
(0.136216 -0.0413618 0)
(0.15066 -0.0443084 0)
(0.165248 -0.0470364 0)
(0.179906 -0.0495101 0)
(0.194558 -0.0516966 0)
(0.209129 -0.0535672 0)
(0.223545 -0.0550979 0)
(-0.00248535 0.0288496 0)
(-0.011101 0.0480608 0)
(-0.0162017 0.0511156 0)
(-0.0179488 0.0479379 0)
(-0.0171818 0.0427024 0)
(-0.0146271 0.0370205 0)
(-0.0106822 0.031512 0)
(-0.00559809 0.026366 0)
(0.000453272 0.0215814 0)
(0.00735654 0.0170965 0)
(0.0150346 0.0128433 0)
(0.0234367 0.00875877 0)
(0.0325227 0.00478736 0)
(0.0422611 0.000882382 0)
(0.052634 -0.00299238 0)
(0.0636188 -0.00686327 0)
(0.0751881 -0.010748 0)
(0.0873129 -0.0146582 0)
(0.0999619 -0.0185982 0)
(0.113101 -0.022565 0)
(0.126693 -0.0265504 0)
(0.140695 -0.0305411 0)
(0.155061 -0.0345179 0)
(0.169738 -0.0384567 0)
(0.184671 -0.0423284 0)
(0.199799 -0.0460999 0)
(0.215058 -0.0497349 0)
(0.23038 -0.0531947 0)
(0.245694 -0.0564394 0)
(0.260929 -0.059429 0)
(0.276013 -0.0621251 0)
(0.290874 -0.0644919 0)
(0.305443 -0.0664976 0)
(0.319655 -0.0681157 0)
(0.333446 -0.0693255 0)
(-0.00269829 0.0370103 0)
(-0.00727671 0.0531667 0)
(-0.00336527 0.0509584 0)
(0.00513762 0.0445039 0)
(0.0154768 0.0372963 0)
(0.0266901 0.0302273 0)
(0.0384877 0.0236632 0)
(0.0507305 0.0176739 0)
(0.0633417 0.012172 0)
(0.0762901 0.00704138 0)
(0.0895641 0.00218267 0)
(0.103175 -0.00248019 0)
(0.117124 -0.00700707 0)
(0.131405 -0.0114448 0)
(0.145999 -0.0158277 0)
(0.160887 -0.0201796 0)
(0.176048 -0.0245153 0)
(0.191453 -0.0288422 0)
(0.207073 -0.0331613 0)
(0.22287 -0.0374666 0)
(0.238803 -0.0417463 0)
(0.254827 -0.0459822 0)
(0.270891 -0.0501506 0)
(0.28694 -0.0542232 0)
(0.302914 -0.0581668 0)
(0.318753 -0.061945 0)
(0.334393 -0.0655189 0)
(0.349767 -0.0688482 0)
(0.364811 -0.071892 0)
(0.379461 -0.074611 0)
(0.393655 -0.0769682 0)
(0.407336 -0.0789308 0)
(0.420448 -0.0804707 0)
(0.432946 -0.0815665 0)
(0.444786 -0.0822034 0)
(0.00159952 0.0391905 0)
(0.00994369 0.0469343 0)
(0.0309386 0.0382896 0)
(0.0547265 0.0295096 0)
(0.0772018 0.0216951 0)
(0.0982595 0.0144585 0)
(0.11837 0.00781392 0)
(0.137799 0.00176877 0)
(0.156701 -0.00379344 0)
(0.175215 -0.0090056 0)
(0.193455 -0.0139648 0)
(0.211482 -0.0187418 0)
(0.229339 -0.0233892 0)
(0.247056 -0.027946 0)
(0.264648 -0.0324388 0)
(0.282118 -0.0368848 0)
(0.29946 -0.0412934 0)
(0.316658 -0.0456665 0)
(0.333691 -0.0499996 0)
(0.350529 -0.0542813 0)
(0.367136 -0.0584943 0)
(0.38347 -0.0626157 0)
(0.399486 -0.0666176 0)
(0.415134 -0.0704676 0)
(0.430363 -0.0741301 0)
(0.445118 -0.0775668 0)
(0.459347 -0.0807382 0)
(0.472995 -0.0836043 0)
(0.486012 -0.0861263 0)
(0.498352 -0.0882679 0)
(0.509973 -0.0899963 0)
(0.520839 -0.0912841 0)
(0.530919 -0.0921096 0)
(0.540194 -0.0924586 0)
(0.548648 -0.0923242 0)
(0.0505492 0.0109095 0)
(0.0841486 0.0115319 0)
(0.122637 0.00512809 0)
(0.159722 -0.000855173 0)
(0.191434 -0.00596033 0)
(0.21915 -0.010932 0)
(0.244497 -0.0158679 0)
(0.268177 -0.0206516 0)
(0.29052 -0.0252581 0)
(0.311788 -0.0297248 0)
(0.332194 -0.0340876 0)
(0.351879 -0.0383697 0)
(0.370937 -0.0425895 0)
(0.38943 -0.0467619 0)
(0.407398 -0.050896 0)
(0.424864 -0.0549949 0)
(0.441835 -0.0590558 0)
(0.458308 -0.0630704 0)
(0.47427 -0.0670252 0)
(0.489699 -0.0709015 0)
(0.504568 -0.0746758 0)
(0.518845 -0.0783199 0)
(0.532495 -0.081802 0)
(0.545477 -0.0850872 0)
(0.557754 -0.0881383 0)
(0.569285 -0.0909171 0)
(0.580034 -0.0933853 0)
(0.589967 -0.0955059 0)
(0.599055 -0.097244 0)
(0.607275 -0.0985687 0)
(0.614609 -0.0994537 0)
(0.621049 -0.0998788 0)
(0.626596 -0.0998305 0)
(0.631255 -0.0993029 0)
(0.635046 -0.0982979 0)
(0.282581 -0.0389058 0)
(0.302149 -0.0387914 0)
(0.325275 -0.0367168 0)
(0.35202 -0.0363116 0)
(0.377645 -0.0371802 0)
(0.401153 -0.0389646 0)
(0.423132 -0.041433 0)
(0.443918 -0.0443316 0)
(0.463602 -0.047469 0)
(0.48228 -0.0507431 0)
(0.500063 -0.0541022 0)
(0.517039 -0.0575141 0)
(0.533261 -0.0609565 0)
(0.548765 -0.064413 0)
(0.563571 -0.0678694 0)
(0.57769 -0.0713111 0)
(0.59112 -0.0747215 0)
(0.603852 -0.0780814 0)
(0.61587 -0.0813683 0)
(0.627153 -0.0845565 0)
(0.637677 -0.0876172 0)
(0.647415 -0.0905186 0)
(0.656338 -0.0932266 0)
(0.664419 -0.0957055 0)
(0.671631 -0.0979191 0)
(0.677953 -0.0998313 0)
(0.683364 -0.101408 0)
(0.687852 -0.102616 0)
(0.691412 -0.103427 0)
(0.694045 -0.103818 0)
(0.695761 -0.103771 0)
(0.69658 -0.103273 0)
(0.69653 -0.102321 0)
(0.695647 -0.100917 0)
(0.693977 -0.0990712 0)
(0.566168 -0.0389778 0)
(0.570221 -0.0464141 0)
(0.576789 -0.049873 0)
(0.587329 -0.0522643 0)
(0.599608 -0.0544462 0)
(0.612204 -0.0565616 0)
(0.624809 -0.0587539 0)
(0.637287 -0.0610987 0)
(0.649444 -0.0635815 0)
(0.661143 -0.0661654 0)
(0.672315 -0.0688229 0)
(0.682923 -0.0715331 0)
(0.692935 -0.0742757 0)
(0.70232 -0.0770309 0)
(0.71105 -0.0797794 0)
(0.719099 -0.0825016 0)
(0.72644 -0.0851764 0)
(0.733046 -0.0877807 0)
(0.738888 -0.0902891 0)
(0.743939 -0.0926739 0)
(0.748172 -0.0949051 0)
(0.751564 -0.0969512 0)
(0.754091 -0.0987796 0)
(0.755736 -0.100357 0)
(0.756486 -0.101652 0)
(0.756335 -0.102634 0)
(0.755283 -0.103273 0)
(0.753338 -0.103546 0)
(0.750518 -0.103432 0)
(0.746849 -0.102916 0)
(0.742367 -0.101989 0)
(0.737118 -0.10065 0)
(0.731154 -0.0989016 0)
(0.724538 -0.096756 0)
(0.717338 -0.094231 0)
(0.779545 -0.0437324 0)
(0.780998 -0.0506422 0)
(0.782434 -0.0550326 0)
(0.785211 -0.0583651 0)
(0.788981 -0.0613164 0)
(0.793137 -0.0639892 0)
(0.797445 -0.066469 0)
(0.801797 -0.0688582 0)
(0.806045 -0.0712057 0)
(0.810041 -0.0735215 0)
(0.813679 -0.0758077 0)
(0.816885 -0.0780648 0)
(0.819596 -0.0802885 0)
(0.821757 -0.08247 0)
(0.823318 -0.084597 0)
(0.824237 -0.086655 0)
(0.824477 -0.0886267 0)
(0.824002 -0.0904922 0)
(0.822783 -0.0922291 0)
(0.820794 -0.0938129 0)
(0.818013 -0.0952176 0)
(0.814425 -0.096416 0)
(0.81002 -0.0973812 0)
(0.804794 -0.0980864 0)
(0.798754 -0.0985068 0)
(0.791911 -0.0986195 0)
(0.784288 -0.0984051 0)
(0.775917 -0.0978482 0)
(0.766839 -0.0969381 0)
(0.757104 -0.0956694 0)
(0.746771 -0.0940425 0)
(0.735907 -0.0920637 0)
(0.724587 -0.0897452 0)
(0.712891 -0.087105 0)
(0.700903 -0.0841663 0)
(0.917331 -0.0440777 0)
(0.916005 -0.0502483 0)
(0.914008 -0.0549841 0)
(0.912167 -0.0587575 0)
(0.910579 -0.0619932 0)
(0.909002 -0.0648293 0)
(0.907286 -0.0673418 0)
(0.905369 -0.0696228 0)
(0.903178 -0.0717424 0)
(0.900624 -0.0737368 0)
(0.897632 -0.0756245 0)
(0.894148 -0.0774165 0)
(0.890127 -0.0791178 0)
(0.885528 -0.0807269 0)
(0.880316 -0.0822381 0)
(0.874458 -0.0836419 0)
(0.867931 -0.0849259 0)
(0.860713 -0.086075 0)
(0.852789 -0.0870718 0)
(0.844151 -0.0878974 0)
(0.834795 -0.088532 0)
(0.824726 -0.0889554 0)
(0.813955 -0.0891482 0)
(0.802502 -0.0890922 0)
(0.790395 -0.0887712 0)
(0.777672 -0.0881719 0)
(0.764379 -0.0872844 0)
(0.75057 -0.0861024 0)
(0.736309 -0.0846246 0)
(0.721666 -0.082854 0)
(0.706719 -0.0807986 0)
(0.691549 -0.0784712 0)
(0.676243 -0.075889 0)
(0.660889 -0.0730735 0)
(0.645576 -0.0700496 0)
(0.978195 -0.0416925 0)
(0.973894 -0.0470386 0)
(0.968709 -0.0514603 0)
(0.963094 -0.0550497 0)
(0.95721 -0.0580575 0)
(0.950991 -0.0606264 0)
(0.944363 -0.0628316 0)
(0.937298 -0.064748 0)
(0.929769 -0.0664431 0)
(0.921733 -0.0679614 0)
(0.913154 -0.0693292 0)
(0.904003 -0.0705627 0)
(0.894262 -0.0716721 0)
(0.883914 -0.0726619 0)
(0.872946 -0.0735314 0)
(0.861353 -0.0742764 0)
(0.849131 -0.0748894 0)
(0.836286 -0.0753608 0)
(0.822826 -0.0756791 0)
(0.808768 -0.0758319 0)
(0.794134 -0.0758063 0)
(0.778954 -0.0755901 0)
(0.763264 -0.0751718 0)
(0.747107 -0.0745417 0)
(0.730537 -0.0736922 0)
(0.71361 -0.0726181 0)
(0.696394 -0.0713176 0)
(0.678958 -0.069792 0)
(0.661381 -0.0680464 0)
(0.643742 -0.0660893 0)
(0.626126 -0.0639329 0)
(0.608618 -0.0615927 0)
(0.591301 -0.0590869 0)
(0.57426 -0.0564365 0)
(0.557574 -0.0536639 0)
(0.961478 -0.0364899 0)
(0.954435 -0.0408021 0)
(0.946353 -0.044473 0)
(0.937488 -0.0474804 0)
(0.927996 -0.0499512 0)
(0.917903 -0.0519939 0)
(0.907207 -0.0536758 0)
(0.895916 -0.0550575 0)
(0.884043 -0.0561974 0)
(0.871589 -0.0571408 0)
(0.858557 -0.0579182 0)
(0.84495 -0.0585508 0)
(0.83078 -0.0590535 0)
(0.816059 -0.0594357 0)
(0.800803 -0.0597021 0)
(0.785031 -0.0598534 0)
(0.76877 -0.0598874 0)
(0.752046 -0.0597998 0)
(0.734895 -0.0595849 0)
(0.717354 -0.0592366 0)
(0.699468 -0.0587486 0)
(0.681286 -0.0581151 0)
(0.662861 -0.0573313 0)
(0.644253 -0.0563941 0)
(0.625525 -0.0553017 0)
(0.606746 -0.0540547 0)
(0.587987 -0.052656 0)
(0.569321 -0.0511107 0)
(0.550825 -0.0494266 0)
(0.532573 -0.0476138 0)
(0.51464 -0.0456844 0)
(0.4971 -0.0436524 0)
(0.48002 -0.0415335 0)
(0.463466 -0.0393442 0)
(0.447496 -0.0371016 0)
(0.867705 -0.0287558 0)
(0.858451 -0.0319255 0)
(0.848059 -0.0346229 0)
(0.836695 -0.036802 0)
(0.824507 -0.0385219 0)
(0.811578 -0.0398605 0)
(0.797965 -0.0408782 0)
(0.783722 -0.0416279 0)
(0.768905 -0.0421603 0)
(0.753561 -0.0425181 0)
(0.73773 -0.0427334 0)
(0.721453 -0.0428293 0)
(0.70477 -0.042823 0)
(0.687719 -0.0427263 0)
(0.670339 -0.0425464 0)
(0.652671 -0.042287 0)
(0.634756 -0.0419489 0)
(0.616637 -0.0415313 0)
(0.598359 -0.0410322 0)
(0.57997 -0.0404493 0)
(0.56152 -0.0397803 0)
(0.543061 -0.0390233 0)
(0.524649 -0.0381772 0)
(0.50634 -0.0372419 0)
(0.488194 -0.0362184 0)
(0.470271 -0.0351094 0)
(0.45263 -0.0339187 0)
(0.435332 -0.0326517 0)
(0.418436 -0.0313154 0)
(0.401997 -0.0299179 0)
(0.386068 -0.0284682 0)
(0.3707 -0.0269763 0)
(0.355935 -0.0254527 0)
(0.341813 -0.0239079 0)
(0.328367 -0.0223526 0)
(0.699842 -0.0191921 0)
(0.689457 -0.0211561 0)
(0.677931 -0.0227673 0)
(0.665418 -0.0239956 0)
(0.652078 -0.0248782 0)
(0.638044 -0.0254754 0)
(0.623428 -0.025841 0)
(0.60833 -0.0260206 0)
(0.592843 -0.0260555 0)
(0.577045 -0.0259808 0)
(0.561002 -0.0258233 0)
(0.544773 -0.0256021 0)
(0.528408 -0.0253306 0)
(0.511952 -0.0250178 0)
(0.495447 -0.0246689 0)
(0.478932 -0.0242861 0)
(0.462443 -0.0238699 0)
(0.446018 -0.0234198 0)
(0.429693 -0.0229345 0)
(0.413507 -0.0224128 0)
(0.397497 -0.0218537 0)
(0.381702 -0.0212565 0)
(0.366163 -0.0206209 0)
(0.350919 -0.0199476 0)
(0.336011 -0.0192378 0)
(0.321477 -0.0184934 0)
(0.307357 -0.0177173 0)
(0.293688 -0.0169131 0)
(0.280502 -0.0160849 0)
(0.267833 -0.0152375 0)
(0.255708 -0.0143759 0)
(0.24415 -0.0135054 0)
(0.23318 -0.0126312 0)
(0.222813 -0.0117585 0)
(0.21306 -0.0108922 0)
(0.465805 -0.00943478 0)
(0.456211 -0.0102441 0)
(0.445697 -0.0108301 0)
(0.434441 -0.0111955 0)
(0.422626 -0.0113767 0)
(0.410411 -0.0114204 0)
(0.397926 -0.0113653 0)
(0.385278 -0.0112403 0)
(0.372553 -0.0110683 0)
(0.359818 -0.010867 0)
(0.347123 -0.0106487 0)
(0.334508 -0.0104206 0)
(0.322 -0.0101867 0)
(0.309626 -0.00994869 0)
(0.297404 -0.009707 0)
(0.285352 -0.00946095 0)
(0.273489 -0.00920945 0)
(0.261831 -0.00895134 0)
(0.250395 -0.00868554 0)
(0.239199 -0.00841119 0)
(0.228262 -0.0081276 0)
(0.217603 -0.00783444 0)
(0.207241 -0.00753163 0)
(0.197195 -0.00721949 0)
(0.187485 -0.00689863 0)
(0.178127 -0.00657004 0)
(0.16914 -0.00623495 0)
(0.160538 -0.00589488 0)
(0.152335 -0.00555144 0)
(0.144542 -0.00520645 0)
(0.137167 -0.00486165 0)
(0.130217 -0.00451886 0)
(0.123696 -0.00417972 0)
(0.117604 -0.00384588 0)
(0.11194 -0.0035187 0)
(0.17932 -0.00156794 0)
(0.173926 -0.00160323 0)
(0.16819 -0.00159296 0)
(0.162243 -0.00154817 0)
(0.156196 -0.00148544 0)
(0.150135 -0.00141765 0)
(0.144116 -0.00135046 0)
(0.138178 -0.00128551 0)
(0.132345 -0.00122384 0)
(0.126634 -0.00116639 0)
(0.121052 -0.00111343 0)
(0.115604 -0.00106461 0)
(0.11029 -0.00101919 0)
(0.105112 -0.000976316 0)
(0.10007 -0.000935084 0)
(0.0951642 -0.000894759 0)
(0.0903962 -0.00085485 0)
(0.0857683 -0.000815113 0)
(0.0812831 -0.000775463 0)
(0.0769442 -0.000735879 0)
(0.0727552 -0.000696355 0)
(0.0687203 -0.000656873 0)
(0.0648434 -0.00061743 0)
(0.0611288 -0.000578042 0)
(0.0575802 -0.000538777 0)
(0.054201 -0.000499748 0)
(0.0509941 -0.000461127 0)
(0.0479618 -0.000423101 0)
(0.0451056 -0.000385879 0)
(0.0424259 -0.000349638 0)
(0.0399228 -0.000314545 0)
(0.0375949 -0.000280709 0)
(0.0354405 -0.000248231 0)
(0.0334567 -0.000217156 0)
(0.0316403 -0.00018753 0)
(-0.0286 -0.000693261 0)
(-0.0250324 -0.000764134 0)
(-0.0212547 -0.000825476 0)
(-0.0173058 -0.000875985 0)
(-0.013227 -0.000914744 0)
(-0.00906062 -0.000941497 0)
(-0.00484928 -0.000955934 0)
(-0.000635343 -0.000957533 0)
(0.00354201 -0.000946451 0)
(0.00764677 -0.000924244 0)
(-0.0372015 -0.00654275 0)
(-0.0291042 -0.00694731 0)
(-0.020689 -0.00728393 0)
(-0.0120281 -0.0075474 0)
(-0.0031965 -0.00773523 0)
(0.00573182 -0.00784615 0)
(0.014687 -0.00788112 0)
(0.0235991 -0.00784307 0)
(0.0323995 -0.00773524 0)
(0.041026 -0.00756326 0)
(-0.00811235 -0.0161814 0)
(0.00300803 -0.0169304 0)
(0.0143784 -0.0175327 0)
(0.0259203 -0.017983 0)
(0.0375514 -0.0182783 0)
(0.0491912 -0.0184182 0)
(0.0607628 -0.0184059 0)
(0.0721922 -0.0182485 0)
(0.08341 -0.0179544 0)
(0.0943529 -0.0175345 0)
(0.0524298 -0.0283925 0)
(0.0654196 -0.0293707 0)
(0.0784966 -0.0301208 0)
(0.0915806 -0.030637 0)
(0.104593 -0.0309177 0)
(0.117461 -0.0309653 0)
(0.130113 -0.0307869 0)
(0.142485 -0.0303939 0)
(0.154519 -0.0298011 0)
(0.166164 -0.0290261 0)
(0.137001 -0.0420398 0)
(0.150915 -0.0430479 0)
(0.164702 -0.0437491 0)
(0.178288 -0.0441401 0)
(0.191606 -0.0442232 0)
(0.204596 -0.0440061 0)
(0.2172 -0.0435019 0)
(0.22937 -0.0427281 0)
(0.241064 -0.0417065 0)
(0.252246 -0.0404615 0)
(0.237733 -0.0562705 0)
(0.251627 -0.0570729 0)
(0.265163 -0.0575 0)
(0.278283 -0.0575533 0)
(0.290937 -0.057241 0)
(0.303079 -0.0565775 0)
(0.314674 -0.0555827 0)
(0.325692 -0.0542816 0)
(0.33611 -0.052703 0)
(0.345914 -0.0508791 0)
(0.34676 -0.0701132 0)
(0.359547 -0.0704725 0)
(0.371761 -0.0704043 0)
(0.383368 -0.069917 0)
(0.394337 -0.0690261 0)
(0.404647 -0.0677535 0)
(0.414284 -0.066127 0)
(0.423243 -0.0641788 0)
(0.431522 -0.0619451 0)
(0.439131 -0.0594647 0)
(0.455937 -0.0823746 0)
(0.46637 -0.0820808 0)
(0.476069 -0.0813308 0)
(0.485023 -0.0801411 0)
(0.49323 -0.0785351 0)
(0.500696 -0.0765424 0)
(0.507432 -0.0741979 0)
(0.513458 -0.0715409 0)
(0.518797 -0.0686136 0)
(0.523479 -0.06546 0)
(0.556278 -0.0917076 0)
(0.563086 -0.0906181 0)
(0.569085 -0.0890727 0)
(0.574293 -0.0870958 0)
(0.578737 -0.0847183 0)
(0.58245 -0.0819766 0)
(0.585471 -0.0789116 0)
(0.587841 -0.0755676 0)
(0.589606 -0.0719908 0)
(0.590814 -0.0682283 0)
(0.637993 -0.0968252 0)
(0.640129 -0.0949024 0)
(0.641496 -0.0925543 0)
(0.64214 -0.089812 0)
(0.642115 -0.0867125 0)
(0.641477 -0.0832969 0)
(0.640286 -0.0796098 0)
(0.638602 -0.0756979 0)
(0.636486 -0.0716087 0)
(0.634 -0.0673894 0)
(0.691572 -0.0968022 0)
(0.688494 -0.0941344 0)
(0.684807 -0.0910985 0)
(0.680579 -0.0877306 0)
(0.675884 -0.0840709 0)
(0.670795 -0.0801629 0)
(0.665383 -0.0760517 0)
(0.659721 -0.0717834 0)
(0.653876 -0.0674035 0)
(0.647913 -0.0629565 0)
(0.709629 -0.0913508 0)
(0.70149 -0.0881451 0)
(0.693002 -0.0846482 0)
(0.684246 -0.080898 0)
(0.675306 -0.0769354 0)
(0.666261 -0.0728023 0)
(0.657187 -0.0685415 0)
(0.648154 -0.0641951 0)
(0.639229 -0.0598037 0)
(0.630469 -0.0554057 0)
(0.68871 -0.0809569 0)
(0.6764 -0.0775084 0)
(0.66406 -0.0738554 0)
(0.651774 -0.0700344 0)
(0.639623 -0.0660828 0)
(0.627682 -0.0620384 0)
(0.616019 -0.057938 0)
(0.604695 -0.0538169 0)
(0.593763 -0.0497083 0)
(0.583268 -0.0456426 0)
(0.630391 -0.066845 0)
(0.61542 -0.0634895 0)
(0.600742 -0.0600142 0)
(0.586433 -0.0564505 0)
(0.572561 -0.0528298 0)
(0.559184 -0.0491822 0)
(0.546354 -0.0455363 0)
(0.534115 -0.0419189 0)
(0.522498 -0.0383539 0)
(0.511529 -0.034863 0)
(0.541318 -0.050793 0)
(0.525562 -0.0478484 0)
(0.510368 -0.0448543 0)
(0.49579 -0.0418347 0)
(0.481875 -0.0388124 0)
(0.46866 -0.0358087 0)
(0.456174 -0.0328429 0)
(0.444437 -0.0299327 0)
(0.433459 -0.0270933 0)
(0.423246 -0.0243379 0)
(0.432163 -0.034823 0)
(0.417511 -0.0325255 0)
(0.403579 -0.0302253 0)
(0.390395 -0.0279379 0)
(0.377982 -0.0256773 0)
(0.366353 -0.0234564 0)
(0.355515 -0.0212861 0)
(0.345467 -0.0191763 0)
(0.336203 -0.0171348 0)
(0.327709 -0.0151682 0)
(0.315622 -0.0207968 0)
(0.303599 -0.0192502 0)
(0.292311 -0.0177218 0)
(0.281766 -0.0162195 0)
(0.271966 -0.0147505 0)
(0.262905 -0.0133208 0)
(0.254575 -0.0119355 0)
(0.246963 -0.0105988 0)
(0.24005 -0.00931378 0)
(0.233815 -0.00808293 0)
(0.203926 -0.0100369 0)
(0.195414 -0.00919656 0)
(0.187521 -0.00837492 0)
(0.180242 -0.00757512 0)
(0.173565 -0.0067997 0)
(0.16748 -0.00605078 0)
(0.161969 -0.00532994 0)
(0.157016 -0.00463834 0)
(0.152601 -0.00397672 0)
(0.148704 -0.00334554 0)
(0.106701 -0.0031995 0)
(0.10188 -0.00288931 0)
(0.097469 -0.00258902 0)
(0.0934588 -0.00229929 0)
(0.089838 -0.00202063 0)
(0.0865945 -0.00175332 0)
(0.0837148 -0.00149757 0)
(0.081185 -0.00125339 0)
(0.0789906 -0.00102074 0)
(0.0771169 -0.000799463 0)
(0.0299872 -0.000159355 0)
(0.0284929 -0.000132639 0)
(0.0271523 -0.000107347 0)
(0.0259603 -8.34594e-05 0)
(0.0249111 -6.09096e-05 0)
(0.0239992 -3.96515e-05 0)
(0.0232187 -1.95993e-05 0)
(0.0225639 -6.94199e-07 0)
(0.022029 1.71532e-05 0)
(0.0216082 3.39987e-05 0)
(0.0116449 -0.000892964 0)
(0.0155061 -0.000854048 0)
(0.019205 -0.000808906 0)
(0.0227207 -0.000758974 0)
(0.0260369 -0.000705678 0)
(0.0291418 -0.000650347 0)
(0.0320279 -0.000594213 0)
(0.0346918 -0.000538351 0)
(0.0371335 -0.0004837 0)
(0.0393562 -0.000431024 0)
(0.0413659 -0.000380939 0)
(0.0431705 -0.000333898 0)
(0.0447801 -0.000290225 0)
(0.0462059 -0.000250104 0)
(0.0474601 -0.000213625 0)
(0.0485552 -0.000180771 0)
(0.0495044 -0.000151463 0)
(0.0503205 -0.000125553 0)
(0.0510164 -0.000102858 0)
(0.0516042 -8.31573e-05 0)
(0.0520957 -6.62172e-05 0)
(0.0525019 -5.17884e-05 0)
(0.0528332 -3.96248e-05 0)
(0.0530992 -2.9479e-05 0)
(0.0533085 -2.11161e-05 0)
(0.0534691 -1.43082e-05 0)
(0.0535881 -8.84503e-06 0)
(0.0536719 -4.52981e-06 0)
(0.0537261 -1.18597e-06 0)
(0.0537557 1.34762e-06 0)
(0.0537651 3.21165e-06 0)
(0.0537577 4.52521e-06 0)
(0.053737 5.39678e-06 0)
(0.0537056 5.93527e-06 0)
(0.0536658 6.23734e-06 0)
(0.049422 -0.00733456 0)
(0.0575371 -0.00705659 0)
(0.0653279 -0.00673719 0)
(0.0727582 -0.00638439 0)
(0.079799 -0.00600623 0)
(0.0864285 -0.00561046 0)
(0.0926319 -0.00520442 0)
(0.0984008 -0.00479482 0)
(0.103733 -0.00438772 0)
(0.108632 -0.00398838 0)
(0.113105 -0.00360128 0)
(0.117165 -0.00323008 0)
(0.120826 -0.00287766 0)
(0.124109 -0.00254617 0)
(0.127032 -0.00223709 0)
(0.129619 -0.00195126 0)
(0.131891 -0.00168902 0)
(0.133874 -0.00145022 0)
(0.13559 -0.00123437 0)
(0.137063 -0.00104065 0)
(0.138316 -0.000868015 0)
(0.13937 -0.000715235 0)
(0.140247 -0.000580969 0)
(0.140967 -0.000463806 0)
(0.141547 -0.000362296 0)
(0.142005 -0.000274993 0)
(0.142356 -0.000200476 0)
(0.142616 -0.000137369 0)
(0.142796 -8.43532e-05 0)
(0.142908 -4.01781e-05 0)
(0.142963 -3.68077e-06 0)
(0.14297 2.61543e-05 0)
(0.142936 5.02701e-05 0)
(0.142869 6.95893e-05 0)
(0.142774 8.49682e-05 0)
(0.104964 -0.0170019 0)
(0.115195 -0.0163706 0)
(0.125001 -0.0156559 0)
(0.13435 -0.0148733 0)
(0.143212 -0.0140382 0)
(0.151567 -0.0131656 0)
(0.159402 -0.0122699 0)
(0.16671 -0.0113644 0)
(0.17349 -0.0104611 0)
(0.179746 -0.00957083 0)
(0.185487 -0.00870278 0)
(0.190726 -0.00786483 0)
(0.195481 -0.00706334 0)
(0.199772 -0.00630332 0)
(0.20362 -0.00558843 0)
(0.20705 -0.00492116 0)
(0.210088 -0.00430289 0)
(0.212759 -0.00373407 0)
(0.21509 -0.00321431 0)
(0.217108 -0.00274254 0)
(0.218839 -0.00231712 0)
(0.220308 -0.00193596 0)
(0.221541 -0.00159666 0)
(0.22256 -0.00129654 0)
(0.223388 -0.0010328 0)
(0.224047 -0.000802533 0)
(0.224555 -0.000602827 0)
(0.224932 -0.000430798 0)
(0.225192 -0.000283632 0)
(0.225353 -0.000158631 0)
(0.225426 -5.32366e-05 0)
(0.225426 3.49309e-05 0)
(0.225363 0.000108117 0)
(0.225246 0.000168449 0)
(0.225084 0.000217921 0)
(0.177373 -0.0280886 0)
(0.18811 -0.0270101 0)
(0.198344 -0.0258131 0)
(0.208051 -0.0245203 0)
(0.217214 -0.0231543 0)
(0.225822 -0.0217367 0)
(0.233872 -0.0202882 0)
(0.241362 -0.018828 0)
(0.2483 -0.0173734 0)
(0.254694 -0.0159399 0)
(0.260558 -0.014541 0)
(0.265909 -0.0131882 0)
(0.270766 -0.0118908 0)
(0.27515 -0.0106563 0)
(0.279085 -0.0094905 0)
(0.282595 -0.0083972 0)
(0.285705 -0.00737887 0)
(0.288441 -0.00643656 0)
(0.290829 -0.00557009 0)
(0.292895 -0.00477829 0)
(0.294664 -0.00405912 0)
(0.296161 -0.00340981 0)
(0.29741 -0.00282708 0)
(0.298433 -0.00230721 0)
(0.299253 -0.00184618 0)
(0.299891 -0.00143981 0)
(0.300365 -0.00108379 0)
(0.300695 -0.000773828 0)
(0.300897 -0.000505671 0)
(0.300987 -0.000275188 0)
(0.300979 -7.84459e-05 0)
(0.300886 8.83071e-05 0)
(0.30072 0.000228707 0)
(0.300492 0.000346204 0)
(0.30021 0.000444042 0)
(0.26289 -0.0390204 0)
(0.272974 -0.0374116 0)
(0.282484 -0.0356645 0)
(0.291412 -0.0338083 0)
(0.299757 -0.0318716 0)
(0.307522 -0.0298818 0)
(0.314715 -0.0278645 0)
(0.321347 -0.0258433 0)
(0.327434 -0.0238396 0)
(0.332994 -0.0218721 0)
(0.338048 -0.019957 0)
(0.342618 -0.0181082 0)
(0.346728 -0.0163368 0)
(0.350402 -0.0146516 0)
(0.353666 -0.0130594 0)
(0.356544 -0.0115646 0)
(0.359063 -0.01017 0)
(0.361247 -0.00887673 0)
(0.36312 -0.00768432 0)
(0.364708 -0.00659121 0)
(0.366032 -0.00559476 0)
(0.367116 -0.00469147 0)
(0.367981 -0.00387718 0)
(0.368646 -0.0031472 0)
(0.369132 -0.00249644 0)
(0.369457 -0.00191959 0)
(0.369637 -0.00141119 0)
(0.369689 -0.000965751 0)
(0.369627 -0.00057783 0)
(0.369465 -0.000242169 0)
(0.369217 4.63501e-05 0)
(0.368892 0.000292785 0)
(0.368502 0.000501983 0)
(0.368057 0.000678539 0)
(0.367563 0.000826783 0)
(0.355094 -0.0488437 0)
(0.36365 -0.0466322 0)
(0.371586 -0.04428 0)
(0.378911 -0.0418219 0)
(0.385638 -0.0392916 0)
(0.391786 -0.0367208 0)
(0.397374 -0.0341387 0)
(0.402428 -0.031572 0)
(0.406971 -0.0290445 0)
(0.41103 -0.0265767 0)
(0.414634 -0.0241864 0)
(0.417809 -0.0218881 0)
(0.420585 -0.0196935 0)
(0.422988 -0.0176115 0)
(0.425046 -0.0156487 0)
(0.426784 -0.0138092 0)
(0.42823 -0.0120952 0)
(0.429406 -0.0105068 0)
(0.430336 -0.00904292 0)
(0.431042 -0.00770095 0)
(0.431545 -0.0064772 0)
(0.431865 -0.00536711 0)
(0.432019 -0.00436539 0)
(0.432025 -0.00346623 0)
(0.4319 -0.00266344 0)
(0.431656 -0.0019506 0)
(0.43131 -0.00132115 0)
(0.430872 -0.000768611 0)
(0.430356 -0.000286599 0)
(0.429771 0.000131246 0)
(0.429127 0.00049123 0)
(0.428433 0.000799423 0)
(0.427697 0.00106161 0)
(0.426926 0.00128327 0)
(0.426125 0.00146959 0)
(0.44608 -0.0567778 0)
(0.452387 -0.0539252 0)
(0.458075 -0.0509473 0)
(0.463169 -0.0478831 0)
(0.467697 -0.0447695 0)
(0.471688 -0.0416411 0)
(0.475175 -0.0385292 0)
(0.478189 -0.0354619 0)
(0.480764 -0.0324639 0)
(0.482931 -0.029556 0)
(0.484723 -0.026756 0)
(0.486169 -0.024078 0)
(0.487301 -0.021533 0)
(0.488145 -0.019129 0)
(0.48873 -0.0168714 0)
(0.48908 -0.014763 0)
(0.48922 -0.0128046 0)
(0.489172 -0.010995 0)
(0.488956 -0.00933171 0)
(0.488592 -0.00781057 0)
(0.488097 -0.00642653 0)
(0.487487 -0.00517363 0)
(0.486777 -0.00404525 0)
(0.48598 -0.00303432 0)
(0.48511 -0.00213342 0)
(0.484177 -0.00133507 0)
(0.483191 -0.000631786 0)
(0.482161 -1.59954e-05 0)
(0.481097 0.000519844 0)
(0.480004 0.000983141 0)
(0.478889 0.00138104 0)
(0.477758 0.00172036 0)
(0.476616 0.0020076 0)
(0.475467 0.00224894 0)
(0.474315 0.0024502 0)
(0.527536 -0.0621249 0)
(0.531003 -0.0586529 0)
(0.533918 -0.055087 0)
(0.536319 -0.0514685 0)
(0.538246 -0.0478358 0)
(0.539736 -0.0442238 0)
(0.540829 -0.0406642 0)
(0.54156 -0.0371846 0)
(0.541966 -0.0338088 0)
(0.542079 -0.0305568 0)
(0.541933 -0.0274448 0)
(0.541555 -0.0244852 0)
(0.540974 -0.0216874 0)
(0.540215 -0.0190577 0)
(0.539301 -0.0165995 0)
(0.538255 -0.0143139 0)
(0.537094 -0.0121999 0)
(0.535837 -0.0102545 0)
(0.534499 -0.00847343 0)
(0.533095 -0.00685105 0)
(0.531637 -0.00538074 0)
(0.530138 -0.00405511 0)
(0.528606 -0.0028662 0)
(0.527052 -0.00180576 0)
(0.525482 -0.000865397 0)
(0.523906 -3.64355e-05 0)
(0.522327 0.000689735 0)
(0.520752 0.00132169 0)
(0.519185 0.00186787 0)
(0.517629 0.00233635 0)
(0.516088 0.00273486 0)
(0.514565 0.00307083 0)
(0.513062 0.00335131 0)
(0.511581 0.003583 0)
(0.510124 0.00377223 0)
(0.591514 -0.064327 0)
(0.591754 -0.0603325 0)
(0.591583 -0.0562882 0)
(0.591047 -0.052235 0)
(0.590191 -0.0482101 0)
(0.589057 -0.0442469 0)
(0.587685 -0.0403752 0)
(0.58611 -0.0366201 0)
(0.584365 -0.0330032 0)
(0.582481 -0.0295417 0)
(0.580484 -0.0262493 0)
(0.578397 -0.0231359 0)
(0.576243 -0.0202084 0)
(0.574038 -0.0174706 0)
(0.5718 -0.0149238 0)
(0.569543 -0.012567 0)
(0.567277 -0.0103972 0)
(0.565014 -0.00840973 0)
(0.562761 -0.00659865 0)
(0.560527 -0.00495685 0)
(0.558318 -0.00347639 0)
(0.556137 -0.00214872 0)
(0.553991 -0.000964891 0)
(0.551882 8.44579e-05 0)
(0.549813 0.00100867 0)
(0.547785 0.00181718 0)
(0.5458 0.00251941 0)
(0.54386 0.00312452 0)
(0.541965 0.0036413 0)
(0.540116 0.00407828 0)
(0.538314 0.00444364 0)
(0.536558 0.00474519 0)
(0.534847 0.00499037 0)
(0.533183 0.00518619 0)
(0.531564 0.00533929 0)
(0.631201 -0.0630862 0)
(0.628145 -0.0587427 0)
(0.624884 -0.0544002 0)
(0.621465 -0.0500961 0)
(0.617934 -0.0458643 0)
(0.614327 -0.0417347 0)
(0.610681 -0.0377327 0)
(0.607024 -0.0338799 0)
(0.603382 -0.0301938 0)
(0.599776 -0.0266882 0)
(0.596224 -0.023373 0)
(0.59274 -0.0202551 0)
(0.589334 -0.0173386 0)
(0.586015 -0.0146245 0)
(0.582789 -0.0121119 0)
(0.57966 -0.00979777 0)
(0.57663 -0.00767736 0)
(0.5737 -0.00574456 0)
(0.57087 -0.0039921 0)
(0.568138 -0.00241183 0)
(0.565504 -0.000994835 0)
(0.562964 0.000268288 0)
(0.560516 0.00138703 0)
(0.558156 0.00237109 0)
(0.555883 0.00323037 0)
(0.553693 0.00397458 0)
(0.551584 0.00461323 0)
(0.549551 0.00515559 0)
(0.547593 0.00561066 0)
(0.545707 0.0059871 0)
(0.543889 0.00629324 0)
(0.542138 0.00653698 0)
(0.54045 0.00672585 0)
(0.538823 0.00686693 0)
(0.537254 0.00696691 0)
(0.641891 -0.0584844 0)
(0.635864 -0.0540267 0)
(0.62988 -0.0496192 0)
(0.62398 -0.0452943 0)
(0.618201 -0.0410803 0)
(0.612572 -0.0370014 0)
(0.607116 -0.033078 0)
(0.601852 -0.0293267 0)
(0.596793 -0.0257601 0)
(0.591949 -0.0223878 0)
(0.587323 -0.0192161 0)
(0.582918 -0.0162484 0)
(0.578733 -0.013486 0)
(0.574763 -0.0109275 0)
(0.571004 -0.00856992 0)
(0.567448 -0.00640869 0)
(0.564087 -0.00443776 0)
(0.560912 -0.00264999 0)
(0.557914 -0.00103719 0)
(0.555082 0.000409416 0)
(0.552407 0.00169874 0)
(0.549879 0.00284004 0)
(0.54749 0.00384292 0)
(0.545231 0.00471704 0)
(0.543094 0.00547197 0)
(0.541071 0.00611719 0)
(0.539154 0.00666201 0)
(0.537336 0.00711547 0)
(0.535611 0.00748633 0)
(0.533972 0.007783 0)
(0.532415 0.00801355 0)
(0.530934 0.00818563 0)
(0.529524 0.00830652 0)
(0.52818 0.00838309 0)
(0.5269 0.00842185 0)
(0.621927 -0.0510371 0)
(0.613646 -0.0467302 0)
(0.605662 -0.042514 0)
(0.598005 -0.0384138 0)
(0.590696 -0.0344512 0)
(0.58375 -0.0306442 0)
(0.577177 -0.027007 0)
(0.57098 -0.0235509 0)
(0.565158 -0.0202839 0)
(0.559706 -0.0172113 0)
(0.554614 -0.0143359 0)
(0.549872 -0.0116582 0)
(0.545466 -0.00917693 0)
(0.54138 -0.00688911 0)
(0.537597 -0.00479033 0)
(0.534101 -0.00287486 0)
(0.530873 -0.00113578 0)
(0.527894 0.000434493 0)
(0.525147 0.00184368 0)
(0.522616 0.0030999 0)
(0.520286 0.00421173 0)
(0.51814 0.00518803 0)
(0.516163 0.0060378 0)
(0.514342 0.00677007 0)
(0.512665 0.00739379 0)
(0.511117 0.00791775 0)
(0.509689 0.00835058 0)
(0.508371 0.00870063 0)
(0.507152 0.00897599 0)
(0.506023 0.00918441 0)
(0.504978 0.00933334 0)
(0.504009 0.00942986 0)
(0.50311 0.0094807 0)
(0.502274 0.00949227 0)
(0.501496 0.00947059 0)
(0.573244 -0.0416474 0)
(0.563721 -0.0377469 0)
(0.554716 -0.0339623 0)
(0.546243 -0.0303113 0)
(0.538305 -0.0268084 0)
(0.530901 -0.0234651 0)
(0.524024 -0.0202904 0)
(0.517664 -0.0172902 0)
(0.511803 -0.0144686 0)
(0.506424 -0.0118274 0)
(0.501506 -0.0093667 0)
(0.497024 -0.00708488 0)
(0.492955 -0.00497914 0)
(0.489273 -0.00304538 0)
(0.485954 -0.00127819 0)
(0.482968 0.000328437 0)
(0.480293 0.00178066 0)
(0.477906 0.00308497 0)
(0.475783 0.00424833 0)
(0.473903 0.00527822 0)
(0.472243 0.00618247 0)
(0.470784 0.006969 0)
(0.469507 0.00764578 0)
(0.468394 0.00822072 0)
(0.46743 0.00870165 0)
(0.466599 0.00909627 0)
(0.465887 0.00941208 0)
(0.465281 0.00965641 0)
(0.464772 0.00983631 0)
(0.464347 0.00995859 0)
(0.463997 0.0100298 0)
(0.463715 0.0100562 0)
(0.463492 0.0100437 0)
(0.463323 0.00999804 0)
(0.4632 0.0099246 0)
(0.501224 -0.031465 0)
(0.49159 -0.028176 0)
(0.482629 -0.0250091 0)
(0.474334 -0.0219753 0)
(0.466693 -0.0190827 0)
(0.459691 -0.0163377 0)
(0.453305 -0.0137443 0)
(0.447511 -0.0113049 0)
(0.442283 -0.00902057 0)
(0.437591 -0.00689073 0)
(0.433405 -0.00491382 0)
(0.429694 -0.0030872 0)
(0.426427 -0.00140704 0)
(0.423569 0.000130978 0)
(0.421091 0.00153141 0)
(0.418966 0.00279894 0)
(0.417164 0.00393863 0)
(0.415657 0.0049562 0)
(0.414419 0.00585786 0)
(0.413424 0.00665 0)
(0.412648 0.0073391 0)
(0.412069 0.00793162 0)
(0.411666 0.00843408 0)
(0.41142 0.00885293 0)
(0.411313 0.0091946 0)
(0.411329 0.00946537 0)
(0.411452 0.00967145 0)
(0.41167 0.00981886 0)
(0.411969 0.00991347 0)
(0.412339 0.00996094 0)
(0.412769 0.00996675 0)
(0.413251 0.00993614 0)
(0.413776 0.00987417 0)
(0.414338 0.00978564 0)
(0.41493 0.00967518 0)
(0.413794 -0.0216773 0)
(0.405092 -0.0191206 0)
(0.397126 -0.0166747 0)
(0.389874 -0.014345 0)
(0.383314 -0.012135 0)
(0.377416 -0.0100473 0)
(0.372151 -0.00808276 0)
(0.367487 -0.00624168 0)
(0.363389 -0.00452326 0)
(0.359825 -0.00292594 0)
(0.356758 -0.00144732 0)
(0.354154 -8.45829e-05 0)
(0.351979 0.00116533 0)
(0.350202 0.00230551 0)
(0.348791 0.00333915 0)
(0.347713 0.00427009 0)
(0.34694 0.00510282 0)
(0.346443 0.00584195 0)
(0.346194 0.00649219 0)
(0.346169 0.00705828 0)
(0.346342 0.00754506 0)
(0.346693 0.00795739 0)
(0.347199 0.00830018 0)
(0.347841 0.00857835 0)
(0.348602 0.00879678 0)
(0.349466 0.00896032 0)
(0.350417 0.00907375 0)
(0.351442 0.00914177 0)
(0.352529 0.00916897 0)
(0.353666 0.00915979 0)
(0.354843 0.00911859 0)
(0.356052 0.00904955 0)
(0.357285 0.00895671 0)
(0.358534 0.00884397 0)
(0.359795 0.0087151 0)
(0.319969 -0.0132818 0)
(0.31296 -0.0114792 0)
(0.306657 -0.00976345 0)
(0.301032 -0.00813613 0)
(0.296055 -0.00659827 0)
(0.291693 -0.00515007 0)
(0.287913 -0.00379123 0)
(0.284681 -0.00252085 0)
(0.281964 -0.0013376 0)
(0.279725 -0.000239773 0)
(0.277932 0.000774389 0)
(0.276553 0.00170675 0)
(0.275557 0.00255904 0)
(0.27491 0.00333348 0)
(0.274584 0.00403285 0)
(0.274549 0.00466008 0)
(0.274777 0.00521813 0)
(0.275242 0.00571005 0)
(0.275918 0.00613891 0)
(0.276782 0.00650792 0)
(0.277813 0.00682032 0)
(0.278988 0.00707948 0)
(0.280289 0.00728876 0)
(0.281699 0.00745164 0)
(0.283199 0.00757153 0)
(0.284776 0.00765192 0)
(0.286415 0.00769621 0)
(0.288104 0.00770784 0)
(0.289831 0.00769014 0)
(0.291585 0.00764642 0)
(0.293357 0.00757987 0)
(0.29514 0.00749366 0)
(0.296926 0.0073908 0)
(0.298709 0.0072743 0)
(0.300483 0.00714699 0)
(0.228236 -0.00690789 0)
(0.223286 -0.00578973 0)
(0.218938 -0.00472898 0)
(0.215162 -0.00372576 0)
(0.21193 -0.00277983 0)
(0.209211 -0.00189072 0)
(0.206974 -0.00105766 0)
(0.20519 -0.000279772 0)
(0.203827 0.00044387 0)
(0.202859 0.00111425 0)
(0.202256 0.00173221 0)
(0.201989 0.00229874 0)
(0.202031 0.00281526 0)
(0.202356 0.00328331 0)
(0.202937 0.00370446 0)
(0.20375 0.00408026 0)
(0.204772 0.00441235 0)
(0.20598 0.00470241 0)
(0.207353 0.00495226 0)
(0.208871 0.00516376 0)
(0.210514 0.00533887 0)
(0.212266 0.00547963 0)
(0.214108 0.00558814 0)
(0.216027 0.00566655 0)
(0.218006 0.00571708 0)
(0.220034 0.00574194 0)
(0.222098 0.00574339 0)
(0.224186 0.00572366 0)
(0.226289 0.00568501 0)
(0.228398 0.00562963 0)
(0.230504 0.00555972 0)
(0.232601 0.0054774 0)
(0.234682 0.00538477 0)
(0.236743 0.00528388 0)
(0.238778 0.00517678 0)
(0.145302 -0.00274494 0)
(0.142372 -0.00217489 0)
(0.139891 -0.00163513 0)
(0.137837 -0.00112537 0)
(0.136185 -0.000645146 0)
(0.134911 -0.000194031 0)
(0.133993 0.000228407 0)
(0.133407 0.00062264 0)
(0.133132 0.000989063 0)
(0.133145 0.00132794 0)
(0.133425 0.00163982 0)
(0.133949 0.00192532 0)
(0.134697 0.00218506 0)
(0.13565 0.0024196 0)
(0.136787 0.00262956 0)
(0.138091 0.0028156 0)
(0.139543 0.00297844 0)
(0.141126 0.00311884 0)
(0.142823 0.00323764 0)
(0.14462 0.00333575 0)
(0.1465 0.00341415 0)
(0.14845 0.00347386 0)
(0.150457 0.003516 0)
(0.152508 0.0035417 0)
(0.154591 0.00355217 0)
(0.156697 0.00354862 0)
(0.158816 0.00353233 0)
(0.160937 0.00350453 0)
(0.163055 0.00346653 0)
(0.16516 0.00341958 0)
(0.167248 0.00336495 0)
(0.169312 0.00330387 0)
(0.171348 0.00323759 0)
(0.173352 0.0031673 0)
(0.175321 0.00309423 0)
(0.0755487 -0.000589415 0)
(0.0742711 -0.000390355 0)
(0.0732691 -0.000202094 0)
(0.0725277 -2.43896e-05 0)
(0.0720325 0.000142968 0)
(0.0717688 0.000300246 0)
(0.0717225 0.000447565 0)
(0.0718792 0.000584933 0)
(0.072225 0.00071246 0)
(0.0727464 0.000830328 0)
(0.0734299 0.000938652 0)
(0.0742622 0.00103757 0)
(0.0752306 0.00112717 0)
(0.0763224 0.00120758 0)
(0.0775253 0.00127895 0)
(0.0788273 0.00134144 0)
(0.0802167 0.00139523 0)
(0.0816824 0.00144058 0)
(0.0832134 0.00147772 0)
(0.0847993 0.00150698 0)
(0.0864301 0.00152868 0)
(0.0880963 0.00154321 0)
(0.089789 0.00155097 0)
(0.0914998 0.00155242 0)
(0.0932208 0.001548 0)
(0.0949449 0.00153823 0)
(0.0966653 0.00152358 0)
(0.0983761 0.0015046 0)
(0.100072 0.00148178 0)
(0.101748 0.00145569 0)
(0.1034 0.0014268 0)
(0.105025 0.00139568 0)
(0.106619 0.0013628 0)
(0.108181 0.00132872 0)
(0.109708 0.0012939 0)
(0.0212959 4.99197e-05 0)
(0.0210868 6.49528e-05 0)
(0.0209752 7.91538e-05 0)
(0.0209561 9.2548e-05 0)
(0.0210241 0.000105194 0)
(0.0211742 0.000117075 0)
(0.0214015 0.000128205 0)
(0.021701 0.000138558 0)
(0.0220679 0.000148152 0)
(0.0224972 0.000156968 0)
(0.0229842 0.000165007 0)
(0.023524 0.000172238 0)
(0.0241119 0.000178662 0)
(0.0247431 0.00018425 0)
(0.025413 0.000189008 0)
(0.026117 0.000192917 0)
(0.0268505 0.000195993 0)
(0.0276091 0.00019823 0)
(0.0283885 0.000199656 0)
(0.0291845 0.000200281 0)
(0.0299931 0.000200146 0)
(0.0308104 0.000199275 0)
(0.0316328 0.000197723 0)
(0.0324569 0.000195527 0)
(0.0332795 0.000192752 0)
(0.0340976 0.000189445 0)
(0.0349086 0.000185677 0)
(0.0357101 0.000181502 0)
(0.0365 0.000176995 0)
(0.0372763 0.000172211 0)
(0.0380376 0.000167226 0)
(0.0387825 0.000162097 0)
(0.03951 0.000156897 0)
(0.0402193 0.000151681 0)
(0.04091 0.000146526 0)
(0.0536193 6.38928e-06 0)
(0.0535675 6.47268e-06 0)
(0.0535115 6.56855e-06 0)
(0.0534518 6.76827e-06 0)
(0.0533889 7.18568e-06 0)
(0.0533222 8.06475e-06 0)
(0.0532512 9.64333e-06 0)
(0.0531745 1.25683e-05 0)
(0.0530829 1.91656e-05 0)
(0.0529192 6.99169e-05 0)
(0.142657 9.71931e-05 0)
(0.142521 0.000106999 0)
(0.14237 0.000115091 0)
(0.142206 0.000122174 0)
(0.142032 0.000129025 0)
(0.141847 0.000136608 0)
(0.141652 0.000146227 0)
(0.141446 0.00016073 0)
(0.141235 0.000185309 0)
(0.14092 0.000265937 0)
(0.224884 0.000258391 0)
(0.224653 0.000291596 0)
(0.224396 0.000319173 0)
(0.224117 0.000342702 0)
(0.223819 0.000363754 0)
(0.223504 0.000384039 0)
(0.223176 0.000405462 0)
(0.222832 0.000432016 0)
(0.222503 0.000464106 0)
(0.222008 0.00056348 0)
(0.299883 0.000525258 0)
(0.299518 0.000592693 0)
(0.299121 0.000649008 0)
(0.298697 0.000696723 0)
(0.298251 0.000738231 0)
(0.297785 0.000776 0)
(0.297304 0.000812141 0)
(0.296803 0.000851488 0)
(0.296339 0.000889005 0)
(0.295635 0.000996283 0)
(0.367029 0.000950784 0)
(0.366461 0.00105435 0)
(0.365864 0.00114105 0)
(0.365245 0.00121422 0)
(0.364606 0.00127696 0)
(0.36395 0.0013323 0)
(0.363285 0.0013825 0)
(0.362598 0.00143292 0)
(0.361976 0.00147421 0)
(0.361024 0.00158534 0)
(0.425301 0.00162544 0)
(0.424458 0.00175541 0)
(0.4236 0.00186375 0)
(0.422731 0.00195444 0)
(0.421855 0.00203109 0)
(0.420972 0.00209721 0)
(0.42009 0.00215505 0)
(0.41919 0.00221041 0)
(0.418388 0.00225157 0)
(0.417163 0.00235706 0)
(0.473163 0.00261688 0)
(0.472015 0.00275412 0)
(0.470871 0.00286671 0)
(0.469735 0.00295906 0)
(0.468608 0.0030352 0)
(0.46749 0.0030989 0)
(0.466387 0.00315264 0)
(0.465274 0.00320203 0)
(0.464295 0.00323644 0)
(0.462804 0.00332027 0)
(0.508691 0.00392493 0)
(0.507284 0.00404665 0)
(0.505903 0.00414254 0)
(0.504549 0.00421735 0)
(0.50322 0.00427539 0)
(0.501917 0.00432064 0)
(0.500644 0.00435599 0)
(0.499369 0.00438614 0)
(0.498258 0.00440584 0)
(0.496576 0.00444794 0)
(0.529989 0.00545586 0)
(0.528457 0.0055417 0)
(0.526967 0.00560218 0)
(0.525519 0.00564227 0)
(0.52411 0.00566648 0)
(0.522738 0.00567894 0)
(0.521409 0.00568313 0)
(0.520086 0.00568216 0)
(0.51894 0.00568013 0)
(0.517217 0.00566225 0)
(0.535741 0.00703206 0)
(0.534281 0.00706822 0)
(0.532873 0.00708085 0)
(0.531514 0.00707498 0)
(0.530202 0.00705524 0)
(0.528932 0.00702578 0)
(0.52771 0.00699087 0)
(0.526501 0.00695146 0)
(0.525459 0.00692319 0)
(0.523903 0.0068351 0)
(0.525678 0.00842887 0)
(0.524511 0.00840987 0)
(0.523397 0.00837018 0)
(0.522332 0.00831477 0)
(0.521312 0.00824825 0)
(0.520335 0.00817471 0)
(0.519403 0.00809899 0)
(0.518488 0.00802014 0)
(0.517704 0.00796425 0)
(0.516549 0.00780757 0)
(0.500772 0.00942137 0)
(0.500097 0.00934998 0)
(0.499468 0.00926146 0)
(0.498881 0.00916054 0)
(0.498332 0.0090517 0)
(0.497818 0.00893885 0)
(0.497339 0.00882708 0)
(0.49688 0.00871419 0)
(0.496494 0.00863249 0)
(0.495943 0.00842174 0)
(0.463119 0.00982849 0)
(0.463075 0.00971458 0)
(0.463063 0.00958749 0)
(0.463081 0.00945158 0)
(0.463124 0.00931105 0)
(0.46319 0.00916958 0)
(0.463276 0.009032 0)
(0.46338 0.00889608 0)
(0.463488 0.00879377 0)
(0.463672 0.00855491 0)
(0.415548 0.0095472 0)
(0.416185 0.00940596 0)
(0.416838 0.00925552 0)
(0.417504 0.00909981 0)
(0.418179 0.00894263 0)
(0.418861 0.00878745 0)
(0.419546 0.00863847 0)
(0.420242 0.00849461 0)
(0.420874 0.00838063 0)
(0.421814 0.00814818 0)
(0.361061 0.00857375 0)
(0.362329 0.00842346 0)
(0.363594 0.0082677 0)
(0.364854 0.00810989 0)
(0.366106 0.00795343 0)
(0.367347 0.00780159 0)
(0.368574 0.00765789 0)
(0.369801 0.00752332 0)
(0.37091 0.00741087 0)
(0.372505 0.00722392 0)
(0.302244 0.00701177 0)
(0.303988 0.0068714 0)
(0.305712 0.00672874 0)
(0.307414 0.00658663 0)
(0.309092 0.00644811 0)
(0.310744 0.00631629 0)
(0.312366 0.0061944 0)
(0.313975 0.00608597 0)
(0.315439 0.00599228 0)
(0.317474 0.00588911 0)
(0.240785 0.00506546 0)
(0.24276 0.00495199 0)
(0.244702 0.00483847 0)
(0.246608 0.00472724 0)
(0.248479 0.00462083 0)
(0.250314 0.00452237 0)
(0.25211 0.00443529 0)
(0.253879 0.00436583 0)
(0.25551 0.00430979 0)
(0.257694 0.00432006 0)
(0.177252 0.00301957 0)
(0.179144 0.00294464 0)
(0.180996 0.00287081 0)
(0.182808 0.00279973 0)
(0.18458 0.00273342 0)
(0.186314 0.00267482 0)
(0.188009 0.00262791 0)
(0.189672 0.00260112 0)
(0.191238 0.00259575 0)
(0.193256 0.00272814 0)
(0.1112 0.00125893 0)
(0.112655 0.00122435 0)
(0.114074 0.0011909 0)
(0.115459 0.00115942 0)
(0.116809 0.00113131 0)
(0.118129 0.00110882 0)
(0.11942 0.00109595 0)
(0.120689 0.00110101 0)
(0.121937 0.00113699 0)
(0.123502 0.001339 0)
(0.041582 0.000141492 0)
(0.0422351 0.000136675 0)
(0.04287 0.000132181 0)
(0.0434875 0.000128202 0)
(0.0440891 0.000125064 0)
(0.0446776 0.000123501 0)
(0.0452558 0.000124507 0)
(0.045832 0.00012921 0)
(0.0464529 0.000145014 0)
(0.0472771 0.000303746 0)
)
;

boundaryField
{
    inlet
    {
        type            fixedProfile;
        profile         csvFile;
        profileCoeffs
        {
            nHeaderLine     0;
            refColumn       0;
            componentColumns 3(1 2 3);
            separator       ",";
            mergeSeparators 0;
            file            "0/Uprofile.csv";
        }
        direction       (0 1 0);
        origin          0;
        value           nonuniform List<vector> 10((0.19 0 0) (0.51 0 0) (0.75 0 0) (0.91 0 0) (0.99 0 0) (0.99 0 0) (0.91 0 0) (0.75 0 0) (0.51 0 0) (0.19 0 0));
    }
    outlet
    {
        type            zeroGradient;
    }
    upperWall
    {
        type            noSlip;
    }
    lowerWall
    {
        type            noSlip;
    }
    frontAndBack
    {
        type            empty;
    }
}


// ************************************************************************* //
