/*--------------------------------*- C++ -*----------------------------------*\
| =========                 |                                                 |
| \\      /  F ield         | OpenFOAM: The Open Source CFD Toolbox           |
|  \\    /   O peration     | Version:  2406                                  |
|   \\  /    A nd           | Website:  www.openfoam.com                      |
|    \\/     M anipulation  |                                                 |
\*---------------------------------------------------------------------------*/
FoamFile
{
    version     2.0;
    format      ascii;
    arch        "LSB;label=32;scalar=64";
    class       volVectorField;
    location    "90";
    object      U;
}
// * * * * * * * * * * * * * * * * * * * * * * * * * * * * * * * * * * * * * //

dimensions      [0 1 -1 0 0 0 0];

internalField   nonuniform List<vector> 
2000
(
(0.755548 -0.00239511 0)
(0.763407 -0.00132684 0)
(0.764327 0.00193686 0)
(0.755664 0.00412145 0)
(0.742322 0.00503671 0)
(0.726677 0.00539862 0)
(0.709119 0.00553876 0)
(0.689995 0.00549147 0)
(0.669883 0.00529203 0)
(0.649284 0.00501811 0)
(2.03127 -4.39887e-05 0)
(2.02525 0.00423697 0)
(2.01574 0.01189 0)
(1.99842 0.0194855 0)
(1.97574 0.0254744 0)
(1.94941 0.0300129 0)
(1.91969 0.0334764 0)
(1.88675 0.0359972 0)
(1.8511 0.0376637 0)
(1.81331 0.0386347 0)
(2.99359 0.00499669 0)
(2.98822 0.0164985 0)
(2.97821 0.0290545 0)
(2.96034 0.0408536 0)
(2.93733 0.0509301 0)
(2.91095 0.0593477 0)
(2.88127 0.0663702 0)
(2.84821 0.0721139 0)
(2.81203 0.0766622 0)
(2.77313 0.0801593 0)
(3.6347 0.00883864 0)
(3.63062 0.0264307 0)
(3.62248 0.043561 0)
(3.60738 0.0593561 0)
(3.58797 0.0732918 0)
(3.56602 0.0853679 0)
(3.54154 0.0957517 0)
(3.51428 0.104578 0)
(3.48438 0.111979 0)
(3.45207 0.118121 0)
(3.95518 0.0117802 0)
(3.95205 0.0344393 0)
(3.94585 0.0554041 0)
(3.93401 0.0742311 0)
(3.91914 0.0908926 0)
(3.90293 0.105518 0)
(3.88534 0.118259 0)
(3.86601 0.129289 0)
(3.84495 0.138801 0)
(3.82226 0.146994 0)
(3.95526 0.0142577 0)
(3.95272 0.0410449 0)
(3.94819 0.0646654 0)
(3.93967 0.0851369 0)
(3.92986 0.103087 0)
(3.92024 0.118884 0)
(3.91055 0.132724 0)
(3.90034 0.144841 0)
(3.88949 0.155492 0)
(3.87799 0.164895 0)
(3.63489 0.0167695 0)
(3.63232 0.0466192 0)
(3.629 0.0711028 0)
(3.62398 0.0915546 0)
(3.62005 0.109349 0)
(3.61819 0.124932 0)
(3.61781 0.138533 0)
(3.61831 0.150505 0)
(3.6194 0.161182 0)
(3.62088 0.17079 0)
(2.99363 0.0208823 0)
(2.98946 0.0524783 0)
(2.98749 0.0743422 0)
(2.98807 0.0917291 0)
(2.99303 0.107064 0)
(3.00233 0.120589 0)
(3.01497 0.132463 0)
(3.03008 0.143089 0)
(3.04703 0.152789 0)
(3.0653 0.16174 0)
(2.03141 0.0289104 0)
(2.02549 0.0627359 0)
(2.0342 0.0786386 0)
(2.05587 0.0887016 0)
(2.08572 0.097264 0)
(2.12054 0.105003 0)
(2.15869 0.112286 0)
(2.19895 0.119461 0)
(2.24036 0.126658 0)
(2.28233 0.133867 0)
(0.803604 0.0227735 0)
(0.864972 0.0357452 0)
(0.944426 0.0367415 0)
(1.03235 0.0379314 0)
(1.11521 0.0414278 0)
(1.19152 0.04698 0)
(1.26323 0.0539138 0)
(1.33143 0.0616396 0)
(1.39665 0.0697557 0)
(1.45939 0.0780358 0)
(0.104678 -0.0780055 0)
(0.177511 -0.105291 0)
(0.277439 -0.0911295 0)
(0.376485 -0.0737284 0)
(0.46219 -0.0575802 0)
(0.538135 -0.0419488 0)
(0.608451 -0.0271254 0)
(0.674913 -0.0135301 0)
(0.738426 -0.00108643 0)
(0.799719 0.0104563 0)
(-0.00510913 -0.132691 0)
(-0.00545331 -0.179931 0)
(0.0326452 -0.163916 0)
(0.0813671 -0.142379 0)
(0.129441 -0.121663 0)
(0.175891 -0.102322 0)
(0.221439 -0.0849817 0)
(0.266385 -0.0696935 0)
(0.310897 -0.0560576 0)
(0.355179 -0.0436594 0)
(-0.00963582 -0.111418 0)
(-0.0379629 -0.176303 0)
(-0.0451179 -0.179682 0)
(-0.0396638 -0.166272 0)
(-0.0277744 -0.149019 0)
(-0.0121415 -0.131773 0)
(0.00623928 -0.115932 0)
(0.0267597 -0.101773 0)
(0.0490255 -0.089082 0)
(0.0728127 -0.0775591 0)
(-0.00743786 -0.0821853 0)
(-0.0411963 -0.148264 0)
(-0.0685253 -0.164041 0)
(-0.0880462 -0.159615 0)
(-0.100649 -0.148357 0)
(-0.108055 -0.135549 0)
(-0.111333 -0.123173 0)
(-0.111222 -0.111811 0)
(-0.108259 -0.101481 0)
(-0.102825 -0.092033 0)
(-0.00587827 -0.0583575 0)
(-0.0382032 -0.114321 0)
(-0.0727338 -0.133695 0)
(-0.104275 -0.135192 0)
(-0.130804 -0.129406 0)
(-0.152753 -0.121274 0)
(-0.170719 -0.11284 0)
(-0.185227 -0.104821 0)
(-0.196713 -0.0973806 0)
(-0.205525 -0.0904853 0)
(-0.00456332 -0.0384071 0)
(-0.0330701 -0.0803582 0)
(-0.0678847 -0.098206 0)
(-0.10308 -0.102458 0)
(-0.135493 -0.100448 0)
(-0.164688 -0.0960638 0)
(-0.190788 -0.0910616 0)
(-0.214033 -0.0861149 0)
(-0.234682 -0.0814236 0)
(-0.252969 -0.0770114 0)
(-0.00335486 -0.0220948 0)
(-0.0264969 -0.0498282 0)
(-0.0572588 -0.0636103 0)
(-0.0903847 -0.0682372 0)
(-0.12258 -0.0682344 0)
(-0.152958 -0.0663212 0)
(-0.181322 -0.0638063 0)
(-0.207695 -0.0612117 0)
(-0.23218 -0.0587022 0)
(-0.254899 -0.0563091 0)
(-0.00215117 -0.00993401 0)
(-0.0187096 -0.0252876 0)
(-0.0425193 -0.0340747 0)
(-0.069533 -0.0375579 0)
(-0.0968419 -0.0381661 0)
(-0.123413 -0.0375554 0)
(-0.148905 -0.0365497 0)
(-0.173234 -0.035474 0)
(-0.196416 -0.0344243 0)
(-0.2185 -0.0334152 0)
(-0.000903648 -0.00248939 0)
(-0.0101919 -0.00865764 0)
(-0.0252623 -0.0127292 0)
(-0.0433492 -0.0144481 0)
(-0.0622088 -0.0148589 0)
(-0.0809207 -0.0147401 0)
(-0.0991733 -0.0144702 0)
(-0.116889 -0.014186 0)
(-0.134068 -0.0139182 0)
(-0.15073 -0.0136642 0)
(0.000167701 0.000190702 0)
(-0.00231774 -0.000613338 0)
(-0.0077397 -0.00117527 0)
(-0.0147601 -0.00136819 0)
(-0.0222409 -0.00140377 0)
(-0.0297191 -0.00139448 0)
(-0.03707 -0.00138264 0)
(-0.0442833 -0.00137841 0)
(-0.0513742 -0.0013801 0)
(-0.0583553 -0.00138399 0)
(0.62852 0.00472964 0)
(0.607796 0.00445207 0)
(0.587253 0.00419429 0)
(0.566987 0.00396101 0)
(0.547059 0.00375412 0)
(0.527497 0.00357219 0)
(0.508313 0.00341224 0)
(0.489508 0.00327123 0)
(0.471072 0.00314652 0)
(0.452994 0.00303538 0)
(0.43526 0.00293505 0)
(0.417854 0.00284282 0)
(0.400762 0.00275655 0)
(0.383975 0.00267452 0)
(0.367482 0.00259547 0)
(0.351278 0.00251823 0)
(0.33536 0.0024418 0)
(0.319728 0.00236512 0)
(0.304386 0.00228739 0)
(0.289341 0.00220791 0)
(0.274602 0.00212627 0)
(0.260181 0.0020422 0)
(0.246093 0.00195563 0)
(0.232354 0.00186658 0)
(0.218983 0.00177519 0)
(0.205996 0.00168167 0)
(0.193413 0.00158635 0)
(0.181254 0.00148963 0)
(0.169534 0.00139202 0)
(0.158272 0.00129405 0)
(0.147483 0.00119633 0)
(0.137179 0.00109947 0)
(0.127373 0.0010041 0)
(0.11807 0.000910786 0)
(0.109279 0.000820076 0)
(1.77387 0.039088 0)
(1.73317 0.0391664 0)
(1.69153 0.0389759 0)
(1.64925 0.0385995 0)
(1.60654 0.038103 0)
(1.56361 0.037536 0)
(1.52057 0.0369333 0)
(1.47755 0.0363186 0)
(1.43462 0.0357081 0)
(1.39184 0.0351116 0)
(1.34925 0.0345344 0)
(1.30688 0.0339779 0)
(1.26475 0.0334405 0)
(1.22288 0.0329192 0)
(1.18127 0.0324093 0)
(1.13995 0.0319056 0)
(1.09893 0.0314022 0)
(1.05822 0.0308928 0)
(1.01786 0.0303713 0)
(0.977866 0.0298314 0)
(0.938281 0.0292676 0)
(0.899143 0.0286747 0)
(0.860501 0.0280483 0)
(0.822407 0.027385 0)
(0.78492 0.0266822 0)
(0.748103 0.0259383 0)
(0.712021 0.0251527 0)
(0.676743 0.0243261 0)
(0.642337 0.0234599 0)
(0.608873 0.0225568 0)
(0.576418 0.0216203 0)
(0.545035 0.0206546 0)
(0.514785 0.0196649 0)
(0.485721 0.0186565 0)
(0.457891 0.0176353 0)
(2.73184 0.0827782 0)
(2.6884 0.0846751 0)
(2.64307 0.0859816 0)
(2.59609 0.0868123 0)
(2.54766 0.0872683 0)
(2.49799 0.0874352 0)
(2.44723 0.087383 0)
(2.39553 0.0871676 0)
(2.343 0.0868335 0)
(2.28976 0.0864152 0)
(2.23588 0.0859381 0)
(2.18145 0.0854199 0)
(2.12653 0.0848715 0)
(2.07117 0.0842976 0)
(2.01543 0.083699 0)
(1.95936 0.0830721 0)
(1.903 0.082411 0)
(1.84641 0.0817068 0)
(1.78964 0.0809492 0)
(1.73274 0.0801266 0)
(1.67579 0.0792266 0)
(1.61886 0.0782371 0)
(1.56202 0.0771462 0)
(1.50537 0.0759433 0)
(1.44901 0.074619 0)
(1.39303 0.0731658 0)
(1.33757 0.0715784 0)
(1.28273 0.0698537 0)
(1.22864 0.0679913 0)
(1.17544 0.0659937 0)
(1.12326 0.0638659 0)
(1.07222 0.0616154 0)
(1.02247 0.0592527 0)
(0.974126 0.0567899 0)
(0.927305 0.0542413 0)
(3.41751 0.123184 0)
(3.38081 0.127333 0)
(3.34206 0.130711 0)
(3.30137 0.133447 0)
(3.25886 0.135654 0)
(3.21461 0.13743 0)
(3.1687 0.138857 0)
(3.12122 0.140003 0)
(3.07222 0.140925 0)
(3.02178 0.141666 0)
(2.96995 0.142263 0)
(2.91678 0.142741 0)
(2.86231 0.143118 0)
(2.8066 0.143403 0)
(2.74969 0.1436 0)
(2.69162 0.143708 0)
(2.63243 0.143719 0)
(2.57218 0.143623 0)
(2.51092 0.143404 0)
(2.4487 0.143046 0)
(2.3856 0.142529 0)
(2.32169 0.141832 0)
(2.25707 0.140933 0)
(2.19183 0.139813 0)
(2.12609 0.13845 0)
(2.05998 0.136827 0)
(1.99362 0.134929 0)
(1.92719 0.132744 0)
(1.86083 0.130263 0)
(1.79473 0.127483 0)
(1.72908 0.124406 0)
(1.66406 0.121036 0)
(1.59987 0.117387 0)
(1.53671 0.113473 0)
(1.47477 0.109316 0)
(3.79798 0.154052 0)
(3.77207 0.160144 0)
(3.74452 0.16542 0)
(3.71533 0.170013 0)
(3.6845 0.174039 0)
(3.65203 0.177598 0)
(3.61792 0.180777 0)
(3.58215 0.183646 0)
(3.54473 0.186263 0)
(3.50564 0.188676 0)
(3.46488 0.190921 0)
(3.42244 0.193025 0)
(3.37831 0.195005 0)
(3.33249 0.196871 0)
(3.28496 0.198626 0)
(3.23573 0.200263 0)
(3.18479 0.201773 0)
(3.13215 0.203137 0)
(3.07781 0.204335 0)
(3.0218 0.20534 0)
(2.96415 0.206123 0)
(2.90489 0.206651 0)
(2.84407 0.206889 0)
(2.78177 0.206804 0)
(2.71806 0.206359 0)
(2.65305 0.205521 0)
(2.58685 0.204258 0)
(2.5196 0.202541 0)
(2.45146 0.200349 0)
(2.3826 0.197662 0)
(2.31321 0.194468 0)
(2.24351 0.190763 0)
(2.17371 0.186551 0)
(2.10406 0.181843 0)
(2.03481 0.176657 0)
(3.86573 0.173227 0)
(3.85258 0.180648 0)
(3.83844 0.187304 0)
(3.82323 0.193324 0)
(3.80686 0.19882 0)
(3.78926 0.20389 0)
(3.77036 0.208617 0)
(3.75009 0.213073 0)
(3.7284 0.217315 0)
(3.70523 0.221391 0)
(3.68051 0.225338 0)
(3.65418 0.229181 0)
(3.6262 0.232938 0)
(3.5965 0.236617 0)
(3.56502 0.240219 0)
(3.53171 0.243735 0)
(3.49652 0.247151 0)
(3.45939 0.250444 0)
(3.42028 0.253585 0)
(3.37915 0.25654 0)
(3.33597 0.259269 0)
(3.29071 0.261727 0)
(3.24337 0.263866 0)
(3.19393 0.265635 0)
(3.14243 0.266981 0)
(3.08889 0.26785 0)
(3.03337 0.268192 0)
(2.97594 0.267954 0)
(2.9167 0.267093 0)
(2.85578 0.265566 0)
(2.79332 0.263341 0)
(2.72949 0.260391 0)
(2.6645 0.2567 0)
(2.59855 0.252264 0)
(2.53189 0.247086 0)
(3.62251 0.179495 0)
(3.62406 0.187443 0)
(3.62532 0.194766 0)
(3.62613 0.201582 0)
(3.62634 0.207988 0)
(3.62582 0.214072 0)
(3.62444 0.219908 0)
(3.6221 0.225562 0)
(3.61869 0.231088 0)
(3.61413 0.236528 0)
(3.60832 0.241918 0)
(3.60118 0.247283 0)
(3.59261 0.25264 0)
(3.58254 0.257997 0)
(3.57088 0.263354 0)
(3.55755 0.268702 0)
(3.54245 0.274025 0)
(3.5255 0.279299 0)
(3.50661 0.284492 0)
(3.4857 0.289565 0)
(3.46269 0.294471 0)
(3.43751 0.299158 0)
(3.41007 0.303566 0)
(3.38031 0.307633 0)
(3.34819 0.311289 0)
(3.31367 0.314464 0)
(3.27672 0.317087 0)
(3.23733 0.319083 0)
(3.19553 0.320384 0)
(3.15135 0.320923 0)
(3.10487 0.320638 0)
(3.05617 0.319476 0)
(3.00538 0.317393 0)
(2.95265 0.314357 0)
(2.89816 0.310348 0)
(3.08447 0.170063 0)
(3.10414 0.177869 0)
(3.12401 0.185264 0)
(3.14382 0.192339 0)
(3.16337 0.19917 0)
(3.18247 0.205826 0)
(3.20097 0.212366 0)
(3.21875 0.218844 0)
(3.23569 0.225303 0)
(3.2517 0.231781 0)
(3.26667 0.238306 0)
(3.28054 0.244901 0)
(3.2932 0.251581 0)
(3.30458 0.258354 0)
(3.31459 0.265221 0)
(3.32315 0.272174 0)
(3.33017 0.2792 0)
(3.33555 0.286275 0)
(3.3392 0.293369 0)
(3.34103 0.300443 0)
(3.34091 0.307449 0)
(3.33876 0.314333 0)
(3.33447 0.321032 0)
(3.32793 0.327476 0)
(3.31905 0.333588 0)
(3.30772 0.339285 0)
(3.29387 0.344482 0)
(3.27743 0.349088 0)
(3.25833 0.353013 0)
(3.23653 0.356167 0)
(3.21202 0.358463 0)
(3.1848 0.359819 0)
(3.1549 0.360162 0)
(3.12238 0.359428 0)
(3.08734 0.357566 0)
(2.32444 0.141058 0)
(2.3664 0.148214 0)
(2.40801 0.155338 0)
(2.44909 0.162437 0)
(2.48954 0.169528 0)
(2.52925 0.176633 0)
(2.56816 0.183774 0)
(2.60621 0.190976 0)
(2.64335 0.198265 0)
(2.67953 0.205664 0)
(2.71472 0.213192 0)
(2.74888 0.220866 0)
(2.78197 0.228699 0)
(2.81394 0.2367 0)
(2.84474 0.244871 0)
(2.87431 0.253209 0)
(2.9026 0.261705 0)
(2.92953 0.27034 0)
(2.95503 0.279091 0)
(2.979 0.287922 0)
(3.00135 0.296794 0)
(3.02197 0.305655 0)
(3.04075 0.314446 0)
(3.05758 0.323097 0)
(3.07233 0.331531 0)
(3.08489 0.339663 0)
(3.09512 0.3474 0)
(3.10292 0.354643 0)
(3.10816 0.361289 0)
(3.11074 0.367232 0)
(3.11058 0.372366 0)
(3.1076 0.376586 0)
(3.10175 0.379793 0)
(3.093 0.381894 0)
(3.08135 0.382808 0)
(1.5201 0.0863566 0)
(1.57913 0.0946558 0)
(1.63669 0.10291 0)
(1.69296 0.111119 0)
(1.74806 0.119297 0)
(1.80209 0.127467 0)
(1.85512 0.135655 0)
(1.90721 0.143889 0)
(1.95842 0.152198 0)
(2.00876 0.16061 0)
(2.05828 0.16915 0)
(2.10698 0.177843 0)
(2.15488 0.186707 0)
(2.20198 0.195759 0)
(2.24826 0.205012 0)
(2.29371 0.21447 0)
(2.33829 0.224135 0)
(2.38196 0.234 0)
(2.42467 0.244051 0)
(2.46635 0.254266 0)
(2.50691 0.264613 0)
(2.54627 0.275054 0)
(2.58433 0.285537 0)
(2.62096 0.296003 0)
(2.65604 0.30638 0)
(2.68944 0.316588 0)
(2.72101 0.326537 0)
(2.75061 0.336128 0)
(2.77809 0.345253 0)
(2.80331 0.353799 0)
(2.82612 0.361651 0)
(2.84638 0.368688 0)
(2.86398 0.374792 0)
(2.87882 0.379851 0)
(2.89079 0.383756 0)
(0.859357 0.0213036 0)
(0.917744 0.0316039 0)
(0.975141 0.0414846 0)
(1.03172 0.0510558 0)
(1.08762 0.0604031 0)
(1.14296 0.0695954 0)
(1.19783 0.0786919 0)
(1.2523 0.087744 0)
(1.30644 0.0967977 0)
(1.36028 0.105896 0)
(1.41388 0.115077 0)
(1.46727 0.124377 0)
(1.52046 0.133826 0)
(1.57347 0.143452 0)
(1.6263 0.153278 0)
(1.67896 0.163323 0)
(1.73142 0.173597 0)
(1.78366 0.184109 0)
(1.83565 0.194856 0)
(1.88732 0.205831 0)
(1.93862 0.217016 0)
(1.98946 0.228386 0)
(2.03976 0.239903 0)
(2.08941 0.251522 0)
(2.13828 0.263183 0)
(2.18625 0.274817 0)
(2.23315 0.286343 0)
(2.27885 0.297668 0)
(2.32316 0.30869 0)
(2.36592 0.319297 0)
(2.40694 0.329371 0)
(2.44606 0.338787 0)
(2.4831 0.347417 0)
(2.51789 0.355133 0)
(2.55028 0.361812 0)
(0.399415 -0.0322052 0)
(0.443716 -0.0214757 0)
(0.48819 -0.0112944 0)
(0.532947 -0.00152649 0)
(0.578061 0.00793195 0)
(0.623585 0.0171622 0)
(0.669579 0.0262351 0)
(0.716067 0.0352171 0)
(0.763066 0.0441652 0)
(0.810594 0.0531281 0)
(0.858669 0.0621493 0)
(0.907308 0.0712688 0)
(0.956526 0.0805228 0)
(1.00633 0.0899448 0)
(1.05673 0.099565 0)
(1.10772 0.10941 0)
(1.15929 0.119501 0)
(1.21143 0.129855 0)
(1.26411 0.140483 0)
(1.31729 0.151388 0)
(1.37094 0.162569 0)
(1.42497 0.174012 0)
(1.47933 0.185697 0)
(1.53392 0.197592 0)
(1.58863 0.209653 0)
(1.64334 0.221826 0)
(1.69791 0.234043 0)
(1.75219 0.246226 0)
(1.80602 0.258281 0)
(1.85921 0.270106 0)
(1.91158 0.281588 0)
(1.96293 0.292605 0)
(2.01306 0.30303 0)
(2.06176 0.312728 0)
(2.10883 0.321568 0)
(0.09799 -0.0669513 0)
(0.124465 -0.0570625 0)
(0.152175 -0.0477388 0)
(0.181077 -0.0388504 0)
(0.211145 -0.0302891 0)
(0.242365 -0.0219703 0)
(0.274705 -0.0138195 0)
(0.308186 -0.00576666 0)
(0.34283 0.00224623 0)
(0.378653 0.0102643 0)
(0.415671 0.0183299 0)
(0.453899 0.0264859 0)
(0.49334 0.0347718 0)
(0.534001 0.043223 0)
(0.575888 0.0518724 0)
(0.619007 0.0607505 0)
(0.663359 0.0698842 0)
(0.708941 0.0792968 0)
(0.755743 0.0890068 0)
(0.80375 0.0990285 0)
(0.852934 0.10937 0)
(0.903259 0.120033 0)
(0.954674 0.131009 0)
(1.00712 0.142282 0)
(1.06051 0.153824 0)
(1.11475 0.165599 0)
(1.16974 0.177553 0)
(1.22534 0.189625 0)
(1.28142 0.201738 0)
(1.3378 0.213802 0)
(1.39431 0.225716 0)
(1.45077 0.237371 0)
(1.50696 0.248644 0)
(1.56269 0.259407 0)
(1.61772 0.269528 0)
(-0.09519 -0.0832993 0)
(-0.0855498 -0.0751368 0)
(-0.0740524 -0.0674285 0)
(-0.0608083 -0.0600751 0)
(-0.0458977 -0.0529919 0)
(-0.029375 -0.0461093 0)
(-0.0112783 -0.0393745 0)
(0.00836927 -0.0327401 0)
(0.0295497 -0.0261568 0)
(0.0522593 -0.0195797 0)
(0.0765006 -0.0129678 0)
(0.102283 -0.006279 0)
(0.129635 0.000527383 0)
(0.158578 0.00748714 0)
(0.18913 0.0146343 0)
(0.221309 0.0220017 0)
(0.255128 0.0296187 0)
(0.290602 0.0375117 0)
(0.32774 0.0457044 0)
(0.36655 0.0542219 0)
(0.407029 0.0630834 0)
(0.449171 0.0722966 0)
(0.492956 0.0818649 0)
(0.538356 0.0917855 0)
(0.585327 0.102046 0)
(0.633813 0.112624 0)
(0.683741 0.123486 0)
(0.735019 0.134586 0)
(0.78754 0.145865 0)
(0.84118 0.15725 0)
(0.895795 0.168659 0)
(0.951223 0.179994 0)
(1.00729 0.19115 0)
(1.06379 0.20201 0)
(1.12052 0.21245 0)
(-0.211928 -0.0840536 0)
(-0.216129 -0.078003 0)
(-0.218288 -0.0722612 0)
(-0.218528 -0.066765 0)
(-0.21694 -0.0614596 0)
(-0.213591 -0.056299 0)
(-0.20853 -0.0512464 0)
(-0.201791 -0.04627 0)
(-0.193393 -0.0413339 0)
(-0.183344 -0.0364005 0)
(-0.171642 -0.0314378 0)
(-0.158276 -0.0264149 0)
(-0.143227 -0.0212977 0)
(-0.126468 -0.0160522 0)
(-0.107972 -0.0106453 0)
(-0.0877033 -0.00504388 0)
(-0.0656289 0.000784907 0)
(-0.0417135 0.00687077 0)
(-0.0159243 0.0132402 0)
(0.0117631 0.0199154 0)
(0.0413702 0.0269184 0)
(0.0729174 0.0342677 0)
(0.106422 0.0419779 0)
(0.141894 0.0500566 0)
(0.179327 0.0585037 0)
(0.218706 0.0673115 0)
(0.26 0.0764626 0)
(0.303164 0.0859273 0)
(0.348135 0.0956625 0)
(0.394836 0.105621 0)
(0.443168 0.115741 0)
(0.493011 0.125942 0)
(0.544226 0.136135 0)
(0.596654 0.14622 0)
(0.650121 0.156087 0)
(-0.269092 -0.0728494 0)
(-0.283212 -0.0688995 0)
(-0.295458 -0.0651258 0)
(-0.305932 -0.0614958 0)
(-0.314714 -0.0579804 0)
(-0.321862 -0.0545543 0)
(-0.327419 -0.0511952 0)
(-0.331416 -0.0478815 0)
(-0.33387 -0.0445908 0)
(-0.334787 -0.0413004 0)
(-0.334162 -0.037988 0)
(-0.331982 -0.0346306 0)
(-0.328226 -0.0312027 0)
(-0.322864 -0.0276769 0)
(-0.315859 -0.0240254 0)
(-0.307167 -0.0202193 0)
(-0.296738 -0.0162279 0)
(-0.28452 -0.012022 0)
(-0.270452 -0.00757484 0)
(-0.254479 -0.00286394 0)
(-0.236555 0.00213777 0)
(-0.21663 0.00745728 0)
(-0.194667 0.0131117 0)
(-0.170616 0.0191127 0)
(-0.144437 0.0254707 0)
(-0.116103 0.0321903 0)
(-0.0855953 0.0392683 0)
(-0.0529099 0.04669 0)
(-0.0180495 0.0544305 0)
(0.0189434 0.062451 0)
(0.0580113 0.0707081 0)
(0.0990937 0.0791486 0)
(0.142106 0.0877041 0)
(0.18694 0.0962954 0)
(0.233462 0.104834 0)
(-0.275966 -0.0540246 0)
(-0.295482 -0.0518342 0)
(-0.313531 -0.0497236 0)
(-0.33018 -0.0476806 0)
(-0.345485 -0.0456937 0)
(-0.359488 -0.0437527 0)
(-0.372218 -0.0418478 0)
(-0.3837 -0.0399686 0)
(-0.393944 -0.0381038 0)
(-0.402953 -0.036241 0)
(-0.410724 -0.0343674 0)
(-0.417241 -0.0324683 0)
(-0.422483 -0.030527 0)
(-0.42642 -0.0285251 0)
(-0.429013 -0.0264423 0)
(-0.430215 -0.0242569 0)
(-0.42997 -0.0219457 0)
(-0.428216 -0.0194842 0)
(-0.424886 -0.0168471 0)
(-0.419905 -0.0140081 0)
(-0.413196 -0.0109407 0)
(-0.404673 -0.0076203 0)
(-0.394247 -0.00402768 0)
(-0.381851 -0.000143003 0)
(-0.367409 0.00405081 0)
(-0.350858 0.00856473 0)
(-0.332131 0.0134022 0)
(-0.311163 0.0185615 0)
(-0.287909 0.0240336 0)
(-0.262338 0.0297953 0)
(-0.234437 0.03582 0)
(-0.204214 0.0420767 0)
(-0.171696 0.0485188 0)
(-0.136932 0.0550897 0)
(-0.0999972 0.0617232 0)
(-0.239537 -0.0324412 0)
(-0.259576 -0.0314958 0)
(-0.278658 -0.0305749 0)
(-0.296819 -0.0296759 0)
(-0.314087 -0.0287966 0)
(-0.330488 -0.0279351 0)
(-0.346039 -0.0270892 0)
(-0.360754 -0.026256 0)
(-0.374642 -0.0254317 0)
(-0.387703 -0.0246114 0)
(-0.399936 -0.0237896 0)
(-0.411331 -0.0229594 0)
(-0.421872 -0.0221124 0)
(-0.431534 -0.0212387 0)
(-0.440288 -0.0203268 0)
(-0.448092 -0.0193639 0)
(-0.4549 -0.0183355 0)
(-0.460653 -0.017226 0)
(-0.465288 -0.016018 0)
(-0.468728 -0.0146932 0)
(-0.47089 -0.0132322 0)
(-0.471685 -0.0116152 0)
(-0.471013 -0.00982152 0)
(-0.468773 -0.00783167 0)
(-0.464854 -0.00562956 0)
(-0.459143 -0.00320277 0)
(-0.451538 -0.000539877 0)
(-0.44194 0.00236744 0)
(-0.430258 0.00552077 0)
(-0.4164 0.0089142 0)
(-0.400292 0.0125389 0)
(-0.381873 0.0163798 0)
(-0.3611 0.0204121 0)
(-0.337954 0.0246031 0)
(-0.312438 0.0289118 0)
(-0.166894 -0.0134169 0)
(-0.182575 -0.0131724 0)
(-0.197786 -0.0129294 0)
(-0.212538 -0.0126883 0)
(-0.226841 -0.0124499 0)
(-0.240706 -0.0122152 0)
(-0.254139 -0.0119847 0)
(-0.267149 -0.0117588 0)
(-0.279739 -0.0115372 0)
(-0.291912 -0.0113193 0)
(-0.30367 -0.0111038 0)
(-0.315008 -0.010889 0)
(-0.325921 -0.0106725 0)
(-0.336396 -0.010451 0)
(-0.346416 -0.0102203 0)
(-0.35596 -0.00997574 0)
(-0.364996 -0.00971139 0)
(-0.373489 -0.00942066 0)
(-0.381392 -0.00909594 0)
(-0.388653 -0.00872878 0)
(-0.395207 -0.00830985 0)
(-0.400982 -0.00782903 0)
(-0.405897 -0.00727528 0)
(-0.40986 -0.00663751 0)
(-0.412772 -0.00590477 0)
(-0.414526 -0.00506556 0)
(-0.415009 -0.00410889 0)
(-0.414104 -0.00302707 0)
(-0.411688 -0.00181583 0)
(-0.407648 -0.000470758 0)
(-0.401876 0.00101084 0)
(-0.394269 0.00262682 0)
(-0.384731 0.00436964 0)
(-0.373182 0.00622835 0)
(-0.359562 0.00818735 0)
(-0.0652323 -0.00138761 0)
(-0.0720064 -0.00138992 0)
(-0.0786772 -0.00139076 0)
(-0.0852442 -0.0013904 0)
(-0.0917073 -0.00138922 0)
(-0.0980673 -0.00138764 0)
(-0.104325 -0.00138608 0)
(-0.110484 -0.00138487 0)
(-0.116543 -0.00138427 0)
(-0.122507 -0.00138452 0)
(-0.128376 -0.00138584 0)
(-0.134152 -0.00138832 0)
(-0.139834 -0.00139202 0)
(-0.145422 -0.00139686 0)
(-0.150912 -0.00140268 0)
(-0.156299 -0.00140922 0)
(-0.161576 -0.00141608 0)
(-0.166732 -0.00142269 0)
(-0.171751 -0.00142834 0)
(-0.176616 -0.00143213 0)
(-0.181302 -0.00143297 0)
(-0.185782 -0.00142959 0)
(-0.19002 -0.00142048 0)
(-0.193977 -0.00140401 0)
(-0.197605 -0.00137846 0)
(-0.200853 -0.00134162 0)
(-0.203661 -0.00129093 0)
(-0.205965 -0.00122409 0)
(-0.207695 -0.00113874 0)
(-0.208779 -0.00103251 0)
(-0.209141 -0.000903753 0)
(-0.208701 -0.000752243 0)
(-0.207386 -0.000576947 0)
(-0.205126 -0.000377372 0)
(-0.201853 -0.000153889 0)
(0.101 0.000732464 0)
(0.0932342 0.00064836 0)
(0.0859781 0.000568103 0)
(0.0792261 0.000491957 0)
(0.0729701 0.000420092 0)
(0.0671998 0.000352598 0)
(0.0619029 0.000289473 0)
(0.0570657 0.000230668 0)
(0.0526731 0.000176013 0)
(0.0487092 0.000125341 0)
(0.431335 0.0166074 0)
(0.406086 0.0155787 0)
(0.382167 0.0145551 0)
(0.359595 0.0135421 0)
(0.338375 0.0125448 0)
(0.318507 0.0115679 0)
(0.299981 0.0106152 0)
(0.282781 0.00968996 0)
(0.266886 0.00879486 0)
(0.252266 0.00793177 0)
(0.88212 0.0516225 0)
(0.83867 0.0489502 0)
(0.797045 0.0462414 0)
(0.757317 0.0435134 0)
(0.719547 0.040783 0)
(0.68378 0.038066 0)
(0.650047 0.0353774 0)
(0.618364 0.0327304 0)
(0.588734 0.030137 0)
(0.561146 0.0276069 0)
(1.41426 0.104941 0)
(1.35536 0.100376 0)
(1.29824 0.095653 0)
(1.24306 0.0908043 0)
(1.18998 0.085864 0)
(1.13911 0.0808662 0)
(1.09057 0.0758442 0)
(1.04445 0.0708295 0)
(1.00081 0.0658517 0)
(0.959704 0.0609375 0)
(1.9662 0.171022 0)
(1.89848 0.16497 0)
(1.83192 0.158544 0)
(1.76676 0.151789 0)
(1.70323 0.144756 0)
(1.64156 0.137497 0)
(1.58194 0.130069 0)
(1.52458 0.122524 0)
(1.46961 0.114918 0)
(1.41718 0.1073 0)
(2.46477 0.241184 0)
(2.39748 0.234586 0)
(2.33029 0.227331 0)
(2.26349 0.219467 0)
(2.19738 0.211054 0)
(2.13224 0.202156 0)
(2.06836 0.192846 0)
(2.006 0.183196 0)
(1.94541 0.173286 0)
(1.88682 0.163192 0)
(2.84212 0.305359 0)
(2.78477 0.299398 0)
(2.72635 0.29249 0)
(2.66715 0.284672 0)
(2.60746 0.275995 0)
(2.54759 0.266524 0)
(2.48783 0.256336 0)
(2.42851 0.245515 0)
(2.36991 0.234153 0)
(2.31235 0.222346 0)
(3.0499 0.354539 0)
(3.01022 0.350325 0)
(2.96847 0.344921 0)
(2.92488 0.338341 0)
(2.87968 0.330617 0)
(2.83315 0.321798 0)
(2.78555 0.311951 0)
(2.73719 0.301155 0)
(2.68837 0.289505 0)
(2.63939 0.277103 0)
(3.06682 0.382466 0)
(3.04948 0.380813 0)
(3.02942 0.377813 0)
(3.00676 0.37345 0)
(2.98165 0.367726 0)
(2.95428 0.360664 0)
(2.92487 0.352309 0)
(2.89364 0.342724 0)
(2.86086 0.33199 0)
(2.82679 0.320204 0)
(2.89985 0.38641 0)
(2.90595 0.387729 0)
(2.90909 0.387645 0)
(2.90928 0.386108 0)
(2.90659 0.383088 0)
(2.9011 0.378578 0)
(2.89293 0.372592 0)
(2.88221 0.365168 0)
(2.86914 0.356365 0)
(2.8539 0.346261 0)
(2.58012 0.367334 0)
(2.6073 0.371591 0)
(2.63171 0.374488 0)
(2.65329 0.375944 0)
(2.67199 0.375901 0)
(2.68778 0.374318 0)
(2.70068 0.371179 0)
(2.71074 0.366491 0)
(2.71803 0.360284 0)
(2.72265 0.352613 0)
(2.15408 0.329419 0)
(2.19732 0.336155 0)
(2.23837 0.341662 0)
(2.2771 0.345836 0)
(2.31335 0.348592 0)
(2.34702 0.349862 0)
(2.37802 0.349601 0)
(2.4063 0.347786 0)
(2.43183 0.344417 0)
(2.45459 0.339521 0)
(1.67183 0.278874 0)
(1.72482 0.287311 0)
(1.77645 0.294715 0)
(1.82652 0.300967 0)
(1.87483 0.305965 0)
(1.9212 0.30962 0)
(1.96546 0.311863 0)
(2.00748 0.312645 0)
(2.04712 0.311941 0)
(2.0843 0.309747 0)
(1.17727 0.222342 0)
(1.23381 0.231557 0)
(1.28991 0.239967 0)
(1.34533 0.247451 0)
(1.39985 0.253897 0)
(1.45324 0.259205 0)
(1.50529 0.263291 0)
(1.55578 0.266086 0)
(1.60454 0.267546 0)
(1.65139 0.267644 0)
(0.704433 0.165622 0)
(0.759384 0.174705 0)
(0.814757 0.183215 0)
(0.870322 0.191038 0)
(0.925845 0.198061 0)
(0.981085 0.204182 0)
(1.0358 0.209311 0)
(1.08976 0.21337 0)
(1.14274 0.216301 0)
(1.19451 0.218063 0)
(0.28152 0.113223 0)
(0.330945 0.121356 0)
(0.381549 0.129132 0)
(0.433131 0.136448 0)
(0.485466 0.143203 0)
(0.538322 0.149299 0)
(0.591459 0.154649 0)
(0.644632 0.159174 0)
(0.697595 0.16281 0)
(0.750107 0.165507 0)
(-0.0609914 0.068345 0)
(-0.0200361 0.0748731 0)
(0.0226953 0.0812158 0)
(0.0670377 0.087288 0)
(0.112823 0.0930119 0)
(0.159843 0.0983051 0)
(0.207874 0.10309 0)
(0.256681 0.107298 0)
(0.30602 0.110865 0)
(0.355645 0.113741 0)
(-0.284581 0.0332899 0)
(-0.254439 0.037683 0)
(-0.222096 0.0420289 0)
(-0.187672 0.0462642 0)
(-0.151312 0.0503277 0)
(-0.113184 0.0541598 0)
(-0.0734808 0.057702 0)
(-0.032415 0.0608997 0)
(0.00976923 0.0636981 0)
(0.052843 0.066053 0)
(-0.343833 0.0102257 0)
(-0.325981 0.0123176 0)
(-0.306023 0.0144319 0)
(-0.284004 0.0165364 0)
(-0.260001 0.0185985 0)
(-0.234116 0.0205839 0)
(-0.206481 0.0224578 0)
(-0.177253 0.0241876 0)
(-0.146614 0.0257446 0)
(-0.114766 0.0271018 0)
(-0.197513 9.21583e-05 0)
(-0.19206 0.00035827 0)
(-0.185465 0.000640708 0)
(-0.177717 0.000934994 0)
(-0.168821 0.00123602 0)
(-0.158801 0.00153798 0)
(-0.147702 0.00183446 0)
(-0.135589 0.00211869 0)
(-0.122543 0.00238396 0)
(-0.108667 0.00262373 0)
(0.0451575 7.83695e-05 0)
(0.0420011 3.48479e-05 0)
(0.0392232 -5.57946e-06 0)
(0.0368074 -4.31973e-05 0)
(0.0347374 -7.83954e-05 0)
(0.0329978 -0.000111453 0)
(0.0315739 -0.000142747 0)
(0.0304518 -0.000172528 0)
(0.0296183 -0.000201135 0)
(0.0290613 -0.000228756 0)
(0.0287695 -0.000255682 0)
(0.0287323 -0.000282053 0)
(0.0289399 -0.000308047 0)
(0.0293831 -0.000333597 0)
(0.0300531 -0.000358835 0)
(0.0309417 -0.000383721 0)
(0.0320407 -0.000408351 0)
(0.0333422 -0.000432681 0)
(0.0348384 -0.000456706 0)
(0.0365213 -0.000480287 0)
(0.0383832 -0.000503369 0)
(0.0404158 -0.000525789 0)
(0.0426111 -0.000547458 0)
(0.0449605 -0.000568179 0)
(0.0474552 -0.000587839 0)
(0.0500861 -0.00060626 0)
(0.0528436 -0.000623329 0)
(0.055718 -0.000638877 0)
(0.0586991 -0.000652813 0)
(0.0617766 -0.000665005 0)
(0.06494 -0.000675397 0)
(0.0681786 -0.000683904 0)
(0.0714818 -0.000690521 0)
(0.0748389 -0.000695223 0)
(0.0782397 -0.000698072 0)
(0.23889 0.0071019 0)
(0.226721 0.00630585 0)
(0.215721 0.00554369 0)
(0.205847 0.00481498 0)
(0.197057 0.00411885 0)
(0.189309 0.00345417 0)
(0.18256 0.0028195 0)
(0.176768 0.0022133 0)
(0.17189 0.00163392 0)
(0.167886 0.0010797 0)
(0.164718 0.000549025 0)
(0.162348 4.04217e-05 0)
(0.160739 -0.000447473 0)
(0.159858 -0.000915982 0)
(0.159672 -0.00136601 0)
(0.160147 -0.00179765 0)
(0.161252 -0.00221147 0)
(0.162957 -0.0026081 0)
(0.165232 -0.00298785 0)
(0.168048 -0.00335078 0)
(0.171376 -0.00369685 0)
(0.175187 -0.00402582 0)
(0.179453 -0.00433736 0)
(0.184147 -0.00463105 0)
(0.18924 -0.00490639 0)
(0.194705 -0.00516289 0)
(0.200513 -0.00540001 0)
(0.206638 -0.00561731 0)
(0.21305 -0.00581437 0)
(0.219721 -0.0059909 0)
(0.226626 -0.0061467 0)
(0.233735 -0.00628175 0)
(0.241022 -0.00639618 0)
(0.248461 -0.0064903 0)
(0.256026 -0.00656468 0)
(0.535578 0.0251484 0)
(0.511997 0.0227678 0)
(0.490361 0.0204696 0)
(0.470621 0.0182569 0)
(0.452723 0.0161311 0)
(0.436605 0.0140926 0)
(0.422204 0.0121404 0)
(0.409454 0.0102729 0)
(0.398287 0.00848784 0)
(0.388637 0.0067825 0)
(0.380435 0.00515388 0)
(0.373614 0.00359885 0)
(0.368108 0.00211429 0)
(0.363852 0.000697128 0)
(0.360783 -0.000654979 0)
(0.358842 -0.00194445 0)
(0.35797 -0.00317267 0)
(0.358107 -0.00434021 0)
(0.359197 -0.00544841 0)
(0.361183 -0.00649893 0)
(0.364012 -0.00749294 0)
(0.36763 -0.00843104 0)
(0.371987 -0.00931347 0)
(0.377031 -0.0101403 0)
(0.382713 -0.0109115 0)
(0.388986 -0.0116268 0)
(0.395802 -0.0122863 0)
(0.403115 -0.0128898 0)
(0.410879 -0.0134372 0)
(0.419052 -0.0139289 0)
(0.427589 -0.0143651 0)
(0.436449 -0.0147466 0)
(0.445591 -0.0150742 0)
(0.454976 -0.0153494 0)
(0.464567 -0.0155739 0)
(0.921153 0.0561104 0)
(0.885165 0.0513908 0)
(0.851731 0.0467953 0)
(0.820824 0.0423375 0)
(0.792402 0.0380276 0)
(0.766413 0.0338727 0)
(0.742793 0.0298775 0)
(0.72147 0.0260442 0)
(0.702365 0.0223732 0)
(0.685395 0.0188631 0)
(0.670471 0.0155116 0)
(0.657504 0.0123153 0)
(0.646403 0.00927031 0)
(0.637077 0.00637238 0)
(0.629435 0.003617 0)
(0.623385 0.000999682 0)
(0.618838 -0.00148333 0)
(0.615713 -0.0038353 0)
(0.613925 -0.00605742 0)
(0.613391 -0.00815128 0)
(0.614027 -0.0101206 0)
(0.615755 -0.0119687 0)
(0.618498 -0.0136981 0)
(0.622182 -0.0153109 0)
(0.626733 -0.0168086 0)
(0.632083 -0.0181926 0)
(0.638164 -0.0194645 0)
(0.644912 -0.0206258 0)
(0.652264 -0.021678 0)
(0.66016 -0.0226232 0)
(0.668542 -0.0234632 0)
(0.677355 -0.0242007 0)
(0.686546 -0.0248383 0)
(0.696065 -0.0253795 0)
(0.705863 -0.0258279 0)
(1.36741 0.0997194 0)
(1.32037 0.0922187 0)
(1.27612 0.0848369 0)
(1.2347 0.0776073 0)
(1.19611 0.0705584 0)
(1.16035 0.0637131 0)
(1.12738 0.0570898 0)
(1.09716 0.0507021 0)
(1.06962 0.0445596 0)
(1.04469 0.0386684 0)
(1.02229 0.0330315 0)
(1.00231 0.0276494 0)
(0.984663 0.0225207 0)
(0.969243 0.0176424 0)
(0.955939 0.0130107 0)
(0.944645 0.00862055 0)
(0.935249 0.00446613 0)
(0.927639 0.000541553 0)
(0.921706 -0.00315875 0)
(0.917357 -0.00663846 0)
(0.914485 -0.00989951 0)
(0.912986 -0.0129458 0)
(0.912759 -0.0157837 0)
(0.913708 -0.0184195 0)
(0.915738 -0.0208583 0)
(0.918761 -0.0231046 0)
(0.922689 -0.0251631 0)
(0.927441 -0.0270383 0)
(0.932936 -0.0287348 0)
(0.9391 -0.0302576 0)
(0.945862 -0.0316118 0)
(0.953153 -0.0328029 0)
(0.960909 -0.0338368 0)
(0.96907 -0.0347199 0)
(0.97758 -0.0354593 0)
(1.83044 0.152989 0)
(1.77643 0.142749 0)
(1.72496 0.13254 0)
(1.67614 0.122423 0)
(1.63005 0.112453 0)
(1.58677 0.102679 0)
(1.54632 0.0931421 0)
(1.50872 0.0838766 0)
(1.47395 0.0749105 0)
(1.44197 0.0662653 0)
(1.41274 0.0579573 0)
(1.38618 0.0499978 0)
(1.3622 0.0423937 0)
(1.34073 0.0351487 0)
(1.32164 0.0282633 0)
(1.30484 0.0217357 0)
(1.29021 0.0155623 0)
(1.27763 0.00973786 0)
(1.26699 0.0042547 0)
(1.25816 -0.000895156 0)
(1.25102 -0.00571841 0)
(1.24547 -0.0102194 0)
(1.2414 -0.0144026 0)
(1.23869 -0.0182763 0)
(1.23723 -0.0218502 0)
(1.23693 -0.0251339 0)
(1.23767 -0.0281366 0)
(1.23936 -0.030867 0)
(1.24192 -0.0333343 0)
(1.24525 -0.0355476 0)
(1.24927 -0.0375163 0)
(1.2539 -0.0392502 0)
(1.25907 -0.0407596 0)
(1.26472 -0.042055 0)
(1.27077 -0.0431476 0)
(2.25607 0.210193 0)
(2.20136 0.197793 0)
(2.14843 0.185242 0)
(2.09749 0.172632 0)
(2.04871 0.160048 0)
(2.00224 0.147569 0)
(1.9582 0.135268 0)
(1.91667 0.123205 0)
(1.87771 0.111437 0)
(1.84134 0.100007 0)
(1.80757 0.0889538 0)
(1.77639 0.078307 0)
(1.74774 0.0680897 0)
(1.72158 0.0583186 0)
(1.69783 0.0490052 0)
(1.6764 0.040156 0)
(1.65721 0.0317738 0)
(1.64014 0.023858 0)
(1.62509 0.0164054 0)
(1.61195 0.00940959 0)
(1.6006 0.00286084 0)
(1.59091 -0.00325121 0)
(1.58278 -0.00893452 0)
(1.57611 -0.014196 0)
(1.57078 -0.0190449 0)
(1.56668 -0.0234941 0)
(1.5637 -0.0275577 0)
(1.56176 -0.0312495 0)
(1.56074 -0.0345837 0)
(1.56056 -0.0375744 0)
(1.56113 -0.0402363 0)
(1.56236 -0.0425842 0)
(1.56419 -0.0446334 0)
(1.56654 -0.0463993 0)
(1.56934 -0.047898 0)
(2.59056 0.264062 0)
(2.54216 0.250497 0)
(2.49449 0.236525 0)
(2.4478 0.222265 0)
(2.40233 0.207829 0)
(2.3583 0.193327 0)
(2.31589 0.17886 0)
(2.27525 0.164522 0)
(2.23653 0.150396 0)
(2.19981 0.136556 0)
(2.16518 0.123068 0)
(2.13267 0.109986 0)
(2.10231 0.0973554 0)
(2.07409 0.0852122 0)
(2.04799 0.0735851 0)
(2.02398 0.0624951 0)
(2.00198 0.0519569 0)
(1.98195 0.0419791 0)
(1.96379 0.0325658 0)
(1.94742 0.0237166 0)
(1.93274 0.0154276 0)
(1.91967 0.00768983 0)
(1.90809 0.000491068 0)
(1.89789 -0.00618109 0)
(1.88899 -0.0123372 0)
(1.8813 -0.0179893 0)
(1.87471 -0.0231523 0)
(1.86913 -0.0278441 0)
(1.86447 -0.0320831 0)
(1.86065 -0.0358884 0)
(1.85757 -0.0392797 0)
(1.85517 -0.0422769 0)
(1.85337 -0.0449004 0)
(1.8521 -0.0471709 0)
(1.8513 -0.0491092 0)
(2.79171 0.307478 0)
(2.75592 0.29393 0)
(2.71968 0.27969 0)
(2.68329 0.264888 0)
(2.647 0.24966 0)
(2.61106 0.234134 0)
(2.5757 0.218439 0)
(2.54113 0.202695 0)
(2.50754 0.187014 0)
(2.47508 0.171499 0)
(2.44389 0.156242 0)
(2.41407 0.141325 0)
(2.3857 0.126818 0)
(2.35885 0.112782 0)
(2.33353 0.0992649 0)
(2.30978 0.0863076 0)
(2.28757 0.0739407 0)
(2.2669 0.062187 0)
(2.24773 0.0510617 0)
(2.23 0.0405739 0)
(2.21368 0.0307264 0)
(2.19868 0.0215178 0)
(2.18495 0.0129414 0)
(2.17241 0.00498511 0)
(2.16097 -0.00236662 0)
(2.15056 -0.00912817 0)
(2.14111 -0.0153151 0)
(2.13254 -0.0209456 0)
(2.12479 -0.0260404 0)
(2.11778 -0.0306217 0)
(2.11145 -0.034713 0)
(2.10573 -0.0383383 0)
(2.10056 -0.0415225 0)
(2.09588 -0.0442904 0)
(2.09164 -0.0466676 0)
(2.83671 0.334954 0)
(2.81781 0.322557 0)
(2.79743 0.309195 0)
(2.77583 0.295002 0)
(2.75326 0.28012 0)
(2.72995 0.264691 0)
(2.70615 0.248859 0)
(2.68207 0.232762 0)
(2.65793 0.216534 0)
(2.63393 0.200302 0)
(2.61021 0.184182 0)
(2.58695 0.168279 0)
(2.56427 0.152689 0)
(2.54226 0.137494 0)
(2.52103 0.122766 0)
(2.50062 0.108564 0)
(2.4811 0.0949393 0)
(2.46249 0.0819293 0)
(2.4448 0.0695639 0)
(2.42804 0.0578641 0)
(2.41219 0.046843 0)
(2.39724 0.036507 0)
(2.38315 0.0268561 0)
(2.3699 0.0178853 0)
(2.35744 0.00958406 0)
(2.34572 0.00193632 0)
(2.33471 -0.00507602 0)
(2.32434 -0.0114716 0)
(2.31458 -0.0172717 0)
(2.30538 -0.0225003 0)
(2.29671 -0.0271824 0)
(2.2885 -0.0313444 0)
(2.28074 -0.0350139 0)
(2.27337 -0.0382188 0)
(2.26636 -0.0409877 0)
(2.72473 0.343551 0)
(2.72441 0.333196 0)
(2.72187 0.321657 0)
(2.7173 0.309062 0)
(2.71088 0.295546 0)
(2.70283 0.281253 0)
(2.69334 0.26633 0)
(2.68263 0.250926 0)
(2.67088 0.235186 0)
(2.6583 0.21925 0)
(2.64506 0.203252 0)
(2.63132 0.187316 0)
(2.61725 0.171555 0)
(2.60298 0.156071 0)
(2.58862 0.140956 0)
(2.57428 0.126287 0)
(2.56006 0.112131 0)
(2.54602 0.098543 0)
(2.53221 0.0855672 0)
(2.5187 0.0732375 0)
(2.50551 0.0615784 0)
(2.49266 0.050606 0)
(2.48018 0.0403283 0)
(2.46807 0.0307469 0)
(2.45632 0.0218573 0)
(2.44494 0.0136495 0)
(2.43392 0.00610849 0)
(2.42324 -0.000785303 0)
(2.41289 -0.00705274 0)
(2.40284 -0.0127174 0)
(2.3931 -0.0178057 0)
(2.38363 -0.0223448 0)
(2.37443 -0.0263632 0)
(2.36548 -0.0298897 0)
(2.35676 -0.0329543 0)
(2.47463 0.333145 0)
(2.49199 0.32536 0)
(2.50675 0.316256 0)
(2.51901 0.305943 0)
(2.52889 0.294541 0)
(2.53653 0.282186 0)
(2.54206 0.269017 0)
(2.54564 0.255181 0)
(2.54743 0.240825 0)
(2.54761 0.226094 0)
(2.54631 0.211128 0)
(2.54371 0.19606 0)
(2.53996 0.181016 0)
(2.53518 0.166111 0)
(2.52953 0.151447 0)
(2.52312 0.137118 0)
(2.51607 0.123204 0)
(2.50848 0.109771 0)
(2.50043 0.0968785 0)
(2.49202 0.0845704 0)
(2.48331 0.0728824 0)
(2.47436 0.0618399 0)
(2.46523 0.0514599 0)
(2.45596 0.041751 0)
(2.4466 0.032715 0)
(2.43717 0.0243472 0)
(2.42771 0.0166377 0)
(2.41824 0.00957191 0)
(2.40877 0.00313108 0)
(2.39934 -0.0027067 0)
(2.38994 -0.00796553 0)
(2.38058 -0.0126727 0)
(2.37129 -0.0168568 0)
(2.36207 -0.0205465 0)
(2.35292 -0.0237711 0)
(2.11894 0.306086 0)
(2.151 0.301001 0)
(2.18046 0.294558 0)
(2.20732 0.286841 0)
(2.23162 0.277952 0)
(2.25341 0.268007 0)
(2.27276 0.257132 0)
(2.28975 0.245462 0)
(2.30449 0.233135 0)
(2.31708 0.22029 0)
(2.32764 0.207067 0)
(2.3363 0.193598 0)
(2.34318 0.180011 0)
(2.34842 0.166425 0)
(2.35213 0.152951 0)
(2.35444 0.139686 0)
(2.35547 0.126719 0)
(2.35533 0.114127 0)
(2.35413 0.101975 0)
(2.35197 0.0903167 0)
(2.34895 0.0791956 0)
(2.34516 0.0686453 0)
(2.34067 0.0586899 0)
(2.33557 0.049345 0)
(2.32992 0.0406186 0)
(2.32379 0.0325116 0)
(2.31724 0.0250191 0)
(2.31032 0.018131 0)
(2.30309 0.0118325 0)
(2.29559 0.00610607 0)
(2.28786 0.000930866 0)
(2.27994 -0.00371638 0)
(2.27187 -0.00786163 0)
(2.26367 -0.0115329 0)
(2.25538 -0.0147583 0)
(1.69618 0.266378 0)
(1.73878 0.263766 0)
(1.7791 0.259848 0)
(1.81705 0.254685 0)
(1.85258 0.248354 0)
(1.88565 0.240949 0)
(1.91626 0.232576 0)
(1.94441 0.223349 0)
(1.97015 0.213393 0)
(1.9935 0.202834 0)
(2.01455 0.191797 0)
(2.03336 0.18041 0)
(2.05003 0.168794 0)
(2.06464 0.157063 0)
(2.0773 0.145326 0)
(2.08811 0.133682 0)
(2.09718 0.122221 0)
(2.10462 0.111021 0)
(2.11054 0.10015 0)
(2.11505 0.089668 0)
(2.11824 0.079622 0)
(2.12022 0.0700505 0)
(2.1211 0.0609829 0)
(2.12095 0.05244 0)
(2.11988 0.0444347 0)
(2.11797 0.0369733 0)
(2.11529 0.0300558 0)
(2.11193 0.0236766 0)
(2.10796 0.0178257 0)
(2.10345 0.012489 0)
(2.09845 0.00764952 0)
(2.09303 0.00328886 0)
(2.08725 -0.00061391 0)
(2.08115 -0.00408219 0)
(2.07479 -0.00714127 0)
(1.24487 0.218633 0)
(1.29364 0.218011 0)
(1.34064 0.216215 0)
(1.38572 0.21328 0)
(1.42876 0.209263 0)
(1.46965 0.204231 0)
(1.50831 0.198269 0)
(1.54469 0.191469 0)
(1.57874 0.183934 0)
(1.61046 0.175772 0)
(1.63983 0.167091 0)
(1.6669 0.158004 0)
(1.69169 0.148618 0)
(1.71426 0.139039 0)
(1.73468 0.129365 0)
(1.75301 0.119689 0)
(1.76934 0.110096 0)
(1.78377 0.10066 0)
(1.79638 0.0914496 0)
(1.80728 0.0825218 0)
(1.81655 0.0739254 0)
(1.82431 0.0657003 0)
(1.83066 0.057878 0)
(1.83569 0.0504823 0)
(1.83949 0.0435297 0)
(1.84217 0.0370301 0)
(1.84381 0.0309875 0)
(1.8445 0.0254007 0)
(1.84433 0.020264 0)
(1.84337 0.0155679 0)
(1.8417 0.0112994 0)
(1.83939 0.00744303 0)
(1.83652 0.00398209 0)
(1.83314 0.000899063 0)
(1.82932 -0.00182589 0)
(0.80193 0.167233 0)
(0.852836 0.167971 0)
(0.90261 0.167724 0)
(0.951051 0.166509 0)
(0.997979 0.164358 0)
(1.04323 0.161319 0)
(1.08667 0.157453 0)
(1.12817 0.15283 0)
(1.16764 0.14753 0)
(1.205 0.141638 0)
(1.24021 0.135245 0)
(1.27322 0.128441 0)
(1.30404 0.121317 0)
(1.33265 0.113963 0)
(1.3591 0.106465 0)
(1.38341 0.0989016 0)
(1.40563 0.0913488 0)
(1.42582 0.0838737 0)
(1.44405 0.0765371 0)
(1.4604 0.0693919 0)
(1.47495 0.0624836 0)
(1.4878 0.05585 0)
(1.49901 0.0495222 0)
(1.5087 0.0435238 0)
(1.51695 0.0378727 0)
(1.52386 0.0325805 0)
(1.52951 0.0276537 0)
(1.534 0.0230939 0)
(1.53742 0.0188987 0)
(1.53984 0.015062 0)
(1.54136 0.0115745 0)
(1.54206 0.00842457 0)
(1.542 0.00559852 0)
(1.54127 0.00308132 0)
(1.53994 0.000857999 0)
(0.405304 0.115895 0)
(0.454744 0.117302 0)
(0.503719 0.117954 0)
(0.551996 0.117851 0)
(0.599351 0.117009 0)
(0.64558 0.115458 0)
(0.690493 0.113238 0)
(0.733921 0.110398 0)
(0.775715 0.106994 0)
(0.815749 0.103091 0)
(0.853918 0.0987545 0)
(0.890139 0.0940565 0)
(0.92435 0.0890676 0)
(0.956508 0.0838582 0)
(0.986592 0.0784965 0)
(1.0146 0.0730476 0)
(1.04053 0.0675721 0)
(1.06443 0.0621259 0)
(1.08632 0.056759 0)
(1.10626 0.051516 0)
(1.12431 0.0464352 0)
(1.14054 0.0415492 0)
(1.15503 0.0368843 0)
(1.16785 0.0324616 0)
(1.17909 0.0282967 0)
(1.18884 0.0244004 0)
(1.1972 0.020779 0)
(1.20424 0.0174346 0)
(1.21007 0.014366 0)
(1.21477 0.0115688 0)
(1.21844 0.00903602 0)
(1.22116 0.0067585 0)
(1.22302 0.00472529 0)
(1.2241 0.00292426 0)
(1.22448 0.00134244 0)
(0.0965774 0.0679377 0)
(0.140714 0.0693326 0)
(0.184991 0.0702267 0)
(0.229155 0.070611 0)
(0.272961 0.0704894 0)
(0.316172 0.0698813 0)
(0.358562 0.0688088 0)
(0.399921 0.0673015 0)
(0.440061 0.0653955 0)
(0.478812 0.0631329 0)
(0.516028 0.0605592 0)
(0.551583 0.0577226 0)
(0.585373 0.0546724 0)
(0.617318 0.0514578 0)
(0.647359 0.0481269 0)
(0.675457 0.0447257 0)
(0.701596 0.0412972 0)
(0.725773 0.0378813 0)
(0.748007 0.0345134 0)
(0.76833 0.0312252 0)
(0.786788 0.0280436 0)
(0.803438 0.0249915 0)
(0.818348 0.0220871 0)
(0.831595 0.0193446 0)
(0.843262 0.0167744 0)
(0.853436 0.0143832 0)
(0.862211 0.0121743 0)
(0.86968 0.0101486 0)
(0.875938 0.00830386 0)
(0.881083 0.00663618 0)
(0.885206 0.0051396 0)
(0.888403 0.00380696 0)
(0.890761 0.00262979 0)
(0.892368 0.00159904 0)
(0.893306 0.000704978 0)
(-0.0819319 0.0282331 0)
(-0.0483456 0.0291236 0)
(-0.0142526 0.029764 0)
(0.020111 0.0301449 0)
(0.0545288 0.0302661 0)
(0.0887661 0.0301372 0)
(0.122588 0.0297665 0)
(0.155782 0.0291645 0)
(0.18815 0.028352 0)
(0.219513 0.0273553 0)
(0.249711 0.0261996 0)
(0.278609 0.0249104 0)
(0.30609 0.0235145 0)
(0.332063 0.0220381 0)
(0.35646 0.0205072 0)
(0.379234 0.0189459 0)
(0.400358 0.0173769 0)
(0.419826 0.0158206 0)
(0.437651 0.0142953 0)
(0.453861 0.0128162 0)
(0.468497 0.0113966 0)
(0.481614 0.0100468 0)
(0.493277 0.00877495 0)
(0.503559 0.00758661 0)
(0.512539 0.00648563 0)
(0.520301 0.00547361 0)
(0.52693 0.00455087 0)
(0.532516 0.00371601 0)
(0.537146 0.00296677 0)
(0.540907 0.00229968 0)
(0.543883 0.00171082 0)
(0.546156 0.00119547 0)
(0.547805 0.000748821 0)
(0.548902 0.000365586 0)
(0.549519 4.05734e-05 0)
(-0.0940756 0.0028322 0)
(-0.0788994 0.00300531 0)
(-0.0632759 0.00314109 0)
(-0.047347 0.00324001 0)
(-0.0312564 0.00330028 0)
(-0.0151519 0.00331927 0)
(0.000825956 0.00329463 0)
(0.016553 0.00322682 0)
(0.031911 0.00312411 0)
(0.0467861 0.00299369 0)
(0.0610796 0.00284027 0)
(0.0747093 0.00266839 0)
(0.0876083 0.00248288 0)
(0.099725 0.00228829 0)
(0.111023 0.00208903 0)
(0.121479 0.00188896 0)
(0.131085 0.00169162 0)
(0.139844 0.00149992 0)
(0.14777 0.00131637 0)
(0.154886 0.00114283 0)
(0.161223 0.000980782 0)
(0.166817 0.000831126 0)
(0.171712 0.000694468 0)
(0.175953 0.000570948 0)
(0.179587 0.000460501 0)
(0.182663 0.000362727 0)
(0.185231 0.000277117 0)
(0.187338 0.000202942 0)
(0.189032 0.000139447 0)
(0.190358 8.57492e-05 0)
(0.19136 4.09932e-05 0)
(0.192077 4.26371e-06 0)
(0.192548 -2.52994e-05 0)
(0.192807 -4.85507e-05 0)
(0.192886 -6.62304e-05 0)
(0.0816739 -0.000699146 0)
(0.0851322 -0.000698662 0)
(0.0886058 -0.000696973 0)
(0.0920877 -0.000694793 0)
(0.0955733 -0.000693614 0)
(0.099063 -0.000697603 0)
(0.102558 -0.000711321 0)
(0.106092 -0.000739576 0)
(0.109913 -0.000811792 0)
(0.114951 -0.00176207 0)
(0.263692 -0.00662019 0)
(0.271437 -0.00665817 0)
(0.279238 -0.00668068 0)
(0.287076 -0.00669101 0)
(0.294935 -0.00669473 0)
(0.302802 -0.00670313 0)
(0.310657 -0.00673478 0)
(0.318523 -0.0068412 0)
(0.326293 -0.00706205 0)
(0.336215 -0.00837528 0)
(0.474328 -0.0157499 0)
(0.484225 -0.0158805 0)
(0.494226 -0.0159697 0)
(0.504303 -0.0160231 0)
(0.514426 -0.0160483 0)
(0.524575 -0.0160584 0)
(0.534705 -0.0160683 0)
(0.544862 -0.0161293 0)
(0.554457 -0.0161934 0)
(0.567242 -0.01717 0)
(0.715896 -0.0261883 0)
(0.726121 -0.0264657 0)
(0.736499 -0.0266668 0)
(0.746991 -0.0267992 0)
(0.757563 -0.0268724 0)
(0.768187 -0.0268995 0)
(0.778797 -0.0268911 0)
(0.789502 -0.0268875 0)
(0.799344 -0.026811 0)
(0.813183 -0.02719 0)
(0.986384 -0.0360625 0)
(0.995433 -0.0365378 0)
(1.00468 -0.0368948 0)
(1.01408 -0.0371436 0)
(1.0236 -0.0372959 0)
(1.0332 -0.037365 0)
(1.04281 -0.037362 0)
(1.05258 -0.0373085 0)
(1.06138 -0.0371863 0)
(1.07436 -0.037039 0)
(1.27717 -0.0440489 0)
(1.28386 -0.0447712 0)
(1.2908 -0.0453275 0)
(1.29793 -0.0457315 0)
(1.30521 -0.0459976 0)
(1.31261 -0.0461401 0)
(1.32005 -0.0461766 0)
(1.32768 -0.046106 0)
(1.33447 -0.0460159 0)
(1.34484 -0.0454824 0)
(1.57252 -0.0491459 0)
(1.57604 -0.0501595 0)
(1.57984 -0.0509561 0)
(1.58388 -0.0515531 0)
(1.58809 -0.0519689 0)
(1.59246 -0.0522195 0)
(1.5969 -0.0523322 0)
(1.60153 -0.0522842 0)
(1.60564 -0.0522676 0)
(1.61208 -0.0514979 0)
(1.8509 -0.0507366 0)
(1.85085 -0.0520744 0)
(1.85111 -0.0531441 0)
(1.85163 -0.0539671 0)
(1.85235 -0.0545659 0)
(1.85325 -0.0549588 0)
(1.85428 -0.0551816 0)
(1.85544 -0.0551977 0)
(1.85654 -0.0552681 0)
(1.85829 -0.0544118 0)
(2.08778 -0.0486794 0)
(2.08427 -0.0503514 0)
(2.08106 -0.0517088 0)
(2.07811 -0.0527768 0)
(2.07538 -0.0535811 0)
(2.07283 -0.0541427 0)
(2.07047 -0.0545019 0)
(2.06815 -0.0546201 0)
(2.06627 -0.0547727 0)
(2.06326 -0.0539747 0)
(2.25967 -0.043349 0)
(2.25328 -0.0453313 0)
(2.24715 -0.0469627 0)
(2.24126 -0.0482709 0)
(2.23558 -0.0492837 0)
(2.23007 -0.0500246 0)
(2.22477 -0.0505329 0)
(2.21942 -0.0507803 0)
(2.21497 -0.051001 0)
(2.20778 -0.0503898 0)
(2.34827 -0.035587 0)
(2.33998 -0.0378176 0)
(2.33189 -0.0396758 0)
(2.32397 -0.0411902 0)
(2.31623 -0.0423895 0)
(2.30863 -0.0432985 0)
(2.30123 -0.043951 0)
(2.29371 -0.0443384 0)
(2.28742 -0.04461 0)
(2.27719 -0.0442813 0)
(2.34386 -0.0265603 0)
(2.3349 -0.0289435 0)
(2.32602 -0.0309502 0)
(2.31725 -0.0326088 0)
(2.30858 -0.0339467 0)
(2.3 -0.0349895 0)
(2.2916 -0.0357625 0)
(2.28302 -0.0362809 0)
(2.2758 -0.0365882 0)
(2.26406 -0.0365892 0)
(2.24702 -0.0175654 0)
(2.23862 -0.0199821 0)
(2.2302 -0.0220358 0)
(2.22177 -0.0237533 0)
(2.21337 -0.0251598 0)
(2.20498 -0.0262805 0)
(2.19671 -0.0271317 0)
(2.18821 -0.0277502 0)
(2.18104 -0.0280813 0)
(2.16936 -0.0283994 0)
(2.0682 -0.00981668 0)
(2.06141 -0.0121335 0)
(2.05448 -0.0141163 0)
(2.04743 -0.0157893 0)
(2.04029 -0.0171749 0)
(2.03308 -0.0182966 0)
(2.0259 -0.0191645 0)
(2.01847 -0.019829 0)
(2.01214 -0.0201691 0)
(2.00183 -0.0207289 0)
(1.82511 -0.00421448 0)
(1.82056 -0.00628869 0)
(1.81573 -0.00807003 0)
(1.81065 -0.00957964 0)
(1.80537 -0.0108371 0)
(1.79991 -0.0118639 0)
(1.79437 -0.0126672 0)
(1.78856 -0.0133015 0)
(1.78355 -0.0136242 0)
(1.77533 -0.0143001 0)
(1.53807 -0.00108795 0)
(1.53573 -0.00277447 0)
(1.53298 -0.00421985 0)
(1.52986 -0.00544206 0)
(1.52644 -0.00645826 0)
(1.52275 -0.00728741 0)
(1.51889 -0.00793701 0)
(1.51473 -0.00845766 0)
(1.51107 -0.0087237 0)
(1.50501 -0.00938223 0)
(1.22423 -3.29927e-05 0)
(1.22343 -0.00121562 0)
(1.22216 -0.00221966 0)
(1.22046 -0.00305979 0)
(1.2184 -0.00375011 0)
(1.21605 -0.00430675 0)
(1.21346 -0.00473823 0)
(1.2106 -0.00508668 0)
(1.208 -0.00526331 0)
(1.2037 -0.00582195 0)
(0.893655 -6.19456e-05 0)
(0.893488 -0.000711185 0)
(0.892876 -0.00125234 0)
(0.891884 -0.00169565 0)
(0.890572 -0.00205111 0)
(0.888995 -0.00233057 0)
(0.887213 -0.00254203 0)
(0.885225 -0.00271691 0)
(0.883357 -0.00280606 0)
(0.880355 -0.00326585 0)
(0.549719 -0.000231285 0)
(0.549563 -0.000454475 0)
(0.549107 -0.000633942 0)
(0.548402 -0.00077462 0)
(0.547494 -0.00088183 0)
(0.546422 -0.000961802 0)
(0.545228 -0.00102024 0)
(0.543923 -0.00107623 0)
(0.542652 -0.00111755 0)
(0.540706 -0.00149005 0)
(0.192814 -7.89936e-05 0)
(0.192619 -8.74427e-05 0)
(0.192324 -9.22788e-05 0)
(0.19195 -9.42199e-05 0)
(0.191515 -9.40022e-05 0)
(0.191036 -9.30382e-05 0)
(0.190524 -9.21769e-05 0)
(0.189985 -9.71169e-05 0)
(0.189425 -9.2132e-05 0)
(0.18851 -0.000334572 0)
)
;

boundaryField
{
    inlet
    {
        type            fixedProfile;
        profile         csvFile;
        profileCoeffs
        {
            nHeaderLine     0;
            refColumn       0;
            componentColumns 3(1 2 3);
            separator       ",";
            mergeSeparators 0;
            file            "0/Uprofile.csv";
        }
        direction       (0 1 0);
        origin          -1;
        value           nonuniform List<vector> 
20
(
(0.76 0 0)
(2.04 0 0)
(3 0 0)
(3.64 0 0)
(3.96 0 0)
(3.96 0 0)
(3.64 0 0)
(3 0 0)
(2.04 0 0)
(0.76 0 0)
(0 0 0)
(0 0 0)
(0 0 0)
(0 0 0)
(0 0 0)
(0 0 0)
(0 0 0)
(0 0 0)
(0 0 0)
(0 0 0)
)
;
    }
    outlet
    {
        type            zeroGradient;
    }
    upperWall
    {
        type            noSlip;
    }
    lowerWall
    {
        type            noSlip;
    }
    frontAndBack
    {
        type            empty;
    }
}


// ************************************************************************* //
