/*--------------------------------*- C++ -*----------------------------------*\
| =========                 |                                                 |
| \\      /  F ield         | OpenFOAM: The Open Source CFD Toolbox           |
|  \\    /   O peration     | Version:  2406                                  |
|   \\  /    A nd           | Website:  www.openfoam.com                      |
|    \\/     M anipulation  |                                                 |
\*---------------------------------------------------------------------------*/
FoamFile
{
    version     2.0;
    format      ascii;
    arch        "LSB;label=32;scalar=64";
    class       surfaceScalarField;
    location    "69";
    object      phi;
}
// * * * * * * * * * * * * * * * * * * * * * * * * * * * * * * * * * * * * * //

dimensions      [0 3 -1 0 0 0 0];

oriented        oriented;

internalField   nonuniform List<scalar> 
3880
(
0.00986952
-0.000119519
0.00997565
-0.000106128
0.0100394
-6.37309e-05
0.0100806
-4.1243e-05
0.0101093
-2.86659e-05
0.0101292
-1.98891e-05
0.0101431
-1.39445e-05
0.0101533
-1.01722e-05
0.010161
-7.72476e-06
-6.03068e-06
0.0101671
0.0277197
-8.92349e-05
0.0277474
-0.000133831
0.0277925
-0.000108765
0.0278346
-8.33307e-05
0.0278712
-6.52698e-05
0.0279017
-5.04571e-05
0.0279264
-3.8656e-05
0.0279463
-3.00112e-05
0.0279623
-2.37763e-05
-1.91417e-05
0.0279754
0.0437176
-5.68005e-05
0.0436953
-0.000111585
0.0436981
-0.000111544
0.0437132
-9.84555e-05
0.0437336
-8.55791e-05
0.0437554
-7.23367e-05
0.0437764
-5.96444e-05
0.0437953
-4.89323e-05
0.0438119
-4.03709e-05
-3.35196e-05
0.0438263
0.0577289
-3.57149e-05
0.0576989
-8.15759e-05
0.0576811
-9.36928e-05
0.0576745
-9.18796e-05
0.0576756
-8.67108e-05
0.0576821
-7.88007e-05
0.0576916
-6.9143e-05
0.0577023
-5.96278e-05
0.0577131
-5.11729e-05
-4.38561e-05
0.0577234
0.0697372
-2.28808e-05
0.0697129
-5.72661e-05
0.0696911
-7.19178e-05
0.069675
-7.57974e-05
0.0696642
-7.58918e-05
0.0696582
-7.28306e-05
0.0696562
-6.71379e-05
0.069657
-6.0385e-05
0.0696595
-5.36756e-05
-4.73842e-05
0.069663
0.0797421
-1.49806e-05
0.0797244
-3.95496e-05
0.079705
-5.24923e-05
0.0796872
-5.79892e-05
0.0796717
-6.04204e-05
0.0796591
-6.02262e-05
0.0796495
-5.75521e-05
0.0796426
-5.34571e-05
0.0796378
-4.88795e-05
-4.42405e-05
0.0796346
0.0877448
-9.76185e-06
0.0877318
-2.65193e-05
0.0877157
-3.63961e-05
0.0876991
-4.14288e-05
0.087683
-4.42808e-05
0.087668
-4.52389e-05
0.0876547
-4.42875e-05
0.0876433
-4.20722e-05
0.0876337
-3.92664e-05
-3.62135e-05
0.0876257
0.0937462
-5.93782e-06
0.093736
-1.63736e-05
0.0937226
-2.29151e-05
0.0937077
-2.65619e-05
0.0936922
-2.88349e-05
0.0936769
-2.99032e-05
0.0936623
-2.97136e-05
0.0936489
-2.86305e-05
0.0936367
-2.70787e-05
-2.52896e-05
0.0936258
0.0977469
-2.82003e-06
0.0977383
-7.83058e-06
0.0977265
-1.10713e-05
0.0977129
-1.296e-05
0.0976983
-1.41873e-05
0.0976832
-1.48301e-05
0.0976683
-1.48534e-05
0.0976541
-1.44221e-05
0.0976408
-1.37404e-05
-1.29228e-05
0.0976284
0.0997472
5.96348e-10
0.0997393
1.75757e-09
0.0997283
2.3384e-09
0.0997153
3.64073e-09
0.0997011
5.10933e-09
0.0996863
5.42496e-09
0.0996714
5.16543e-09
0.099657
5.63891e-09
0.0996433
6.99152e-09
8.3269e-09
0.0996303
0.0997472
2.82056e-06
0.0997393
7.83241e-06
0.0997283
1.10772e-05
0.0997153
1.29687e-05
0.0997011
1.41963e-05
0.0996863
1.48395e-05
0.0996714
1.48642e-05
0.099657
1.44344e-05
0.0996433
1.37542e-05
1.29382e-05
0.0996303
0.0977469
5.93903e-06
0.0977383
1.6377e-05
0.0977265
2.29197e-05
0.0977129
2.65689e-05
0.0976983
2.88443e-05
0.0976832
2.99132e-05
0.0976683
2.97236e-05
0.0976541
2.86413e-05
0.0976408
2.70917e-05
2.53047e-05
0.0976284
0.0937462
9.76264e-06
0.093736
2.65217e-05
0.0937226
3.64013e-05
0.0937077
4.14358e-05
0.0936922
4.42885e-05
0.0936769
4.52474e-05
0.0936623
4.42974e-05
0.0936489
4.20832e-05
0.0936367
3.92782e-05
3.62266e-05
0.0936258
0.0877448
1.49819e-05
0.0877318
3.95525e-05
0.0877157
5.24964e-05
0.0876991
5.79947e-05
0.087683
6.04273e-05
0.087668
6.02345e-05
0.0876547
5.75612e-05
0.0876433
5.34669e-05
0.0876337
4.88901e-05
4.42521e-05
0.0876257
0.0797421
2.28819e-05
0.0797244
5.72686e-05
0.079705
7.19212e-05
0.0796872
7.58018e-05
0.0796717
7.58979e-05
0.0796591
7.28384e-05
0.0796495
6.71465e-05
0.0796426
6.03938e-05
0.0796378
5.36844e-05
4.73938e-05
0.0796346
0.0697372
3.57157e-05
0.0697129
8.15776e-05
0.0696911
9.3696e-05
0.069675
9.18836e-05
0.0696642
8.67158e-05
0.0696582
7.88072e-05
0.0696562
6.91508e-05
0.069657
5.96357e-05
0.0696595
5.11802e-05
4.38633e-05
0.069663
0.0577289
5.68017e-05
0.0576989
0.000111588
0.0576811
0.000111547
0.0576745
9.8458e-05
0.0576756
8.55836e-05
0.0576821
7.23425e-05
0.0576916
5.96502e-05
0.0577023
4.89377e-05
0.0577131
4.03759e-05
3.35248e-05
0.0577234
0.0437176
8.92358e-05
0.0436953
0.000133832
0.0436981
0.000108768
0.0437132
8.33339e-05
0.0437335
6.52722e-05
0.0437554
5.046e-05
0.0437764
3.866e-05
0.0437953
3.00152e-05
0.0438119
2.3779e-05
1.91435e-05
0.0438263
0.0277197
0.000119519
0.0277474
0.00010613
0.0277925
6.37317e-05
0.0278346
4.12436e-05
0.0278712
2.86675e-05
0.0279017
1.98912e-05
0.0279264
1.39461e-05
0.0279463
1.01732e-05
0.0279623
7.72559e-06
6.03145e-06
0.0279755
0.00986952
0.00997565
0.0100394
0.0100806
0.0101093
0.0101292
0.0101431
0.0101533
0.010161
0.0101671
0.0101719
-4.80398e-06
0.0101758
-3.89567e-06
0.010179
-3.21178e-06
0.0101817
-2.68695e-06
0.0101839
-2.27526e-06
0.0101859
-1.94548e-06
0.0101875
-1.67725e-06
0.010189
-1.45721e-06
0.0101903
-1.27572e-06
0.0101914
-1.1251e-06
0.0101924
-9.98837e-07
0.0101933
-8.91637e-07
0.0101941
-7.994e-07
0.0101948
-7.19159e-07
0.0101955
-6.48787e-07
0.010196
-5.86778e-07
0.0101966
-5.31946e-07
0.0101971
-4.83332e-07
0.0101975
-4.40056e-07
0.0101979
-4.01362e-07
0.0101983
-3.66556e-07
0.0101986
-3.35082e-07
0.0101989
-3.06463e-07
0.0101992
-2.80354e-07
0.0101994
-2.56464e-07
0.0101997
-2.34591e-07
0.0101999
-2.14544e-07
0.0102001
-1.96184e-07
0.0102003
-1.79354e-07
0.0102004
-1.63932e-07
0.0102006
-1.49772e-07
0.0102007
-1.36766e-07
0.0102009
-1.24786e-07
0.010201
-1.13744e-07
-1.03537e-07
0.0102011
0.0279862
-1.56042e-05
0.0279952
-1.28706e-05
0.0280027
-1.07414e-05
0.0280091
-9.06521e-06
0.0280146
-7.72641e-06
0.0280193
-6.64016e-06
0.0280233
-5.74747e-06
0.0280269
-5.00793e-06
0.02803
-4.39232e-06
0.0280327
-3.8773e-06
0.0280352
-3.4432e-06
0.0280374
-3.07356e-06
0.0280393
-2.75523e-06
0.0280411
-2.47825e-06
0.0280427
-2.23533e-06
0.0280441
-2.02111e-06
0.0280454
-1.8315e-06
0.0280466
-1.66316e-06
0.0280477
-1.51322e-06
0.0280486
-1.37911e-06
0.0280495
-1.25857e-06
0.0280503
-1.14969e-06
0.0280511
-1.05087e-06
0.0280518
-9.60836e-07
0.0280524
-8.78582e-07
0.028053
-8.03312e-07
0.0280535
-7.34369e-07
0.028054
-6.71195e-07
0.0280544
-6.13281e-07
0.0280548
-5.60159e-07
0.0280552
-5.11382e-07
0.0280555
-4.66538e-07
0.0280558
-4.25243e-07
0.0280561
-3.87155e-07
-3.51962e-07
0.0280563
0.0438387
-2.79878e-05
0.0438493
-2.35176e-05
0.0438585
-1.99097e-05
0.0438664
-1.69897e-05
0.0438733
-1.46073e-05
0.0438793
-1.26419e-05
0.0438846
-1.10045e-05
0.0438892
-9.63153e-06
0.0438933
-8.47637e-06
0.0438969
-7.50119e-06
0.0439001
-6.67332e-06
0.043903
-5.96467e-06
0.0439056
-5.35211e-06
0.043908
-4.81763e-06
0.0439101
-4.34776e-06
0.043912
-3.93253e-06
0.0439137
-3.56425e-06
0.0439153
-3.23671e-06
0.0439167
-2.94451e-06
0.043918
-2.6829e-06
0.0439192
-2.44767e-06
0.0439203
-2.23518e-06
0.0439213
-2.0424e-06
0.0439222
-1.86684e-06
0.043923
-1.70653e-06
0.0439238
-1.55987e-06
0.0439245
-1.42554e-06
0.0439251
-1.30243e-06
0.0439257
-1.18953e-06
0.0439262
-1.08592e-06
0.0439267
-9.90734e-07
0.0439271
-9.03184e-07
0.0439275
-8.22531e-07
0.0439279
-7.48112e-07
-6.79328e-07
0.0439282
0.057733
-3.75699e-05
0.0577417
-3.2229e-05
0.0577496
-2.77433e-05
0.0577566
-2.39971e-05
0.0577628
-2.08624e-05
0.0577684
-1.82219e-05
0.0577734
-1.59824e-05
0.0577778
-1.40755e-05
0.0577818
-1.24496e-05
0.0577853
-1.10615e-05
0.0577885
-9.87207e-06
0.0577914
-8.84622e-06
0.057794
-7.95397e-06
0.0577964
-7.1714e-06
0.0577985
-6.4804e-06
0.0578004
-5.86736e-06
0.0578022
-5.32184e-06
0.0578038
-4.83525e-06
0.0578053
-4.40015e-06
0.0578066
-4.00985e-06
0.0578078
-3.65841e-06
0.0578089
-3.34064e-06
0.0578099
-3.05215e-06
0.0578108
-2.78932e-06
0.0578117
-2.54926e-06
0.0578125
-2.32957e-06
0.0578132
-2.12831e-06
0.0578138
-1.94377e-06
0.0578144
-1.77446e-06
0.0578149
-1.61898e-06
0.0578154
-1.47607e-06
0.0578158
-1.34452e-06
0.0578162
-1.22326e-06
0.0578166
-1.11129e-06
-1.00774e-06
0.0578169
0.0696671
-4.16224e-05
0.0696713
-3.64652e-05
0.0696755
-3.19482e-05
0.0696796
-2.80463e-05
0.0696834
-2.46895e-05
0.069687
-2.17947e-05
0.0696903
-1.92889e-05
0.0696933
-1.71164e-05
0.0696961
-1.5235e-05
0.0696986
-1.36071e-05
0.069701
-1.21965e-05
0.0697031
-1.09682e-05
0.069705
-9.89113e-06
0.0697068
-8.93977e-06
0.0697084
-8.09447e-06
0.0697099
-7.34047e-06
0.0697112
-6.66635e-06
0.0697124
-6.06264e-06
0.0697136
-5.521e-06
0.0697146
-5.03379e-06
0.0697155
-4.59408e-06
0.0697164
-4.19575e-06
0.0697172
-3.83357e-06
0.0697179
-3.50322e-06
0.0697185
-3.20117e-06
0.0697191
-2.92454e-06
0.0697197
-2.6709e-06
0.0697202
-2.43817e-06
0.0697206
-2.22447e-06
0.069721
-2.02808e-06
0.0697214
-1.84738e-06
0.0697217
-1.68091e-06
0.069722
-1.5273e-06
0.0697223
-1.38531e-06
-1.25383e-06
0.0697226
0.0796327
-3.9724e-05
0.0796317
-3.54746e-05
0.0796314
-3.16002e-05
0.0796315
-2.81433e-05
0.0796319
-2.50879e-05
0.0796325
-2.23896e-05
0.0796332
-2.00036e-05
0.079634
-1.78953e-05
0.0796348
-1.60387e-05
0.0796356
-1.44091e-05
0.0796364
-1.29795e-05
0.0796371
-1.17215e-05
0.0796378
-1.06079e-05
0.0796385
-9.61603e-06
0.0796391
-8.72813e-06
0.0796397
-7.93089e-06
0.0796403
-7.21405e-06
0.0796408
-6.56896e-06
0.0796413
-5.9878e-06
0.0796417
-5.46323e-06
0.0796421
-4.98839e-06
0.0796424
-4.55714e-06
0.0796428
-4.16416e-06
0.0796431
-3.80504e-06
0.0796434
-3.47615e-06
0.0796436
-3.17449e-06
0.0796438
-2.89755e-06
0.079644
-2.64313e-06
0.0796442
-2.40924e-06
0.0796444
-2.19402e-06
0.0796445
-1.99575e-06
0.0796447
-1.81282e-06
0.0796448
-1.64377e-06
0.0796449
-1.48726e-06
-1.34208e-06
0.079645
0.087619
-3.30795e-05
0.0876136
-3.00027e-05
0.0876091
-2.71002e-05
0.0876054
-2.44377e-05
0.0876023
-2.20281e-05
0.0875998
-1.98547e-05
0.0875977
-1.78948e-05
0.0875959
-1.61321e-05
0.0875944
-1.45549e-05
0.0875932
-1.31511e-05
0.0875921
-1.19047e-05
0.0875912
-1.07962e-05
0.0875904
-9.8055e-06
0.0875897
-8.91547e-06
0.087589
-8.11252e-06
0.0875885
-7.38655e-06
0.087588
-6.72984e-06
0.0875876
-6.13577e-06
0.0875872
-5.59818e-06
0.0875868
-5.11106e-06
0.0875865
-4.66863e-06
0.0875862
-4.26561e-06
0.087586
-3.89738e-06
0.0875857
-3.56006e-06
0.0875855
-3.25046e-06
0.0875853
-2.96592e-06
0.0875851
-2.70421e-06
0.0875849
-2.46335e-06
0.0875847
-2.24151e-06
0.0875846
-2.03699e-06
0.0875844
-1.8482e-06
0.0875843
-1.67364e-06
0.0875842
-1.51192e-06
0.087584
-1.3618e-06
-1.22216e-06
0.0875839
0.0936161
-2.33766e-05
0.0936075
-2.14374e-05
0.0936
-1.9561e-05
0.0935933
-1.78043e-05
0.0935875
-1.61864e-05
0.0935824
-1.47032e-05
0.0935778
-1.33448e-05
0.0935738
-1.21051e-05
0.0935702
-1.09811e-05
0.093567
-9.96901e-06
0.0935642
-9.06103e-06
0.0935616
-8.24595e-06
0.0935593
-7.51144e-06
0.0935573
-6.84642e-06
0.0935554
-6.24221e-06
0.0935537
-5.69247e-06
0.0935522
-5.19236e-06
0.0935508
-4.73773e-06
0.0935495
-4.32453e-06
0.0935483
-3.94866e-06
0.0935473
-3.60607e-06
0.0935463
-3.29297e-06
0.0935454
-3.00601e-06
0.0935446
-2.74237e-06
0.0935438
-2.4997e-06
0.0935431
-2.27606e-06
0.0935425
-2.06977e-06
0.0935419
-1.87936e-06
0.0935414
-1.70345e-06
0.0935409
-1.54073e-06
0.0935404
-1.38998e-06
0.09354
-1.25002e-06
0.0935396
-1.11978e-06
0.0935393
-9.98296e-07
-8.84676e-07
0.0935389
0.0976171
-1.20259e-05
0.0976067
-1.1099e-05
0.0975973
-1.01886e-05
0.0975889
-9.32576e-06
0.0975812
-8.52237e-06
0.0975743
-7.77818e-06
0.097568
-7.08978e-06
0.0975624
-6.45549e-06
0.0975573
-5.87534e-06
0.0975526
-5.34868e-06
0.0975485
-4.87267e-06
0.0975447
-4.44242e-06
0.0975412
-4.05217e-06
0.097538
-3.6967e-06
0.0975352
-3.37192e-06
0.0975326
-3.07489e-06
0.0975302
-2.80337e-06
0.097528
-2.5554e-06
0.097526
-2.32904e-06
0.0975242
-2.1222e-06
0.0975225
-1.93284e-06
0.097521
-1.75898e-06
0.0975196
-1.59888e-06
0.0975183
-1.45105e-06
0.0975171
-1.31426e-06
0.097516
-1.18748e-06
0.097515
-1.06982e-06
0.0975141
-9.60457e-07
0.0975132
-8.58649e-07
0.0975125
-7.63668e-07
0.0975117
-6.74828e-07
0.0975111
-5.91479e-07
0.0975105
-5.1302e-07
0.0975099
-4.38899e-07
-3.68625e-07
0.0975094
0.0996183
9.0419e-09
0.0996072
9.4872e-09
0.099597
1.04344e-08
0.0995876
1.22096e-08
0.0995791
1.45528e-08
0.0995713
1.70637e-08
0.0995642
1.95419e-08
0.0995577
2.20324e-08
0.0995518
2.46985e-08
0.0995464
2.76698e-08
0.0995415
3.10175e-08
0.0995371
3.47527e-08
0.099533
3.88433e-08
0.0995292
4.32453e-08
0.0995258
4.79188e-08
0.0995227
5.28473e-08
0.0995198
5.80522e-08
0.0995172
6.35767e-08
0.0995148
6.94824e-08
0.0995126
7.5822e-08
0.0995106
8.26373e-08
0.0995088
8.99546e-08
0.0995071
9.77938e-08
0.0995055
1.06171e-07
0.0995041
1.15109e-07
0.0995028
1.24635e-07
0.0995016
1.34788e-07
0.0995004
1.4561e-07
0.0994994
1.57149e-07
0.0994985
1.69451e-07
0.0994976
1.8256e-07
0.0994969
1.96513e-07
0.0994961
2.1135e-07
0.0994955
2.27105e-07
2.4381e-07
0.0994949
0.0996183
1.2043e-05
0.0996072
1.11179e-05
0.099597
1.02097e-05
0.0995877
9.35004e-06
0.0995791
8.55082e-06
0.0995713
7.81136e-06
0.0995642
7.1279e-06
0.0995577
6.49868e-06
0.0995518
5.92387e-06
0.0995465
5.40305e-06
0.0995416
4.93356e-06
0.0995371
4.51054e-06
0.099533
4.12824e-06
0.0995293
3.78135e-06
0.0995258
3.46571e-06
0.0995227
3.17832e-06
0.0995198
2.91701e-06
0.0995172
2.67987e-06
0.0995148
2.46507e-06
0.0995126
2.27064e-06
0.0995106
2.09459e-06
0.0995088
1.93502e-06
0.0995071
1.79023e-06
0.0995055
1.65877e-06
0.0995041
1.53945e-06
0.0995028
1.43129e-06
0.0995016
1.33348e-06
0.0995005
1.24528e-06
0.0994995
1.16603e-06
0.0994986
1.09509e-06
0.0994977
1.03186e-06
0.099497
9.75771e-07
0.0994962
9.26293e-07
0.0994956
8.82938e-07
8.45286e-07
0.099495
0.0976171
2.33932e-05
0.0976067
2.14551e-05
0.0975974
1.95808e-05
0.0975889
1.78274e-05
0.0975812
1.62135e-05
0.0975743
1.47345e-05
0.097568
1.33806e-05
0.0975624
1.21456e-05
0.0975573
1.10267e-05
0.0975527
1.00202e-05
0.0975485
9.11839e-06
0.0975447
8.31006e-06
0.0975412
7.58289e-06
0.0975381
6.92577e-06
0.0975352
6.33002e-06
0.0975326
5.78928e-06
0.0975302
5.29874e-06
0.0975281
4.85428e-06
0.0975261
4.45193e-06
0.0975243
4.08766e-06
0.0975226
3.7575e-06
0.0975211
3.45771e-06
0.0975197
3.185e-06
0.0975184
2.9366e-06
0.0975172
2.71019e-06
0.0975162
2.50391e-06
0.0975152
2.31613e-06
0.0975143
2.14546e-06
0.0975134
1.99058e-06
0.0975127
1.85027e-06
0.097512
1.72337e-06
0.0975114
1.60878e-06
0.0975108
1.5055e-06
0.0975103
1.41262e-06
1.32931e-06
0.0975098
0.0936161
3.30942e-05
0.0936075
3.00193e-05
0.0936
2.7119e-05
0.0935934
2.4459e-05
0.0935875
2.20525e-05
0.0935824
1.98826e-05
0.0935778
1.79268e-05
0.0935738
1.61684e-05
0.0935702
1.45959e-05
0.0935671
1.31973e-05
0.0935642
1.19564e-05
0.0935617
1.08537e-05
0.0935594
9.86946e-06
0.0935573
8.98634e-06
0.0935555
8.19083e-06
0.0935538
7.47288e-06
0.0935523
6.82471e-06
0.0935509
6.23975e-06
0.0935496
5.71186e-06
0.0935485
5.23506e-06
0.0935474
4.80364e-06
0.0935465
4.4124e-06
0.0935456
4.05675e-06
0.0935448
3.7329e-06
0.0935441
3.43768e-06
0.0935434
3.16852e-06
0.0935428
2.92321e-06
0.0935422
2.69983e-06
0.0935417
2.49662e-06
0.0935413
2.31192e-06
0.0935409
2.14421e-06
0.0935405
1.99204e-06
0.0935401
1.8541e-06
0.0935398
1.7292e-06
1.61626e-06
0.0935395
0.0876191
3.97369e-05
0.0876136
3.54893e-05
0.0876091
3.1617e-05
0.0876054
2.81622e-05
0.0876023
2.5109e-05
0.0875998
2.24134e-05
0.0875977
2.00305e-05
0.0875959
1.79261e-05
0.0875945
1.60736e-05
0.0875932
1.44485e-05
0.0875921
1.30235e-05
0.0875912
1.17704e-05
0.0875904
1.0662e-05
0.0875897
9.67585e-06
0.0875891
8.79413e-06
0.0875886
8.00363e-06
0.0875881
7.294e-06
0.0875877
6.65663e-06
0.0875873
6.08364e-06
0.087587
5.56775e-06
0.0875867
5.10211e-06
0.0875865
4.68068e-06
0.0875862
4.29817e-06
0.087586
3.95028e-06
0.0875858
3.63337e-06
0.0875856
3.34455e-06
0.0875855
3.08129e-06
0.0875853
2.84147e-06
0.0875852
2.62309e-06
0.0875851
2.42438e-06
0.087585
2.24362e-06
0.0875849
2.0793e-06
0.0875848
1.92996e-06
0.0875848
1.79435e-06
1.67129e-06
0.0875847
0.0796327
4.16334e-05
0.0796318
3.64779e-05
0.0796314
3.19625e-05
0.0796315
2.80618e-05
0.0796319
2.47065e-05
0.0796325
2.18135e-05
0.0796332
1.93102e-05
0.079634
1.71408e-05
0.0796348
1.52627e-05
0.0796356
1.36383e-05
0.0796364
1.22314e-05
0.0796372
1.10068e-05
0.0796379
9.93383e-06
0.0796386
8.98684e-06
0.0796393
8.14637e-06
0.0796399
7.39761e-06
0.0796404
6.72919e-06
0.079641
6.13153e-06
0.0796414
5.59633e-06
0.0796419
5.11588e-06
0.0796423
4.68335e-06
0.0796427
4.29261e-06
0.0796431
3.93857e-06
0.0796434
3.61689e-06
0.0796437
3.32415e-06
0.079644
3.05744e-06
0.0796443
2.81443e-06
0.0796445
2.59297e-06
0.0796447
2.3913e-06
0.079645
2.20762e-06
0.0796452
2.04046e-06
0.0796454
1.88828e-06
0.0796455
1.74986e-06
0.0796457
1.62391e-06
1.50945e-06
0.0796459
0.0696671
3.75783e-05
0.0696713
3.22391e-05
0.0696755
2.77547e-05
0.0696796
2.40089e-05
0.0696834
2.08747e-05
0.069687
1.82352e-05
0.0696903
1.59975e-05
0.0696933
1.40929e-05
0.0696961
1.24695e-05
0.0696987
1.1084e-05
0.069701
9.89718e-06
0.0697032
8.87396e-06
0.0697051
7.98456e-06
0.0697069
7.20507e-06
0.0697085
6.5175e-06
0.06971
5.9082e-06
0.0697114
5.36677e-06
0.0697126
4.8845e-06
0.0697138
4.454e-06
0.0697148
4.0685e-06
0.0697158
3.72216e-06
0.0697167
3.40971e-06
0.0697175
3.12696e-06
0.0697182
2.8702e-06
0.0697189
2.63669e-06
0.0697195
2.42394e-06
0.0697201
2.23015e-06
0.0697207
2.0535e-06
0.0697212
1.89262e-06
0.0697216
1.74601e-06
0.069722
1.61255e-06
0.0697224
1.49095e-06
0.0697228
1.38028e-06
0.0697232
1.27945e-06
1.18774e-06
0.0697235
0.057733
2.79935e-05
0.0577417
2.35241e-05
0.0577496
1.99167e-05
0.0577566
1.69969e-05
0.0577628
1.46146e-05
0.0577684
1.26499e-05
0.0577734
1.10135e-05
0.0577779
9.64199e-06
0.0577818
8.48841e-06
0.0577854
7.51496e-06
0.0577886
6.68874e-06
0.0577915
5.98184e-06
0.0577941
5.37099e-06
0.0577965
4.83847e-06
0.0577986
4.37065e-06
0.0578006
3.9578e-06
0.0578024
3.592e-06
0.057804
3.26723e-06
0.0578055
2.97784e-06
0.0578068
2.71928e-06
0.057808
2.4871e-06
0.0578092
2.27796e-06
0.0578102
2.08858e-06
0.0578112
1.91679e-06
0.057812
1.76036e-06
0.0578128
1.61799e-06
0.0578136
1.48811e-06
0.0578143
1.36986e-06
0.0578149
1.26198e-06
0.0578155
1.16381e-06
0.057816
1.07424e-06
0.0578165
9.92765e-07
0.057817
9.18388e-07
0.0578174
8.50739e-07
7.88963e-07
0.0578178
0.0438387
1.56064e-05
0.0438494
1.28736e-05
0.0438585
1.07447e-05
0.0438665
9.06821e-06
0.0438733
7.7292e-06
0.0438793
6.64315e-06
0.0438846
5.75107e-06
0.0438892
5.01237e-06
0.0438933
4.39769e-06
0.043897
3.88358e-06
0.0439002
3.45039e-06
0.0439031
3.08161e-06
0.0439057
2.76418e-06
0.043908
2.48813e-06
0.0439102
2.24625e-06
0.0439121
2.03318e-06
0.0439138
1.84486e-06
0.0439154
1.67789e-06
0.0439169
1.52938e-06
0.0439182
1.39672e-06
0.0439194
1.2777e-06
0.0439205
1.17037e-06
0.0439215
1.07319e-06
0.0439225
9.84897e-07
0.0439233
9.04517e-07
0.0439241
8.31237e-07
0.0439248
7.64436e-07
0.0439255
7.03522e-07
0.0439261
6.48014e-07
0.0439267
5.97415e-07
0.0439272
5.51312e-07
0.0439277
5.09273e-07
0.0439281
4.70946e-07
0.0439286
4.35975e-07
4.04081e-07
0.0439289
0.0279863
4.80464e-06
0.0279952
3.8962e-06
0.0280028
3.21228e-06
0.0280091
2.68737e-06
0.0280146
2.27566e-06
0.0280193
1.94588e-06
0.0280234
1.67782e-06
0.0280269
1.45798e-06
0.02803
1.27686e-06
0.0280328
1.12655e-06
0.0280352
1.00064e-06
0.0280374
8.93689e-07
0.0280394
8.01734e-07
0.0280412
7.21708e-07
0.0280427
6.51665e-07
0.0280442
5.89962e-07
0.0280455
5.35562e-07
0.0280467
4.87328e-07
0.0280478
4.44519e-07
0.0280488
4.06202e-07
0.0280497
3.71849e-07
0.0280505
3.40745e-07
0.0280513
3.12595e-07
0.028052
2.86896e-07
0.0280526
2.63536e-07
0.0280532
2.42148e-07
0.0280537
2.22711e-07
0.0280542
2.04911e-07
0.0280547
1.88761e-07
0.0280551
1.73963e-07
0.0280555
1.60547e-07
0.0280559
1.4823e-07
0.0280562
1.37062e-07
0.0280565
1.26784e-07
1.17471e-07
0.0280568
0.0101719
0.0101758
0.010179
0.0101817
0.0101839
0.0101859
0.0101876
0.010189
0.0101903
0.0101914
0.0101924
0.0101933
0.0101941
0.0101948
0.0101955
0.0101961
0.0101966
0.0101971
0.0101975
0.010198
0.0101983
0.0101987
0.010199
0.0101993
0.0101995
0.0101998
0.0102
0.0102002
0.0102004
0.0102006
0.0102007
0.0102009
0.010201
0.0102011
0.0102013
0.0102012
-9.40996e-08
0.0102012
-8.53516e-08
0.0102013
-7.72476e-08
0.0102014
-6.97226e-08
0.0102015
-6.27428e-08
0.0102015
-5.62527e-08
0.0102016
-5.02246e-08
0.0102016
-4.46092e-08
0.0102016
-3.93829e-08
-3.45015e-08
0.0102017
0.0280565
-3.194e-07
0.0280567
-2.89227e-07
0.0280569
-2.6124e-07
0.0280571
-2.35251e-07
0.0280572
-2.11098e-07
0.0280574
-1.88625e-07
0.0280575
-1.67697e-07
0.0280576
-1.48181e-07
0.0280577
-1.2996e-07
-1.1292e-07
0.0280578
0.0439285
-6.15658e-07
0.0439288
-5.56631e-07
0.043929
-5.01842e-07
0.0439292
-4.5092e-07
0.0439294
-4.03541e-07
0.0439296
-3.59402e-07
0.0439298
-3.18232e-07
0.0439299
-2.79775e-07
0.04393
-2.43801e-07
-2.1009e-07
0.0439301
0.0578172
-9.1181e-07
0.0578175
-8.22808e-07
0.0578177
-7.40114e-07
0.057818
-6.63177e-07
0.0578181
-5.91497e-07
0.0578183
-5.24623e-07
0.0578185
-4.62138e-07
0.0578186
-4.03662e-07
0.0578187
-3.48842e-07
-2.97356e-07
0.0578188
0.0697228
-1.1319e-06
0.069723
-1.01862e-06
0.0697231
-9.13229e-07
0.0697233
-8.15019e-07
0.0697234
-7.2336e-07
0.0697235
-6.37678e-07
0.0697236
-5.57446e-07
0.0697237
-4.82177e-07
0.0697238
-4.11424e-07
-3.44778e-07
0.0697238
0.0796451
-1.20718e-06
0.0796451
-1.0816e-06
0.0796452
-9.64501e-07
0.0796452
-8.55123e-07
0.0796452
-7.52773e-07
0.0796453
-6.56822e-07
0.0796453
-5.66687e-07
0.0796453
-4.81835e-07
0.0796453
-4.01772e-07
-3.26048e-07
0.0796452
0.0875838
-1.09199e-06
0.0875837
-9.7041e-07
0.0875836
-8.56621e-07
0.0875835
-7.49909e-07
0.0875834
-6.49625e-07
0.0875833
-5.55168e-07
0.0875832
-4.65989e-07
0.0875831
-3.81577e-07
0.087583
-3.01463e-07
-2.2522e-07
0.0875829
0.0935386
-7.78143e-07
0.0935383
-6.78003e-07
0.093538
-5.83635e-07
0.0935378
-4.94477e-07
0.0935375
-4.10016e-07
0.0935373
-3.29782e-07
0.0935371
-2.53338e-07
0.0935369
-1.8028e-07
0.0935367
-1.10237e-07
-4.28721e-08
0.0935365
0.0975089
-3.01756e-07
0.0975085
-2.37901e-07
0.0975081
-1.76704e-07
0.0975077
-1.17849e-07
0.0975073
-6.1042e-08
0.097507
-6.01462e-09
0.0975067
4.74846e-08
0.0975064
9.96824e-08
0.0975062
1.50791e-07
2.00997e-07
0.0975059
0.0994943
2.61497e-07
0.0994938
2.80197e-07
0.0994933
2.99938e-07
0.0994929
3.2075e-07
0.0994925
3.42659e-07
0.0994921
3.65689e-07
0.0994917
3.89861e-07
0.0994914
4.15191e-07
0.0994911
4.4169e-07
4.69365e-07
0.0994909
0.0994944
8.1295e-07
0.0994939
7.85606e-07
0.0994935
7.62951e-07
0.099493
7.44728e-07
0.0994926
7.30689e-07
0.0994923
7.20618e-07
0.099492
7.14295e-07
0.0994917
7.11533e-07
0.0994914
7.12131e-07
7.15921e-07
0.0994912
0.0975093
1.25487e-06
0.0975089
1.18866e-06
0.0975086
1.13009e-06
0.0975082
1.07868e-06
0.0975079
1.03394e-06
0.0975077
9.95438e-07
0.0975074
9.62784e-07
0.0975072
9.35592e-07
0.097507
9.13511e-07
8.96205e-07
0.0975068
0.0935393
1.51436e-06
0.093539
1.42265e-06
0.0935388
1.34038e-06
0.0935386
1.26688e-06
0.0935385
1.20154e-06
0.0935383
1.14379e-06
0.0935382
1.0931e-06
0.0935381
1.04897e-06
0.093538
1.01096e-06
9.78635e-07
0.0935379
0.0875847
1.55981e-06
0.0875846
1.45894e-06
0.0875846
1.36794e-06
0.0875846
1.28602e-06
0.0875846
1.21256e-06
0.0875846
1.14691e-06
0.0875846
1.08856e-06
0.0875846
1.03693e-06
0.0875846
9.91574e-07
9.51998e-07
0.0875846
0.079646
1.40546e-06
0.0796462
1.31118e-06
0.0796463
1.22576e-06
0.0796465
1.14861e-06
0.0796466
1.07905e-06
0.0796467
1.01658e-06
0.0796468
9.60602e-07
0.079647
9.10725e-07
0.0796471
8.66415e-07
8.27341e-07
0.0796472
0.0697238
1.10424e-06
0.0697241
1.02843e-06
0.0697243
9.59556e-07
0.0697246
8.97227e-07
0.0697248
8.40805e-07
0.0697251
7.89994e-07
0.0697253
7.44231e-07
0.0697255
7.03285e-07
0.0697257
6.66651e-07
6.34151e-07
0.0697259
0.0578182
7.32828e-07
0.0578185
6.81601e-07
0.0578189
6.35162e-07
0.0578192
5.9287e-07
0.0578194
5.54682e-07
0.0578197
5.20018e-07
0.05782
4.88889e-07
0.0578202
4.60753e-07
0.0578204
4.35662e-07
4.13104e-07
0.0578207
0.0439293
3.74983e-07
0.0439296
3.4847e-07
0.0439299
3.24318e-07
0.0439302
3.02364e-07
0.0439305
2.82427e-07
0.0439308
2.64369e-07
0.043931
2.48036e-07
0.0439312
2.3331e-07
0.0439314
2.20056e-07
2.08172e-07
0.0439316
0.0280571
1.08884e-07
0.0280573
1.01121e-07
0.0280575
9.39615e-08
0.0280578
8.75171e-08
0.028058
8.15771e-08
0.0280581
7.62616e-08
0.0280583
7.13663e-08
0.0280585
6.70161e-08
0.0280586
6.30114e-08
5.94815e-08
0.0280588
0.0102014
0.0102015
0.0102016
0.0102016
0.0102017
0.0102018
0.0102019
0.0102019
0.010202
0.0102021
0.0102017
-2.99457e-08
0.0102017
-2.56767e-08
0.0102018
-2.16801e-08
0.0102018
-1.79227e-08
0.0102018
-1.4395e-08
0.0102018
-1.10692e-08
0.0102018
-7.94039e-09
0.0102018
-4.98487e-09
0.0102018
-2.20171e-09
0.0102018
4.29558e-10
0.0102018
2.90607e-09
0.0102018
5.24542e-09
0.0102018
7.44325e-09
0.0102018
9.51593e-09
0.0102018
1.14567e-08
0.0102018
1.32807e-08
0.0102018
1.49794e-08
0.0102017
1.65669e-08
0.0102017
1.80337e-08
0.0102017
1.93931e-08
0.0102017
2.0635e-08
0.0102017
2.17726e-08
0.0102016
2.27946e-08
0.0102016
2.37144e-08
0.0102016
2.45228e-08
0.0102016
2.52313e-08
0.0102015
2.58348e-08
0.0102015
2.63482e-08
0.0102015
2.67709e-08
0.0102015
2.71232e-08
0.0102014
2.74122e-08
0.0102014
2.76631e-08
0.0102014
2.78923e-08
0.0102013
2.81225e-08
2.83647e-08
0.0102013
0.0280578
-9.69605e-08
0.0280579
-8.19868e-08
0.0280579
-6.79143e-08
0.028058
-5.46674e-08
0.028058
-4.21784e-08
0.028058
-3.03889e-08
0.028058
-1.92465e-08
0.028058
-8.70808e-09
0.028058
1.26575e-09
0.028058
1.07055e-08
0.028058
1.96404e-08
0.028058
2.80909e-08
0.028058
3.60779e-08
0.0280579
4.36136e-08
0.0280579
5.07125e-08
0.0280578
5.73804e-08
0.0280578
6.36269e-08
0.0280577
6.94526e-08
0.0280577
7.48639e-08
0.0280576
7.98576e-08
0.0280576
8.44384e-08
0.0280575
8.8601e-08
0.0280574
9.23497e-08
0.0280573
9.56801e-08
0.0280573
9.85995e-08
0.0280572
1.01107e-07
0.0280571
1.03218e-07
0.028057
1.04942e-07
0.028057
1.06306e-07
0.0280569
1.07336e-07
0.0280568
1.08075e-07
0.0280567
1.08562e-07
0.0280566
1.08854e-07
0.0280566
1.09002e-07
1.09067e-07
0.0280565
0.0439302
-1.78448e-07
0.0439302
-1.4869e-07
0.0439303
-1.20656e-07
0.0439303
-9.41975e-08
0.0439304
-6.91876e-08
0.0439304
-4.55089e-08
0.0439304
-2.30666e-08
0.0439304
-1.77187e-09
0.0439304
1.84434e-08
0.0439303
3.76438e-08
0.0439303
5.58755e-08
0.0439303
7.31835e-08
0.0439302
8.95955e-08
0.0439301
1.0514e-07
0.0439301
1.19831e-07
0.04393
1.33683e-07
0.0439299
1.46698e-07
0.0439298
1.58882e-07
0.0439297
1.70227e-07
0.0439296
1.80732e-07
0.0439295
1.90384e-07
0.0439294
1.99178e-07
0.0439293
2.071e-07
0.0439292
2.14146e-07
0.0439291
2.20307e-07
0.0439289
2.25587e-07
0.0439288
2.29988e-07
0.0439287
2.33533e-07
0.0439286
2.36246e-07
0.0439284
2.38175e-07
0.0439283
2.39374e-07
0.0439282
2.39918e-07
0.043928
2.39891e-07
0.0439279
2.39395e-07
2.38547e-07
0.0439278
0.0578188
-2.48905e-07
0.0578189
-2.03221e-07
0.0578189
-1.60061e-07
0.057819
-1.19207e-07
0.057819
-8.04673e-08
0.057819
-4.36739e-08
0.057819
-8.67999e-09
0.0578189
2.46377e-08
0.0578189
5.63858e-08
0.0578189
8.66501e-08
0.0578188
1.15503e-07
0.0578187
1.43e-07
0.0578186
1.69183e-07
0.0578186
1.94082e-07
0.0578185
2.17717e-07
0.0578184
2.40093e-07
0.0578182
2.61213e-07
0.0578181
2.81063e-07
0.057818
2.9963e-07
0.0578179
3.16891e-07
0.0578177
3.32822e-07
0.0578176
3.47392e-07
0.0578174
3.60575e-07
0.0578173
3.72339e-07
0.0578171
3.82665e-07
0.0578169
3.91533e-07
0.0578168
3.98939e-07
0.0578166
4.04887e-07
0.0578164
4.09404e-07
0.0578162
4.12529e-07
0.0578161
4.1433e-07
0.0578159
4.14893e-07
0.0578157
4.14332e-07
0.0578155
4.12782e-07
4.10413e-07
0.0578154
0.0697239
-2.81864e-07
0.0697239
-2.22342e-07
0.0697239
-1.65909e-07
0.0697239
-1.12291e-07
0.0697239
-6.12497e-08
0.0697238
-1.25764e-08
0.0697238
3.39094e-08
0.0697237
7.83602e-08
0.0697237
1.20904e-07
0.0697236
1.61646e-07
0.0697235
2.00669e-07
0.0697234
2.38035e-07
0.0697233
2.73791e-07
0.0697232
3.07962e-07
0.0697231
3.4056e-07
0.069723
3.71583e-07
0.0697228
4.01013e-07
0.0697227
4.28823e-07
0.0697225
4.54973e-07
0.0697224
4.79416e-07
0.0697222
5.021e-07
0.069722
5.22967e-07
0.0697218
5.41955e-07
0.0697216
5.59009e-07
0.0697215
5.74071e-07
0.0697213
5.87098e-07
0.0697211
5.98052e-07
0.0697209
6.06916e-07
0.0697207
6.13692e-07
0.0697204
6.18405e-07
0.0697202
6.21108e-07
0.06972
6.21887e-07
0.0697198
6.20858e-07
0.0697196
6.18173e-07
6.14028e-07
0.0697194
0.0796452
-2.54253e-07
0.0796452
-1.86014e-07
0.0796451
-1.21002e-07
0.0796451
-5.8922e-08
0.079645
4.83266e-10
0.079645
5.74366e-08
0.0796449
1.12129e-07
0.0796448
1.64719e-07
0.0796447
2.1534e-07
0.0796446
2.64097e-07
0.0796445
3.11071e-07
0.0796444
3.56317e-07
0.0796442
3.9987e-07
0.0796441
4.41745e-07
0.079644
4.81936e-07
0.0796438
5.20418e-07
0.0796437
5.5715e-07
0.0796435
5.92076e-07
0.0796433
6.25125e-07
0.0796432
6.56218e-07
0.079643
6.85264e-07
0.0796428
7.12166e-07
0.0796426
7.36825e-07
0.0796424
7.59141e-07
0.0796422
7.79017e-07
0.079642
7.96364e-07
0.0796418
8.11108e-07
0.0796416
8.23188e-07
0.0796413
8.32571e-07
0.0796411
8.39244e-07
0.0796409
8.43233e-07
0.0796407
8.44594e-07
0.0796404
8.43428e-07
0.0796402
8.39875e-07
8.34128e-07
0.07964
0.0875828
-1.52457e-07
0.0875827
-8.28245e-08
0.0875826
-1.60128e-08
0.0875825
4.82511e-08
0.0875824
1.10204e-07
0.0875823
1.70048e-07
0.0875821
2.27954e-07
0.087582
2.84061e-07
0.0875819
3.38481e-07
0.0875818
3.91298e-07
0.0875816
4.4257e-07
0.0875815
4.92332e-07
0.0875814
5.40593e-07
0.0875812
5.8734e-07
0.0875811
6.3254e-07
0.0875809
6.76137e-07
0.0875808
7.18057e-07
0.0875806
7.58207e-07
0.0875804
7.9648e-07
0.0875802
8.32753e-07
0.0875801
8.66895e-07
0.0875799
8.98764e-07
0.0875797
9.28213e-07
0.0875795
9.55095e-07
0.0875793
9.79264e-07
0.0875791
1.00058e-06
0.0875789
1.01892e-06
0.0875787
1.03417e-06
0.0875785
1.04625e-06
0.0875782
1.05509e-06
0.087578
1.06068e-06
0.0875778
1.06302e-06
0.0875776
1.06217e-06
0.0875774
1.05825e-06
1.0514e-06
0.0875771
0.0935364
2.21206e-08
0.0935362
8.50135e-08
0.093536
1.46044e-07
0.0935359
2.0542e-07
0.0935357
2.63314e-07
0.0935356
3.19876e-07
0.0935354
3.7522e-07
0.0935353
4.29439e-07
0.0935351
4.82598e-07
0.093535
5.34739e-07
0.0935349
5.85879e-07
0.0935347
6.36012e-07
0.0935346
6.85108e-07
0.0935344
7.33118e-07
0.0935343
7.79965e-07
0.0935341
8.25559e-07
0.093534
8.69783e-07
0.0935338
9.12505e-07
0.0935337
9.53574e-07
0.0935335
9.92828e-07
0.0935333
1.03009e-06
0.0935332
1.06516e-06
0.093533
1.09786e-06
0.0935328
1.12799e-06
0.0935327
1.15535e-06
0.0935325
1.17974e-06
0.0935323
1.20099e-06
0.0935321
1.21894e-06
0.0935319
1.23343e-06
0.0935317
1.24437e-06
0.0935316
1.25165e-06
0.0935314
1.25524e-06
0.0935312
1.25514e-06
0.093531
1.2514e-06
1.24412e-06
0.0935308
0.0975057
2.50471e-07
0.0975055
2.99355e-07
0.0975053
3.47776e-07
0.0975051
3.95833e-07
0.0975049
4.43609e-07
0.0975048
4.9116e-07
0.0975046
5.3853e-07
0.0975044
5.85735e-07
0.0975043
6.32777e-07
0.0975041
6.79635e-07
0.097504
7.26272e-07
0.0975039
7.72626e-07
0.0975037
8.18623e-07
0.0975036
8.64159e-07
0.0975035
9.09121e-07
0.0975033
9.53366e-07
0.0975032
9.96743e-07
0.0975031
1.03907e-06
0.097503
1.08017e-06
0.0975028
1.11982e-06
0.0975027
1.15782e-06
0.0975026
1.19392e-06
0.0975025
1.2279e-06
0.0975023
1.2595e-06
0.0975022
1.2885e-06
0.0975021
1.31464e-06
0.0975019
1.3377e-06
0.0975018
1.35746e-06
0.0975016
1.37373e-06
0.0975015
1.38632e-06
0.0975014
1.39511e-06
0.0975012
1.39998e-06
0.0975011
1.40088e-06
0.0975009
1.39778e-06
1.39072e-06
0.0975008
0.0994906
4.98212e-07
0.0994904
5.28225e-07
0.0994902
5.59387e-07
0.09949
5.91674e-07
0.0994898
6.25052e-07
0.0994896
6.5948e-07
0.0994895
6.94904e-07
0.0994893
7.3126e-07
0.0994892
7.68472e-07
0.0994891
8.06452e-07
0.099489
8.45096e-07
0.0994888
8.84291e-07
0.0994887
9.23901e-07
0.0994886
9.63782e-07
0.0994885
1.00377e-06
0.0994885
1.04368e-06
0.0994884
1.08333e-06
0.0994883
1.1225e-06
0.0994882
1.16096e-06
0.0994881
1.19849e-06
0.099488
1.23482e-06
0.099488
1.26969e-06
0.0994879
1.30284e-06
0.0994878
1.33398e-06
0.0994877
1.36285e-06
0.0994877
1.38916e-06
0.0994876
1.41265e-06
0.0994875
1.43307e-06
0.0994875
1.45015e-06
0.0994874
1.4637e-06
0.0994873
1.47351e-06
0.0994872
1.47943e-06
0.0994871
1.48133e-06
0.0994871
1.47914e-06
1.47281e-06
0.099487
0.0994909
7.22722e-07
0.0994907
7.32382e-07
0.0994905
7.44733e-07
0.0994904
7.59638e-07
0.0994902
7.7694e-07
0.0994901
7.96506e-07
0.09949
8.18182e-07
0.0994899
8.41833e-07
0.0994898
8.673e-07
0.0994897
8.94439e-07
0.0994896
9.23077e-07
0.0994895
9.53057e-07
0.0994895
9.84188e-07
0.0994894
1.01629e-06
0.0994894
1.04916e-06
0.0994893
1.08258e-06
0.0994893
1.11634e-06
0.0994893
1.15019e-06
0.0994892
1.18389e-06
0.0994892
1.21718e-06
0.0994892
1.24979e-06
0.0994892
1.28144e-06
0.0994892
1.31184e-06
0.0994892
1.34071e-06
0.0994892
1.36774e-06
0.0994892
1.39265e-06
0.0994892
1.41514e-06
0.0994892
1.43494e-06
0.0994892
1.45176e-06
0.0994892
1.46538e-06
0.0994892
1.47554e-06
0.0994892
1.48206e-06
0.0994892
1.48477e-06
0.0994892
1.48354e-06
1.47826e-06
0.0994892
0.0975066
8.83367e-07
0.0975065
8.74706e-07
0.0975064
8.69954e-07
0.0975063
8.68856e-07
0.0975062
8.71177e-07
0.0975061
8.7669e-07
0.097506
8.85179e-07
0.097506
8.96434e-07
0.0975059
9.10248e-07
0.0975059
9.26416e-07
0.0975059
9.44733e-07
0.0975059
9.64991e-07
0.0975058
9.8698e-07
0.0975059
1.01048e-06
0.0975059
1.03527e-06
0.0975059
1.06113e-06
0.0975059
1.08781e-06
0.097506
1.11506e-06
0.097506
1.14265e-06
0.097506
1.1703e-06
0.0975061
1.19774e-06
0.0975062
1.2247e-06
0.0975062
1.25089e-06
0.0975063
1.27603e-06
0.0975063
1.29982e-06
0.0975064
1.32197e-06
0.0975065
1.34219e-06
0.0975066
1.3602e-06
0.0975066
1.37572e-06
0.0975067
1.3885e-06
0.0975068
1.39829e-06
0.0975069
1.40488e-06
0.097507
1.40806e-06
0.097507
1.40768e-06
1.4036e-06
0.0975071
0.0935378
9.51602e-07
0.0935378
9.29482e-07
0.0935377
9.11951e-07
0.0935377
8.98677e-07
0.0935377
8.89382e-07
0.0935377
8.83775e-07
0.0935377
8.81613e-07
0.0935377
8.8263e-07
0.0935377
8.86606e-07
0.0935377
8.93292e-07
0.0935378
9.02478e-07
0.0935378
9.13924e-07
0.0935379
9.27423e-07
0.093538
9.42735e-07
0.093538
9.59652e-07
0.0935381
9.77929e-07
0.0935382
9.97352e-07
0.0935383
1.01767e-06
0.0935384
1.03865e-06
0.0935385
1.06004e-06
0.0935386
1.08161e-06
0.0935388
1.10306e-06
0.0935389
1.12418e-06
0.093539
1.14466e-06
0.0935391
1.16426e-06
0.0935393
1.18269e-06
0.0935394
1.19971e-06
0.0935396
1.21504e-06
0.0935397
1.22843e-06
0.0935399
1.23962e-06
0.09354
1.2484e-06
0.0935402
1.25452e-06
0.0935403
1.25782e-06
0.0935405
1.25809e-06
1.25522e-06
0.0935406
0.0875847
9.17833e-07
0.0875847
8.88636e-07
0.0875847
8.64103e-07
0.0875848
8.43846e-07
0.0875849
8.27616e-07
0.0875849
8.15066e-07
0.087585
8.05989e-07
0.0875851
8.00072e-07
0.0875852
7.97134e-07
0.0875853
7.96886e-07
0.0875854
7.99166e-07
0.0875855
8.03697e-07
0.0875856
8.10329e-07
0.0875857
8.18791e-07
0.0875859
8.28938e-07
0.087586
8.40501e-07
0.0875861
8.53335e-07
0.0875863
8.67167e-07
0.0875864
8.81851e-07
0.0875866
8.97108e-07
0.0875868
9.12786e-07
0.0875869
9.28602e-07
0.0875871
9.44396e-07
0.0875873
9.59882e-07
0.0875875
9.74897e-07
0.0875877
9.8915e-07
0.0875879
1.00248e-06
0.0875881
1.0146e-06
0.0875883
1.02535e-06
0.0875885
1.03445e-06
0.0875887
1.04176e-06
0.0875889
1.04702e-06
0.0875891
1.05012e-06
0.0875893
1.05082e-06
1.04908e-06
0.0875895
0.0796473
7.93035e-07
0.0796475
7.63227e-07
0.0796476
7.375e-07
0.0796477
7.1564e-07
0.0796479
6.97276e-07
0.079648
6.82237e-07
0.0796481
6.70193e-07
0.0796483
6.61004e-07
0.0796484
6.54368e-07
0.0796485
6.50172e-07
0.0796487
6.48133e-07
0.0796489
6.48154e-07
0.079649
6.49966e-07
0.0796492
6.53481e-07
0.0796494
6.58439e-07
0.0796495
6.64757e-07
0.0796497
6.72177e-07
0.0796499
6.80621e-07
0.0796501
6.89829e-07
0.0796503
6.99725e-07
0.0796505
7.10047e-07
0.0796507
7.20715e-07
0.0796509
7.31468e-07
0.0796511
7.42225e-07
0.0796513
7.52721e-07
0.0796516
7.62874e-07
0.0796518
7.72418e-07
0.079652
7.81273e-07
0.0796523
7.89171e-07
0.0796525
7.96037e-07
0.0796528
8.01609e-07
0.079653
8.05824e-07
0.0796532
8.08443e-07
0.0796535
8.09434e-07
8.08605e-07
0.0796537
0.0697261
6.05328e-07
0.0697262
5.80051e-07
0.0697264
5.57905e-07
0.0697266
5.38802e-07
0.0697268
5.22363e-07
0.0697269
5.0854e-07
0.0697271
4.96983e-07
0.0697273
4.87672e-07
0.0697275
4.80283e-07
0.0697276
4.74819e-07
0.0697278
4.70969e-07
0.069728
4.68756e-07
0.0697282
4.6788e-07
0.0697284
4.68374e-07
0.0697285
4.69945e-07
0.0697287
4.72635e-07
0.0697289
4.76153e-07
0.0697291
4.8055e-07
0.0697293
4.85533e-07
0.0697295
4.91158e-07
0.0697298
4.97132e-07
0.06973
5.03514e-07
0.0697302
5.1001e-07
0.0697304
5.16682e-07
0.0697306
5.23232e-07
0.0697309
5.29725e-07
0.0697311
5.35859e-07
0.0697314
5.417e-07
0.0697316
5.46938e-07
0.0697318
5.51644e-07
0.0697321
5.55504e-07
0.0697323
5.58599e-07
0.0697326
5.60631e-07
0.0697328
5.61709e-07
5.61571e-07
0.0697331
0.0578209
3.93167e-07
0.0578211
3.75366e-07
0.0578213
3.5982e-07
0.0578215
3.46072e-07
0.0578217
3.34266e-07
0.0578218
3.23971e-07
0.057822
3.15355e-07
0.0578222
3.08002e-07
0.0578224
3.02103e-07
0.0578226
2.97255e-07
0.0578227
2.93663e-07
0.0578229
2.90932e-07
0.0578231
2.89281e-07
0.0578233
2.8832e-07
0.0578235
2.88277e-07
0.0578236
2.88764e-07
0.0578238
2.90019e-07
0.057824
2.91652e-07
0.0578242
2.93911e-07
0.0578244
2.96404e-07
0.0578246
2.99385e-07
0.0578248
3.02462e-07
0.057825
3.05894e-07
0.0578252
3.09285e-07
0.0578254
3.12901e-07
0.0578256
3.16341e-07
0.0578259
3.19874e-07
0.0578261
3.23087e-07
0.0578263
3.26253e-07
0.0578265
3.28951e-07
0.0578267
3.31453e-07
0.057827
3.33341e-07
0.0578272
3.34898e-07
0.0578274
3.35729e-07
3.3615e-07
0.0578277
0.0439318
1.97539e-07
0.043932
1.8807e-07
0.0439322
1.79662e-07
0.0439324
1.72243e-07
0.0439326
1.65724e-07
0.0439327
1.60045e-07
0.0439329
1.55131e-07
0.043933
1.50933e-07
0.0439332
1.47384e-07
0.0439333
1.44445e-07
0.0439335
1.42054e-07
0.0439336
1.40182e-07
0.0439338
1.38767e-07
0.0439339
1.37789e-07
0.0439341
1.3719e-07
0.0439342
1.36952e-07
0.0439344
1.37018e-07
0.0439346
1.37379e-07
0.0439347
1.37976e-07
0.0439349
1.38803e-07
0.043935
1.39804e-07
0.0439352
1.40978e-07
0.0439354
1.42264e-07
0.0439355
1.43669e-07
0.0439357
1.4513e-07
0.0439359
1.46652e-07
0.043936
1.48174e-07
0.0439362
1.49695e-07
0.0439364
1.5115e-07
0.0439366
1.5253e-07
0.0439367
1.53772e-07
0.0439369
1.54863e-07
0.0439371
1.55748e-07
0.0439373
1.56424e-07
1.56874e-07
0.0439375
0.0280589
5.62316e-08
0.0280591
5.33953e-08
0.0280592
5.0783e-08
0.0280593
4.85322e-08
0.0280594
4.64587e-08
0.0280596
4.47034e-08
0.0280597
4.30866e-08
0.0280598
4.1752e-08
0.0280599
4.05234e-08
0.02806
3.95467e-08
0.0280601
3.86486e-08
0.0280602
3.79764e-08
0.0280603
3.7359e-08
0.0280604
3.69449e-08
0.0280605
3.65648e-08
0.0280606
3.63682e-08
0.0280607
3.61874e-08
0.0280608
3.61726e-08
0.0280609
3.6158e-08
0.028061
3.62939e-08
0.0280611
3.64157e-08
0.0280612
3.66759e-08
0.0280613
3.69091e-08
0.0280614
3.7271e-08
0.0280615
3.75941e-08
0.0280616
3.80371e-08
0.0280618
3.84294e-08
0.0280619
3.89275e-08
0.028062
3.93572e-08
0.0280621
3.98719e-08
0.0280622
4.02914e-08
0.0280623
4.07687e-08
0.0280624
4.11187e-08
0.0280626
4.1501e-08
4.1762e-08
0.0280627
0.0102021
0.0102022
0.0102022
0.0102023
0.0102023
0.0102024
0.0102024
0.0102024
0.0102025
0.0102025
0.0102026
0.0102026
0.0102026
0.0102027
0.0102027
0.0102028
0.0102028
0.0102028
0.0102029
0.0102029
0.0102029
0.010203
0.010203
0.010203
0.0102031
0.0102031
0.0102032
0.0102032
0.0102032
0.0102033
0.0102033
0.0102034
0.0102034
0.0102034
0.0102035
0.0102013
2.86456e-08
0.0102013
2.90729e-08
0.0102012
2.96353e-08
0.0102012
3.00338e-08
0.0102012
3.01302e-08
0.0102011
3.23327e-08
0.0102011
3.42755e-08
0.0102011
3.26762e-08
0.010201
5.48856e-08
9.1721e-08
0.0280564
1.09127e-07
0.0280563
1.09283e-07
0.0280562
1.09556e-07
0.0280562
1.09777e-07
0.0280561
1.10524e-07
0.028056
1.1326e-07
0.0280559
1.16941e-07
0.0280558
1.26058e-07
0.0280557
1.50243e-07
1.87934e-07
0.0439276
2.37496e-07
0.0439275
2.36386e-07
0.0439274
2.35314e-07
0.0439273
2.34517e-07
0.0439271
2.34447e-07
0.043927
2.35964e-07
0.0439269
2.40243e-07
0.0439268
2.50761e-07
0.0439266
2.72284e-07
3.06783e-07
0.0578152
4.07424e-07
0.057815
4.04045e-07
0.0578149
4.00522e-07
0.0578147
3.97131e-07
0.0578145
3.94382e-07
0.0578144
3.9324e-07
0.0578142
3.94637e-07
0.0578141
4.00941e-07
0.0578139
4.17008e-07
4.43321e-07
0.0697192
6.08667e-07
0.069719
6.02364e-07
0.0697188
5.95422e-07
0.0697186
5.88293e-07
0.0697184
5.81551e-07
0.0697183
5.75503e-07
0.0697181
5.71202e-07
0.0697179
5.71846e-07
0.0697178
5.78059e-07
5.93745e-07
0.0796398
8.26431e-07
0.0796396
8.17085e-07
0.0796394
8.06442e-07
0.0796392
7.94926e-07
0.079639
7.83032e-07
0.0796388
7.71347e-07
0.0796386
7.60473e-07
0.0796384
7.52176e-07
0.0796382
7.4848e-07
7.50774e-07
0.0875769
1.04185e-06
0.0875767
1.02987e-06
0.0875765
1.01579e-06
0.0875763
1.00004e-06
0.0875761
9.83119e-07
0.0875759
9.65291e-07
0.0875757
9.47077e-07
0.0875755
9.30537e-07
0.0875754
9.16001e-07
9.03462e-07
0.0935306
1.23347e-06
0.0935304
1.21966e-06
0.0935302
1.20297e-06
0.09353
1.18377e-06
0.0935298
1.16241e-06
0.0935297
1.13925e-06
0.0935295
1.11478e-06
0.0935293
1.0899e-06
0.0935292
1.06567e-06
1.03821e-06
0.0975006
1.37979e-06
0.0975005
1.36514e-06
0.0975004
1.34698e-06
0.0975002
1.32555e-06
0.0975001
1.30118e-06
0.0974999
1.2741e-06
0.0974998
1.24456e-06
0.0974997
1.21337e-06
0.0974996
1.18119e-06
1.14032e-06
0.0994869
1.46237e-06
0.0994868
1.44788e-06
0.0994867
1.42947e-06
0.0994866
1.40731e-06
0.0994866
1.38157e-06
0.0994865
1.3524e-06
0.0994864
1.32023e-06
0.0994863
1.28514e-06
0.0994863
1.2471e-06
1.19661e-06
0.0994892
1.46891e-06
0.0994891
1.45547e-06
0.0994891
1.43801e-06
0.0994891
1.41657e-06
0.0994891
1.3913e-06
0.0994891
1.3624e-06
0.0994891
1.32993e-06
0.0994891
1.29344e-06
0.0994891
1.25336e-06
1.19797e-06
0.0975072
1.39575e-06
0.0975073
1.38406e-06
0.0975073
1.36855e-06
0.0975074
1.34929e-06
0.0975075
1.32625e-06
0.0975075
1.29953e-06
0.0975076
1.26948e-06
0.0975076
1.2354e-06
0.0975077
1.19566e-06
1.14169e-06
0.0935408
1.24909e-06
0.0935409
1.23966e-06
0.0935411
1.22693e-06
0.0935412
1.21085e-06
0.0935413
1.19154e-06
0.0935415
1.16931e-06
0.0935416
1.14403e-06
0.0935417
1.11435e-06
0.0935418
1.07968e-06
1.03251e-06
0.0875898
1.04474e-06
0.08759
1.03781e-06
0.0875902
1.02825e-06
0.0875903
1.01628e-06
0.0875905
1.00183e-06
0.0875907
9.85056e-07
0.0875909
9.66606e-07
0.0875911
9.44883e-07
0.0875912
9.16857e-07
8.81762e-07
0.079654
8.05984e-07
0.0796542
8.01498e-07
0.0796544
7.95361e-07
0.0796547
7.87523e-07
0.0796549
7.78228e-07
0.0796551
7.68436e-07
0.0796553
7.57585e-07
0.0796555
7.43854e-07
0.0796557
7.26227e-07
7.05534e-07
0.0697333
5.604e-07
0.0697336
5.58069e-07
0.0697338
5.54878e-07
0.0697341
5.50923e-07
0.0697343
5.46945e-07
0.0697345
5.42714e-07
0.0697347
5.39097e-07
0.069735
5.3566e-07
0.0697352
5.27425e-07
5.21206e-07
0.0578279
3.35838e-07
0.0578281
3.35175e-07
0.0578283
3.34087e-07
0.0578285
3.3325e-07
0.0578288
3.326e-07
0.057829
3.33076e-07
0.0578292
3.3613e-07
0.0578294
3.39154e-07
0.0578296
3.40089e-07
3.45785e-07
0.0439376
1.57102e-07
0.0439378
1.5718e-07
0.043938
1.57276e-07
0.0439382
1.57755e-07
0.0439384
1.59137e-07
0.0439385
1.61685e-07
0.0439387
1.6674e-07
0.0439389
1.74391e-07
0.043939
1.80505e-07
1.91774e-07
0.0280628
4.20663e-08
0.0280629
4.2173e-08
0.028063
4.22413e-08
0.0280631
4.28931e-08
0.0280633
4.47882e-08
0.0280634
4.49238e-08
0.0280635
4.88999e-08
0.0280636
6.09568e-08
0.0280637
5.8832e-08
6.10771e-08
0.0102035
0.0102036
0.0102036
0.0102037
0.0102037
0.0102037
0.0102038
0.0102039
0.0102039
)
;

boundaryField
{
    inlet
    {
        type            calculated;
        value           nonuniform List<scalar> 
20
(
-0.00975
-0.02775
-0.04375
-0.05775
-0.06975
-0.07975
-0.08775
-0.09375
-0.09775
-0.09975
-0.09975
-0.09775
-0.09375
-0.08775
-0.07975
-0.06975
-0.05775
-0.04375
-0.02775
-0.00975
)
;
    }
    outlet
    {
        type            calculated;
        value           nonuniform List<scalar> 
20
(
0.0102009
0.0280556
0.0439265
0.0578138
0.0697176
0.0796381
0.0875752
0.0935291
0.0974995
0.0994862
0.0994891
0.0975078
0.0935419
0.0875914
0.0796559
0.0697353
0.0578297
0.0439392
0.0280639
0.010204
)
;
    }
    upperWall
    {
        type            calculated;
        value           uniform 0;
    }
    lowerWall
    {
        type            calculated;
        value           uniform 0;
    }
    frontAndBack
    {
        type            empty;
    }
}


// ************************************************************************* //
