/*--------------------------------*- C++ -*----------------------------------*\
| =========                 |                                                 |
| \\      /  F ield         | OpenFOAM: The Open Source CFD Toolbox           |
|  \\    /   O peration     | Version:  2406                                  |
|   \\  /    A nd           | Website:  www.openfoam.com                      |
|    \\/     M anipulation  |                                                 |
\*---------------------------------------------------------------------------*/
FoamFile
{
    version     2.0;
    format      ascii;
    arch        "LSB;label=32;scalar=64";
    class       volVectorField;
    location    "69";
    object      U;
}
// * * * * * * * * * * * * * * * * * * * * * * * * * * * * * * * * * * * * * //

dimensions      [0 1 -1 0 0 0 0];

internalField   nonuniform List<vector> 
2000
(
(0.0972586 -0.000521165 0)
(0.0991996 -0.000403916 0)
(0.100167 -0.000214909 0)
(0.100636 -0.000130349 0)
(0.100963 -8.30978e-05 0)
(0.101204 -5.05484e-05 0)
(0.101371 -3.123e-05 0)
(0.101488 -2.09196e-05 0)
(0.101576 -1.50094e-05 0)
(0.101643 -1.1185e-05 0)
(0.275772 -0.00114157 0)
(0.277043 -0.00144769 0)
(0.277831 -0.00102438 0)
(0.278174 -0.000697848 0)
(0.278525 -0.000501144 0)
(0.278872 -0.000360855 0)
(0.279154 -0.000260169 0)
(0.279374 -0.000192819 0)
(0.27955 -0.000147814 0)
(0.279695 -0.000116178 0)
(0.435915 -0.000769837 0)
(0.436725 -0.00129734 0)
(0.437109 -0.00118536 0)
(0.437085 -0.000979072 0)
(0.437203 -0.000806278 0)
(0.437435 -0.000649986 0)
(0.437665 -0.000514321 0)
(0.437865 -0.00040805 0)
(0.438041 -0.00032798 0)
(0.438196 -0.000266797 0)
(0.576108 -0.000449119 0)
(0.576803 -0.000952187 0)
(0.577061 -0.00104411 0)
(0.576819 -0.000988347 0)
(0.576709 -0.000902564 0)
(0.576766 -0.000794482 0)
(0.576865 -0.000677057 0)
(0.576969 -0.000569297 0)
(0.577077 -0.000478247 0)
(0.577183 -0.000402569 0)
(0.696241 -0.000279757 0)
(0.696912 -0.000673726 0)
(0.697191 -0.000822513 0)
(0.696893 -0.000848059 0)
(0.696659 -0.000831802 0)
(0.696586 -0.000781807 0)
(0.696566 -0.000706526 0)
(0.696563 -0.000624103 0)
(0.696578 -0.000545898 0)
(0.69661 -0.000475074 0)
(0.796332 -0.000182496 0)
(0.796989 -0.000469818 0)
(0.797317 -0.000611692 0)
(0.797039 -0.000666205 0)
(0.796766 -0.000685505 0)
(0.79663 -0.000674607 0)
(0.796538 -0.000636581 0)
(0.796457 -0.000584334 0)
(0.796397 -0.000528441 0)
(0.796358 -0.00047341 0)
(0.876396 -0.00012029 0)
(0.877035 -0.000321449 0)
(0.877403 -0.000435667 0)
(0.877161 -0.000491573 0)
(0.876889 -0.000521673 0)
(0.876733 -0.000529059 0)
(0.876611 -0.000514112 0)
(0.876489 -0.000484951 0)
(0.876381 -0.000449561 0)
(0.876293 -0.000411924 0)
(0.936438 -7.67287e-05 0)
(0.93706 -0.000209341 0)
(0.937453 -0.000290748 0)
(0.937243 -0.000335397 0)
(0.936983 -0.000362793 0)
(0.936826 -0.000374835 0)
(0.936695 -0.000371064 0)
(0.936557 -0.000356276 0)
(0.936425 -0.000335819 0)
(0.936309 -0.000312571 0)
(0.976464 -4.29375e-05 0)
(0.977074 -0.000118418 0)
(0.97748 -0.000166771 0)
(0.977291 -0.000194872 0)
(0.977041 -0.000213127 0)
(0.976889 -0.000222567 0)
(0.976757 -0.000222704 0)
(0.976614 -0.000216055 0)
(0.976473 -0.000205676 0)
(0.976343 -0.000193275 0)
(0.996477 -1.3843e-05 0)
(0.99708 -3.83514e-05 0)
(0.997492 -5.43471e-05 0)
(0.997312 -6.388e-05 0)
(0.997069 -7.02208e-05 0)
(0.996919 -7.36909e-05 0)
(0.996789 -7.40953e-05 0)
(0.996645 -7.22191e-05 0)
(0.9965 -6.90556e-05 0)
(0.996365 -6.51728e-05 0)
(0.996477 1.38516e-05 0)
(0.99708 3.83778e-05 0)
(0.997492 5.44007e-05 0)
(0.997312 6.39611e-05 0)
(0.997069 7.03171e-05 0)
(0.996919 7.3792e-05 0)
(0.996789 7.4201e-05 0)
(0.996645 7.2338e-05 0)
(0.9965 6.9196e-05 0)
(0.996365 6.53351e-05 0)
(0.976464 4.29458e-05 0)
(0.977074 0.000118444 0)
(0.97748 0.000166821 0)
(0.977291 0.00019495 0)
(0.977041 0.000213222 0)
(0.976889 0.000222667 0)
(0.976758 0.000222807 0)
(0.976614 0.000216171 0)
(0.976473 0.00020581 0)
(0.976343 0.000193429 0)
(0.936438 7.6739e-05 0)
(0.93706 0.000209369 0)
(0.937453 0.000290801 0)
(0.937243 0.000335469 0)
(0.936983 0.000362878 0)
(0.936826 0.000374928 0)
(0.936695 0.000371164 0)
(0.936557 0.000356386 0)
(0.936425 0.000335945 0)
(0.936309 0.000312713 0)
(0.876396 0.0001203 0)
(0.877035 0.000321477 0)
(0.877403 0.000435711 0)
(0.877161 0.000491634 0)
(0.876889 0.000521747 0)
(0.876733 0.000529143 0)
(0.876611 0.000514205 0)
(0.876489 0.000485054 0)
(0.876381 0.000449674 0)
(0.876293 0.000412049 0)
(0.796332 0.000182509 0)
(0.796989 0.000469843 0)
(0.797317 0.000611734 0)
(0.797039 0.000666256 0)
(0.796766 0.000685568 0)
(0.79663 0.000674686 0)
(0.796538 0.00063667 0)
(0.796457 0.000584428 0)
(0.796397 0.000528538 0)
(0.796358 0.000473515 0)
(0.696241 0.000279766 0)
(0.696912 0.000673748 0)
(0.697191 0.00082254 0)
(0.696893 0.000848099 0)
(0.69666 0.00083186 0)
(0.696586 0.000781882 0)
(0.696566 0.000706611 0)
(0.696563 0.000624187 0)
(0.696578 0.000545979 0)
(0.69661 0.000475158 0)
(0.576108 0.000449129 0)
(0.576803 0.000952208 0)
(0.577061 0.00104413 0)
(0.576819 0.000988379 0)
(0.576709 0.000902609 0)
(0.576766 0.000794545 0)
(0.576866 0.000677129 0)
(0.576969 0.000569368 0)
(0.577077 0.00047831 0)
(0.577184 0.000402632 0)
(0.435915 0.000769849 0)
(0.436725 0.00129736 0)
(0.437109 0.00118539 0)
(0.437085 0.000979103 0)
(0.437203 0.000806314 0)
(0.437435 0.000650029 0)
(0.437665 0.00051437 0)
(0.437865 0.000408097 0)
(0.438041 0.000328019 0)
(0.438196 0.000266831 0)
(0.275772 0.00114158 0)
(0.277043 0.00144771 0)
(0.277831 0.0010244 0)
(0.278174 0.000697872 0)
(0.278525 0.000501167 0)
(0.278872 0.000360878 0)
(0.279154 0.000260195 0)
(0.279374 0.000192843 0)
(0.27955 0.000147831 0)
(0.279695 0.000116188 0)
(0.0972586 0.000521168 0)
(0.0991996 0.000403929 0)
(0.100167 0.000214916 0)
(0.100636 0.00013035 0)
(0.100963 8.31032e-05 0)
(0.101204 5.05587e-05 0)
(0.101371 3.12372e-05 0)
(0.101488 2.09211e-05 0)
(0.101576 1.5009e-05 0)
(0.101643 1.11856e-05 0)
(0.101697 -8.58218e-06 0)
(0.10174 -6.77953e-06 0)
(0.101775 -5.49529e-06 0)
(0.101804 -4.54605e-06 0)
(0.101829 -3.82e-06 0)
(0.10185 -3.24928e-06 0)
(0.101868 -2.79231e-06 0)
(0.101883 -2.42292e-06 0)
(0.101897 -2.12239e-06 0)
(0.101909 -1.87585e-06 0)
(0.101919 -1.67058e-06 0)
(0.101929 -1.49653e-06 0)
(0.101937 -1.34617e-06 0)
(0.101945 -1.21462e-06 0)
(0.101952 -1.09859e-06 0)
(0.101958 -9.96078e-07 0)
(0.101963 -9.05311e-07 0)
(0.101968 -8.24906e-07 0)
(0.101973 -7.53257e-07 0)
(0.101977 -6.89088e-07 0)
(0.101981 -6.31052e-07 0)
(0.101984 -5.78276e-07 0)
(0.101988 -5.29911e-07 0)
(0.101991 -4.85564e-07 0)
(0.101993 -4.44765e-07 0)
(0.101996 -4.07371e-07 0)
(0.101998 -3.73043e-07 0)
(0.102 -3.41674e-07 0)
(0.102002 -3.12916e-07 0)
(0.102004 -2.86639e-07 0)
(0.102005 -2.6249e-07 0)
(0.102007 -2.4035e-07 0)
(0.102008 -2.19909e-07 0)
(0.102009 -2.01097e-07 0)
(0.10201 -1.83666e-07 0)
(0.279813 -9.30019e-05 0)
(0.279911 -7.56723e-05 0)
(0.279993 -6.25264e-05 0)
(0.280062 -5.23855e-05 0)
(0.28012 -4.44062e-05 0)
(0.280171 -3.80035e-05 0)
(0.280214 -3.27881e-05 0)
(0.280252 -2.85013e-05 0)
(0.280285 -2.49584e-05 0)
(0.280315 -2.20124e-05 0)
(0.28034 -1.95403e-05 0)
(0.280363 -1.7441e-05 0)
(0.280384 -1.56354e-05 0)
(0.280403 -1.40651e-05 0)
(0.280419 -1.26883e-05 0)
(0.280434 -1.14748e-05 0)
(0.280448 -1.04014e-05 0)
(0.28046 -9.44909e-06 0)
(0.280471 -8.60119e-06 0)
(0.280482 -7.84287e-06 0)
(0.280491 -7.16103e-06 0)
(0.2805 -6.54463e-06 0)
(0.280507 -5.98459e-06 0)
(0.280514 -5.47381e-06 0)
(0.280521 -5.00673e-06 0)
(0.280527 -4.57902e-06 0)
(0.280532 -4.18715e-06 0)
(0.280537 -3.82804e-06 0)
(0.280542 -3.49889e-06 0)
(0.280546 -3.19705e-06 0)
(0.28055 -2.91998e-06 0)
(0.280553 -2.66531e-06 0)
(0.280556 -2.43084e-06 0)
(0.280559 -2.21458e-06 0)
(0.280562 -2.01479e-06 0)
(0.438329 -0.000219162 0)
(0.438444 -0.000181788 0)
(0.438542 -0.000152336 0)
(0.438627 -0.00012895 0)
(0.438701 -0.000110154 0)
(0.438765 -9.48357e-05 0)
(0.438821 -8.22027e-05 0)
(0.43887 -7.1704e-05 0)
(0.438914 -6.29378e-05 0)
(0.438952 -5.55847e-05 0)
(0.438986 -4.93747e-05 0)
(0.439017 -4.40804e-05 0)
(0.439044 -3.95183e-05 0)
(0.439068 -3.55477e-05 0)
(0.439091 -3.20644e-05 0)
(0.439111 -2.89916e-05 0)
(0.439129 -2.62705e-05 0)
(0.439145 -2.38536e-05 0)
(0.43916 -2.16999e-05 0)
(0.439174 -1.97733e-05 0)
(0.439186 -1.80418e-05 0)
(0.439198 -1.64781e-05 0)
(0.439208 -1.50594e-05 0)
(0.439218 -1.37674e-05 0)
(0.439226 -1.25873e-05 0)
(0.439234 -1.15077e-05 0)
(0.439241 -1.05188e-05 0)
(0.439248 -9.61265e-06 0)
(0.439254 -8.78177e-06 0)
(0.43926 -8.01954e-06 0)
(0.439265 -7.3195e-06 0)
(0.439269 -6.67586e-06 0)
(0.439273 -6.08306e-06 0)
(0.439277 -5.53628e-06 0)
(0.439281 -5.03101e-06 0)
(0.577284 -0.000339708 0)
(0.577376 -0.000287782 0)
(0.577458 -0.000245168 0)
(0.577532 -0.000210241 0)
(0.577599 -0.000181465 0)
(0.577658 -0.000157542 0)
(0.57771 -0.000137483 0)
(0.577757 -0.000120573 0)
(0.577799 -0.000106279 0)
(0.577837 -9.41647e-05 0)
(0.57787 -8.38476e-05 0)
(0.577901 -7.49945e-05 0)
(0.577928 -6.73278e-05 0)
(0.577953 -6.06288e-05 0)
(0.577975 -5.47328e-05 0)
(0.577995 -4.95167e-05 0)
(0.578014 -4.48862e-05 0)
(0.57803 -4.07642e-05 0)
(0.578046 -3.70844e-05 0)
(0.57806 -3.37882e-05 0)
(0.578072 -3.08234e-05 0)
(0.578084 -2.81449e-05 0)
(0.578094 -2.57149e-05 0)
(0.578104 -2.35021e-05 0)
(0.578113 -2.14817e-05 0)
(0.578121 -1.96333e-05 0)
(0.578128 -1.79404e-05 0)
(0.578135 -1.63887e-05 0)
(0.578141 -1.49654e-05 0)
(0.578147 -1.3659e-05 0)
(0.578152 -1.24586e-05 0)
(0.578156 -1.13542e-05 0)
(0.578161 -1.03367e-05 0)
(0.578164 -9.39756e-06 0)
(0.578168 -8.52945e-06 0)
(0.696649 -0.000412085 0)
(0.696692 -0.000357087 0)
(0.696734 -0.000309902 0)
(0.696776 -0.000269836 0)
(0.696815 -0.000235865 0)
(0.696852 -0.00020694 0)
(0.696887 -0.000182184 0)
(0.696918 -0.000160939 0)
(0.696947 -0.000142704 0)
(0.696974 -0.000127048 0)
(0.696998 -0.000113571 0)
(0.697021 -0.000101903 0)
(0.697041 -9.17221e-05 0)
(0.697059 -8.27689e-05 0)
(0.697076 -7.48452e-05 0)
(0.697092 -6.78018e-05 0)
(0.697106 -6.15233e-05 0)
(0.697119 -5.59149e-05 0)
(0.69713 -5.08938e-05 0)
(0.697141 -4.63853e-05 0)
(0.697151 -4.23226e-05 0)
(0.69716 -3.86469e-05 0)
(0.697168 -3.53084e-05 0)
(0.697175 -3.22661e-05 0)
(0.697182 -2.94866e-05 0)
(0.697188 -2.69426e-05 0)
(0.697194 -2.46114e-05 0)
(0.697199 -2.24734e-05 0)
(0.697204 -2.05114e-05 0)
(0.697208 -1.87091e-05 0)
(0.697212 -1.7052e-05 0)
(0.697216 -1.55262e-05 0)
(0.697219 -1.41192e-05 0)
(0.697222 -1.28197e-05 0)
(0.697224 -1.16173e-05 0)
(0.796334 -0.000421096 0)
(0.79632 -0.000372858 0)
(0.796314 -0.000329604 0)
(0.796313 -0.000291542 0)
(0.796316 -0.000258301 0)
(0.796321 -0.000229264 0)
(0.796328 -0.000203845 0)
(0.796336 -0.000181594 0)
(0.796344 -0.000162161 0)
(0.796352 -0.000145229 0)
(0.79636 -0.000130469 0)
(0.796368 -0.000117552 0)
(0.796375 -0.000106175 0)
(0.796382 -9.60879e-05 0)
(0.796388 -8.70949e-05 0)
(0.796395 -7.90498e-05 0)
(0.7964 -7.18391e-05 0)
(0.796405 -6.53679e-05 0)
(0.79641 -5.95517e-05 0)
(0.796415 -5.43123e-05 0)
(0.796419 -4.95777e-05 0)
(0.796423 -4.52843e-05 0)
(0.796426 -4.13771e-05 0)
(0.796429 -3.78107e-05 0)
(0.796432 -3.45478e-05 0)
(0.796435 -3.15579e-05 0)
(0.796437 -2.88153e-05 0)
(0.796439 -2.62977e-05 0)
(0.796441 -2.3985e-05 0)
(0.796443 -2.18586e-05 0)
(0.796445 -1.99013e-05 0)
(0.796446 -1.8097e-05 0)
(0.796447 -1.64312e-05 0)
(0.796448 -1.48905e-05 0)
(0.796449 -1.34631e-05 0)
(0.87622 -0.000373954 0)
(0.87616 -0.000337207 0)
(0.876111 -0.000302944 0)
(0.87607 -0.00027182 0)
(0.876037 -0.000243896 0)
(0.876009 -0.000218912 0)
(0.875986 -0.000196556 0)
(0.875967 -0.000176595 0)
(0.875951 -0.000158854 0)
(0.875937 -0.00014316 0)
(0.875926 -0.0001293 0)
(0.875916 -0.000117031 0)
(0.875907 -0.000106115 0)
(0.8759 -9.63462e-05 0)
(0.875893 -8.75654e-05 0)
(0.875888 -7.96526e-05 0)
(0.875882 -7.25155e-05 0)
(0.875878 -6.60759e-05 0)
(0.875874 -6.02615e-05 0)
(0.87587 -5.50032e-05 0)
(0.875867 -5.02355e-05 0)
(0.875864 -4.58992e-05 0)
(0.875861 -4.19428e-05 0)
(0.875858 -3.83231e-05 0)
(0.875856 -3.50049e-05 0)
(0.875854 -3.19588e-05 0)
(0.875852 -2.91601e-05 0)
(0.87585 -2.65871e-05 0)
(0.875848 -2.42201e-05 0)
(0.875847 -2.20404e-05 0)
(0.875845 -2.00308e-05 0)
(0.875844 -1.81752e-05 0)
(0.875842 -1.64588e-05 0)
(0.875841 -1.4868e-05 0)
(0.87584 -1.33909e-05 0)
(0.936206 -0.000287967 0)
(0.936115 -0.00026323 0)
(0.936035 -0.000239455 0)
(0.935964 -0.000217318 0)
(0.935902 -0.00019703 0)
(0.935848 -0.000178518 0)
(0.935799 -0.000161644 0)
(0.935757 -0.000146316 0)
(0.935719 -0.000132479 0)
(0.935685 -0.00012007 0)
(0.935655 -0.000108978 0)
(0.935628 -9.90544e-05 0)
(0.935604 -9.01391e-05 0)
(0.935582 -8.20902e-05 0)
(0.935563 -7.47965e-05 0)
(0.935545 -6.81765e-05 0)
(0.935529 -6.21675e-05 0)
(0.935514 -5.67161e-05 0)
(0.935501 -5.17708e-05 0)
(0.935489 -4.72798e-05 0)
(0.935478 -4.31931e-05 0)
(0.935468 -3.94638e-05 0)
(0.935458 -3.60509e-05 0)
(0.93545 -3.29199e-05 0)
(0.935442 -3.00421e-05 0)
(0.935435 -2.7394e-05 0)
(0.935428 -2.49554e-05 0)
(0.935422 -2.27083e-05 0)
(0.935416 -2.06363e-05 0)
(0.935411 -1.87235e-05 0)
(0.935407 -1.69555e-05 0)
(0.935402 -1.53181e-05 0)
(0.935398 -1.37988e-05 0)
(0.935394 -1.23858e-05 0)
(0.935391 -1.10687e-05 0)
(0.976225 -0.000179709 0)
(0.976116 -0.000165716 0)
(0.976018 -0.000151995 0)
(0.975929 -0.00013901 0)
(0.975848 -0.00012694 0)
(0.975776 -0.000115778 0)
(0.97571 -0.000105468 0)
(0.975651 -9.59825e-05 0)
(0.975597 -8.73201e-05 0)
(0.975548 -7.94695e-05 0)
(0.975504 -7.23862e-05 0)
(0.975465 -6.59946e-05 0)
(0.975428 -6.02069e-05 0)
(0.975395 -5.49433e-05 0)
(0.975365 -5.01413e-05 0)
(0.975338 -4.5756e-05 0)
(0.975313 -4.17536e-05 0)
(0.97529 -3.81047e-05 0)
(0.975269 -3.47797e-05 0)
(0.97525 -3.17478e-05 0)
(0.975233 -2.89781e-05 0)
(0.975217 -2.64411e-05 0)
(0.975202 -2.41109e-05 0)
(0.975189 -2.19654e-05 0)
(0.975176 -1.99863e-05 0)
(0.975165 -1.81584e-05 0)
(0.975155 -1.64686e-05 0)
(0.975145 -1.49051e-05 0)
(0.975136 -1.34568e-05 0)
(0.975128 -1.21134e-05 0)
(0.975121 -1.08648e-05 0)
(0.975114 -9.70147e-06 0)
(0.975108 -8.6148e-06 0)
(0.975102 -7.59678e-06 0)
(0.975096 -6.64028e-06 0)
(0.996241 -6.08548e-05 0)
(0.996125 -5.63461e-05 0)
(0.996019 -5.18798e-05 0)
(0.995921 -4.7616e-05 0)
(0.995832 -4.36209e-05 0)
(0.99575 -3.98988e-05 0)
(0.995676 -3.64366e-05 0)
(0.995608 -3.32291e-05 0)
(0.995546 -3.02798e-05 0)
(0.99549 -2.75888e-05 0)
(0.995439 -2.51445e-05 0)
(0.995392 -2.29244e-05 0)
(0.995349 -2.0901e-05 0)
(0.99531 -1.90494e-05 0)
(0.995275 -1.735e-05 0)
(0.995242 -1.57892e-05 0)
(0.995212 -1.43562e-05 0)
(0.995185 -1.30417e-05 0)
(0.99516 -1.18359e-05 0)
(0.995137 -1.07282e-05 0)
(0.995116 -9.7081e-06 0)
(0.995096 -8.7655e-06 0)
(0.995079 -7.89143e-06 0)
(0.995062 -7.07829e-06 0)
(0.995048 -6.31969e-06 0)
(0.995034 -5.61026e-06 0)
(0.995021 -4.94521e-06 0)
(0.99501 -4.32021e-06 0)
(0.994999 -3.7311e-06 0)
(0.994989 -3.17393e-06 0)
(0.994981 -2.64487e-06 0)
(0.994972 -2.14039e-06 0)
(0.994965 -1.65711e-06 0)
(0.994958 -1.19205e-06 0)
(0.994951 -7.42429e-07 0)
(0.996241 6.1033e-05 0)
(0.996125 5.65372e-05 0)
(0.996019 5.2091e-05 0)
(0.995921 4.78609e-05 0)
(0.995832 4.39109e-05 0)
(0.99575 4.02386e-05 0)
(0.995676 3.68266e-05 0)
(0.995608 3.36698e-05 0)
(0.995546 3.0774e-05 0)
(0.99549 2.81422e-05 0)
(0.995439 2.57645e-05 0)
(0.995392 2.36188e-05 0)
(0.995349 2.16772e-05 0)
(0.99531 1.99138e-05 0)
(0.995275 1.8308e-05 0)
(0.995242 1.68457e-05 0)
(0.995212 1.55167e-05 0)
(0.995185 1.43126e-05 0)
(0.99516 1.32247e-05 0)
(0.995137 1.22438e-05 0)
(0.995116 1.13599e-05 0)
(0.995097 1.05636e-05 0)
(0.995079 9.84632e-06 0)
(0.995063 9.20076e-06 0)
(0.995048 8.62083e-06 0)
(0.995034 8.10187e-06 0)
(0.995022 7.63973e-06 0)
(0.99501 7.2311e-06 0)
(0.995 6.87262e-06 0)
(0.99499 6.56141e-06 0)
(0.994981 6.29438e-06 0)
(0.994973 6.0689e-06 0)
(0.994966 5.88223e-06 0)
(0.994959 5.73218e-06 0)
(0.994953 5.61651e-06 0)
(0.976225 0.000179878 0)
(0.976117 0.0001659 0)
(0.976018 0.0001522 0)
(0.975929 0.000139248 0)
(0.975848 0.00012722 0)
(0.975776 0.000116104 0)
(0.97571 0.000105841 0)
(0.975651 9.64049e-05 0)
(0.975597 8.77949e-05 0)
(0.975549 8.0002e-05 0)
(0.975505 7.29827e-05 0)
(0.975465 6.66618e-05 0)
(0.975429 6.09516e-05 0)
(0.975396 5.57714e-05 0)
(0.975366 5.10584e-05 0)
(0.975339 4.67673e-05 0)
(0.975314 4.28647e-05 0)
(0.975291 3.93217e-05 0)
(0.97527 3.61099e-05 0)
(0.975251 3.31992e-05 0)
(0.975234 3.05596e-05 0)
(0.975218 2.81622e-05 0)
(0.975203 2.59814e-05 0)
(0.97519 2.39956e-05 0)
(0.975178 2.2187e-05 0)
(0.975167 2.05409e-05 0)
(0.975156 1.9045e-05 0)
(0.975147 1.7688e-05 0)
(0.975138 1.64601e-05 0)
(0.975131 1.53514e-05 0)
(0.975123 1.43528e-05 0)
(0.975117 1.34555e-05 0)
(0.975111 1.26516e-05 0)
(0.975105 1.19337e-05 0)
(0.9751 1.12954e-05 0)
(0.936206 0.000288123 0)
(0.936115 0.000263403 0)
(0.936035 0.000239649 0)
(0.935965 0.000217542 0)
(0.935902 0.00019729 0)
(0.935848 0.000178818 0)
(0.9358 0.000161986 0)
(0.935757 0.000146703 0)
(0.935719 0.000132916 0)
(0.935685 0.000120561 0)
(0.935656 0.000109528 0)
(0.935629 9.96684e-05 0)
(0.935605 9.08225e-05 0)
(0.935583 8.28482e-05 0)
(0.935563 7.5635e-05 0)
(0.935546 6.91006e-05 0)
(0.93553 6.31832e-05 0)
(0.935515 5.7829e-05 0)
(0.935502 5.29875e-05 0)
(0.93549 4.86071e-05 0)
(0.935479 4.46388e-05 0)
(0.935469 4.1036e-05 0)
(0.93546 3.77588e-05 0)
(0.935452 3.47724e-05 0)
(0.935444 3.20496e-05 0)
(0.935437 2.95666e-05 0)
(0.935431 2.73044e-05 0)
(0.935425 2.52451e-05 0)
(0.93542 2.33734e-05 0)
(0.935415 2.16738e-05 0)
(0.935411 2.01327e-05 0)
(0.935407 1.87364e-05 0)
(0.935403 1.74733e-05 0)
(0.9354 1.63319e-05 0)
(0.935397 1.5303e-05 0)
(0.87622 0.000374093 0)
(0.876161 0.000337364 0)
(0.876111 0.000303123 0)
(0.87607 0.000272023 0)
(0.876037 0.000244126 0)
(0.876009 0.000219173 0)
(0.875986 0.000196853 0)
(0.875967 0.000176933 0)
(0.875951 0.000159237 0)
(0.875938 0.000143592 0)
(0.875926 0.000129782 0)
(0.875916 0.000117568 0)
(0.875908 0.00010671 0)
(0.875901 9.70049e-05 0)
(0.875894 8.82924e-05 0)
(0.875889 8.04542e-05 0)
(0.875884 7.33963e-05 0)
(0.875879 6.7042e-05 0)
(0.875875 6.13174e-05 0)
(0.875872 5.61552e-05 0)
(0.875869 5.1489e-05 0)
(0.875866 4.72618e-05 0)
(0.875863 4.34211e-05 0)
(0.875861 3.99262e-05 0)
(0.875859 3.67404e-05 0)
(0.875857 3.38369e-05 0)
(0.875855 3.11895e-05 0)
(0.875854 2.87787e-05 0)
(0.875853 2.65833e-05 0)
(0.875851 2.45872e-05 0)
(0.87585 2.27717e-05 0)
(0.875849 2.11231e-05 0)
(0.875849 1.96254e-05 0)
(0.875848 1.82674e-05 0)
(0.875847 1.7036e-05 0)
(0.796334 0.000421216 0)
(0.796321 0.000372996 0)
(0.796314 0.000329761 0)
(0.796314 0.000291716 0)
(0.796316 0.000258492 0)
(0.796322 0.000229478 0)
(0.796328 0.000204088 0)
(0.796336 0.000181871 0)
(0.796344 0.000162477 0)
(0.796352 0.000145584 0)
(0.79636 0.000130866 0)
(0.796368 0.000117992 0)
(0.796376 0.000106662 0)
(0.796383 9.66251e-05 0)
(0.796389 8.76874e-05 0)
(0.796396 7.97025e-05 0)
(0.796402 7.25568e-05 0)
(0.796407 6.61549e-05 0)
(0.796412 6.04123e-05 0)
(0.796417 5.52504e-05 0)
(0.796421 5.05981e-05 0)
(0.796425 4.6392e-05 0)
(0.796429 4.25782e-05 0)
(0.796432 3.91116e-05 0)
(0.796436 3.59557e-05 0)
(0.796439 3.30802e-05 0)
(0.796441 3.04597e-05 0)
(0.796444 2.80721e-05 0)
(0.796446 2.58977e-05 0)
(0.796449 2.39181e-05 0)
(0.796451 2.21167e-05 0)
(0.796453 2.04776e-05 0)
(0.796455 1.8987e-05 0)
(0.796456 1.76319e-05 0)
(0.796458 1.64009e-05 0)
(0.696649 0.000412184 0)
(0.696692 0.000357203 0)
(0.696734 0.000310032 0)
(0.696776 0.000269974 0)
(0.696815 0.000236013 0)
(0.696853 0.000207101 0)
(0.696887 0.000182366 0)
(0.696919 0.000161148 0)
(0.696948 0.000142944 0)
(0.696975 0.000127318 0)
(0.696999 0.000113873 0)
(0.697021 0.000102236 0)
(0.697042 9.20892e-05 0)
(0.69706 8.31724e-05 0)
(0.697077 7.52906e-05 0)
(0.697093 6.82914e-05 0)
(0.697107 6.20626e-05 0)
(0.69712 5.65054e-05 0)
(0.697132 5.15402e-05 0)
(0.697143 4.70887e-05 0)
(0.697153 4.3088e-05 0)
(0.697162 3.9476e-05 0)
(0.697171 3.62075e-05 0)
(0.697179 3.3238e-05 0)
(0.697186 3.05384e-05 0)
(0.697192 2.80777e-05 0)
(0.697198 2.58377e-05 0)
(0.697204 2.37946e-05 0)
(0.697209 2.19354e-05 0)
(0.697214 2.024e-05 0)
(0.697218 1.86983e-05 0)
(0.697223 1.72926e-05 0)
(0.697226 1.6015e-05 0)
(0.69723 1.485e-05 0)
(0.697233 1.37923e-05 0)
(0.577284 0.00033978 0)
(0.577376 0.000287869 0)
(0.577459 0.000245262 0)
(0.577533 0.000210338 0)
(0.577599 0.000181564 0)
(0.577658 0.000157649 0)
(0.577711 0.000137603 0)
(0.577758 0.000120713 0)
(0.5778 0.000106439 0)
(0.577837 9.43456e-05 0)
(0.577871 8.40488e-05 0)
(0.577901 7.52178e-05 0)
(0.577929 6.7573e-05 0)
(0.577954 6.08993e-05 0)
(0.577976 5.50298e-05 0)
(0.577997 4.98445e-05 0)
(0.578015 4.52458e-05 0)
(0.578032 4.11593e-05 0)
(0.578047 3.75155e-05 0)
(0.578062 3.42586e-05 0)
(0.578074 3.13333e-05 0)
(0.578086 2.86982e-05 0)
(0.578097 2.63125e-05 0)
(0.578107 2.41488e-05 0)
(0.578116 2.2179e-05 0)
(0.578125 2.03867e-05 0)
(0.578132 1.87517e-05 0)
(0.578139 1.72634e-05 0)
(0.578146 1.59055e-05 0)
(0.578152 1.46701e-05 0)
(0.578158 1.35431e-05 0)
(0.578163 1.25181e-05 0)
(0.578168 1.15826e-05 0)
(0.578172 1.07322e-05 0)
(0.578176 9.95584e-06 0)
(0.438329 0.0002192 0)
(0.438444 0.000181833 0)
(0.438543 0.000152385 0)
(0.438628 0.000128998 0)
(0.438701 0.000110201 0)
(0.438765 9.48868e-05 0)
(0.438821 8.22616e-05 0)
(0.438871 7.17741e-05 0)
(0.438914 6.302e-05 0)
(0.438952 5.56798e-05 0)
(0.438987 4.94819e-05 0)
(0.439017 4.42004e-05 0)
(0.439045 3.96508e-05 0)
(0.439069 3.56942e-05 0)
(0.439092 3.22256e-05 0)
(0.439112 2.91698e-05 0)
(0.43913 2.64666e-05 0)
(0.439147 2.40696e-05 0)
(0.439162 2.1936e-05 0)
(0.439176 2.00311e-05 0)
(0.439188 1.83212e-05 0)
(0.4392 1.67809e-05 0)
(0.439211 1.5386e-05 0)
(0.43922 1.41203e-05 0)
(0.439229 1.29673e-05 0)
(0.439237 1.19176e-05 0)
(0.439245 1.09597e-05 0)
(0.439252 1.00874e-05 0)
(0.439258 9.29145e-06 0)
(0.439264 8.56712e-06 0)
(0.43927 7.90603e-06 0)
(0.439275 7.30455e-06 0)
(0.439279 6.75515e-06 0)
(0.439284 6.25526e-06 0)
(0.439288 5.79835e-06 0)
(0.279813 9.30127e-05 0)
(0.279911 7.56856e-05 0)
(0.279993 6.25409e-05 0)
(0.280062 5.23977e-05 0)
(0.280121 4.44171e-05 0)
(0.280171 3.80147e-05 0)
(0.280215 3.28032e-05 0)
(0.280252 2.85209e-05 0)
(0.280286 2.49844e-05 0)
(0.280315 2.20437e-05 0)
(0.280341 1.95779e-05 0)
(0.280364 1.74832e-05 0)
(0.280385 1.56833e-05 0)
(0.280403 1.41176e-05 0)
(0.28042 1.27474e-05 0)
(0.280435 1.15398e-05 0)
(0.280449 1.04745e-05 0)
(0.280461 9.52941e-06 0)
(0.280473 8.69052e-06 0)
(0.280483 7.93966e-06 0)
(0.280492 7.26695e-06 0)
(0.280501 6.65819e-06 0)
(0.280509 6.10781e-06 0)
(0.280516 5.60552e-06 0)
(0.280523 5.1493e-06 0)
(0.280529 4.73151e-06 0)
(0.280535 4.35202e-06 0)
(0.28054 4.00429e-06 0)
(0.280545 3.68896e-06 0)
(0.280549 3.39985e-06 0)
(0.280553 3.13797e-06 0)
(0.280557 2.89743e-06 0)
(0.28056 2.67964e-06 0)
(0.280564 2.47908e-06 0)
(0.280567 2.29769e-06 0)
(0.101697 8.58254e-06 0)
(0.10174 6.77852e-06 0)
(0.101775 5.4929e-06 0)
(0.101804 4.54341e-06 0)
(0.101829 3.81752e-06 0)
(0.10185 3.24713e-06 0)
(0.101868 2.79037e-06 0)
(0.101883 2.42154e-06 0)
(0.101897 2.12185e-06 0)
(0.101909 1.87644e-06 0)
(0.101919 1.67206e-06 0)
(0.101929 1.49876e-06 0)
(0.101937 1.34881e-06 0)
(0.101945 1.21774e-06 0)
(0.101952 1.10213e-06 0)
(0.101958 1.00035e-06 0)
(0.101964 9.10277e-07 0)
(0.101969 8.30777e-07 0)
(0.101973 7.59799e-07 0)
(0.101978 6.96399e-07 0)
(0.101981 6.38824e-07 0)
(0.101985 5.86662e-07 0)
(0.101988 5.38675e-07 0)
(0.101991 4.94967e-07 0)
(0.101994 4.54635e-07 0)
(0.101997 4.18019e-07 0)
(0.101999 3.84284e-07 0)
(0.102001 3.53803e-07 0)
(0.102003 3.25704e-07 0)
(0.102005 3.00366e-07 0)
(0.102006 2.76899e-07 0)
(0.102008 2.55729e-07 0)
(0.102009 2.36e-07 0)
(0.102011 2.18214e-07 0)
(0.102012 2.01555e-07 0)
(0.102011 -1.67595e-07 0)
(0.102012 -1.52683e-07 0)
(0.102013 -1.38939e-07 0)
(0.102014 -1.26186e-07 0)
(0.102014 -1.14442e-07 0)
(0.102015 -1.03543e-07 0)
(0.102015 -9.35076e-08 0)
(0.102016 -8.41811e-08 0)
(0.102016 -7.5585e-08 0)
(0.102017 -6.75757e-08 0)
(0.280564 -1.82994e-06 0)
(0.280566 -1.6587e-06 0)
(0.280568 -1.4999e-06 0)
(0.28057 -1.35253e-06 0)
(0.280572 -1.21564e-06 0)
(0.280573 -1.08841e-06 0)
(0.280574 -9.70032e-07 0)
(0.280575 -8.59795e-07 0)
(0.280576 -7.57e-07 0)
(0.280577 -6.61024e-07 0)
(0.439284 -4.56348e-06 0)
(0.439287 -4.13019e-06 0)
(0.439289 -3.72821e-06 0)
(0.439291 -3.3548e-06 0)
(0.439293 -3.00764e-06 0)
(0.439295 -2.68447e-06 0)
(0.439297 -2.38336e-06 0)
(0.439298 -2.10239e-06 0)
(0.439299 -1.8399e-06 0)
(0.439301 -1.59424e-06 0)
(0.578171 -7.72566e-06 0)
(0.578174 -6.98035e-06 0)
(0.578176 -6.2883e-06 0)
(0.578179 -5.64488e-06 0)
(0.578181 -5.04593e-06 0)
(0.578182 -4.48766e-06 0)
(0.578184 -3.9666e-06 0)
(0.578185 -3.47957e-06 0)
(0.578186 -3.0236e-06 0)
(0.578187 -2.59599e-06 0)
(0.697227 -1.0503e-05 0)
(0.697229 -9.46878e-06 0)
(0.697231 -8.5074e-06 0)
(0.697232 -7.61246e-06 0)
(0.697234 -6.77816e-06 0)
(0.697235 -5.99926e-06 0)
(0.697236 -5.2709e-06 0)
(0.697237 -4.58867e-06 0)
(0.697238 -3.94846e-06 0)
(0.697238 -3.34654e-06 0)
(0.79645 -1.21383e-05 0)
(0.796451 -1.09067e-05 0)
(0.796452 -9.75996e-06 0)
(0.796452 -8.69042e-06 0)
(0.796452 -7.69129e-06 0)
(0.796453 -6.75633e-06 0)
(0.796453 -5.87983e-06 0)
(0.796453 -5.05649e-06 0)
(0.796453 -4.28147e-06 0)
(0.796453 -3.55031e-06 0)
(0.875839 -1.20167e-05 0)
(0.875838 -1.07359e-05 0)
(0.875836 -9.53994e-06 0)
(0.875835 -8.42122e-06 0)
(0.875834 -7.37273e-06 0)
(0.875833 -6.38808e-06 0)
(0.875832 -5.46138e-06 0)
(0.875831 -4.58721e-06 0)
(0.87583 -3.76056e-06 0)
(0.875829 -2.97686e-06 0)
(0.935388 -9.83834e-06 0)
(0.935385 -8.68644e-06 0)
(0.935382 -7.60562e-06 0)
(0.935379 -6.58926e-06 0)
(0.935377 -5.63128e-06 0)
(0.935374 -4.72612e-06 0)
(0.935372 -3.86861e-06 0)
(0.93537 -3.054e-06 0)
(0.935368 -2.27788e-06 0)
(0.935366 -1.53627e-06 0)
(0.975091 -5.73895e-06 0)
(0.975087 -4.88712e-06 0)
(0.975083 -4.07973e-06 0)
(0.975079 -3.31219e-06 0)
(0.975075 -2.58031e-06 0)
(0.975072 -1.88022e-06 0)
(0.975069 -1.20834e-06 0)
(0.975066 -5.61348e-07 0)
(0.975063 6.37819e-08 0)
(0.975061 6.69821e-07 0)
(0.994946 -3.05839e-07 0)
(0.99494 1.19955e-07 0)
(0.994935 5.36896e-07 0)
(0.994931 9.46832e-07 0)
(0.994926 1.35138e-06 0)
(0.994923 1.75212e-06 0)
(0.994919 2.15041e-06 0)
(0.994916 2.54758e-06 0)
(0.994913 2.94475e-06 0)
(0.99491 3.34298e-06 0)
(0.994947 5.53356e-06 0)
(0.994942 5.48157e-06 0)
(0.994937 5.45934e-06 0)
(0.994932 5.46544e-06 0)
(0.994928 5.49893e-06 0)
(0.994925 5.55859e-06 0)
(0.994921 5.6436e-06 0)
(0.994918 5.75281e-06 0)
(0.994915 5.88548e-06 0)
(0.994913 6.04051e-06 0)
(0.975095 1.07309e-05 0)
(0.975091 1.02352e-05 0)
(0.975087 9.8036e-06 0)
(0.975084 9.43235e-06 0)
(0.975081 9.11747e-06 0)
(0.975078 8.85578e-06 0)
(0.975075 8.64381e-06 0)
(0.975073 8.4788e-06 0)
(0.975071 8.35764e-06 0)
(0.975069 8.2779e-06 0)
(0.935394 1.43773e-05 0)
(0.935391 1.35477e-05 0)
(0.935389 1.28067e-05 0)
(0.935387 1.21488e-05 0)
(0.935385 1.15678e-05 0)
(0.935384 1.10589e-05 0)
(0.935382 1.06168e-05 0)
(0.935381 1.02374e-05 0)
(0.93538 9.91606e-06 0)
(0.935379 9.64927e-06 0)
(0.875847 1.59226e-05 0)
(0.875846 1.49164e-05 0)
(0.875846 1.40113e-05 0)
(0.875846 1.31978e-05 0)
(0.875846 1.24715e-05 0)
(0.875846 1.1824e-05 0)
(0.875846 1.12519e-05 0)
(0.875846 1.07477e-05 0)
(0.875846 1.03085e-05 0)
(0.875846 9.92778e-06 0)
(0.79646 1.52837e-05 0)
(0.796461 1.42715e-05 0)
(0.796462 1.33559e-05 0)
(0.796464 1.25299e-05 0)
(0.796465 1.17867e-05 0)
(0.796467 1.11203e-05 0)
(0.796468 1.05251e-05 0)
(0.796469 9.99581e-06 0)
(0.79647 9.52764e-06 0)
(0.796472 9.11614e-06 0)
(0.697236 1.28286e-05 0)
(0.697239 1.19555e-05 0)
(0.697242 1.11617e-05 0)
(0.697245 1.04454e-05 0)
(0.697247 9.79625e-06 0)
(0.697249 9.21382e-06 0)
(0.697252 8.68866e-06 0)
(0.697254 8.22101e-06 0)
(0.697256 7.80208e-06 0)
(0.697258 7.43277e-06 0)
(0.57818 9.25082e-06 0)
(0.578184 8.60773e-06 0)
(0.578187 8.0252e-06 0)
(0.57819 7.49498e-06 0)
(0.578193 7.01667e-06 0)
(0.578196 6.5828e-06 0)
(0.578198 6.19366e-06 0)
(0.578201 5.84228e-06 0)
(0.578203 5.52944e-06 0)
(0.578206 5.24861e-06 0)
(0.439291 5.38292e-06 0)
(0.439295 5.00335e-06 0)
(0.439298 4.65902e-06 0)
(0.439301 4.34496e-06 0)
(0.439304 4.06116e-06 0)
(0.439306 3.80304e-06 0)
(0.439309 3.57101e-06 0)
(0.439311 3.36076e-06 0)
(0.439313 3.17299e-06 0)
(0.439315 3.00358e-06 0)
(0.280569 2.13032e-06 0)
(0.280572 1.97936e-06 0)
(0.280574 1.83997e-06 0)
(0.280577 1.71484e-06 0)
(0.280579 1.59932e-06 0)
(0.280581 1.49629e-06 0)
(0.280582 1.40121e-06 0)
(0.280584 1.31708e-06 0)
(0.280586 1.23944e-06 0)
(0.280587 1.17139e-06 0)
(0.102013 1.86592e-07 0)
(0.102014 1.72532e-07 0)
(0.102015 1.5999e-07 0)
(0.102016 1.48172e-07 0)
(0.102017 1.37718e-07 0)
(0.102018 1.27826e-07 0)
(0.102018 1.19155e-07 0)
(0.102019 1.10897e-07 0)
(0.10202 1.03728e-07 0)
(0.10202 9.68379e-08 0)
(0.102017 -6.01805e-08 0)
(0.102017 -5.32693e-08 0)
(0.102018 -4.68769e-08 0)
(0.102018 -4.0886e-08 0)
(0.102018 -3.53379e-08 0)
(0.102018 -3.01259e-08 0)
(0.102018 -2.52965e-08 0)
(0.102018 -2.075e-08 0)
(0.102018 -1.65381e-08 0)
(0.102018 -1.25675e-08 0)
(0.102018 -8.89526e-09 0)
(0.102018 -5.43046e-09 0)
(0.102018 -2.23043e-09 0)
(0.102018 7.93718e-10 0)
(0.102018 3.58093e-09 0)
(0.102018 6.21859e-09 0)
(0.102018 8.6431e-09 0)
(0.102017 1.094e-08 0)
(0.102017 1.30456e-08 0)
(0.102017 1.50427e-08 0)
(0.102017 1.68683e-08 0)
(0.102017 1.86075e-08 0)
(0.102016 2.01856e-08 0)
(0.102016 2.16887e-08 0)
(0.102016 2.30582e-08 0)
(0.102016 2.43532e-08 0)
(0.102015 2.55347e-08 0)
(0.102015 2.66773e-08 0)
(0.102015 2.77492e-08 0)
(0.102015 2.88356e-08 0)
(0.102014 2.99309e-08 0)
(0.102014 3.11321e-08 0)
(0.102014 3.24658e-08 0)
(0.102014 3.39914e-08 0)
(0.102013 3.56559e-08 0)
(0.280578 -5.71263e-07 0)
(0.280579 -4.87195e-07 0)
(0.280579 -4.08315e-07 0)
(0.28058 -3.34205e-07 0)
(0.28058 -2.64459e-07 0)
(0.28058 -1.98759e-07 0)
(0.28058 -1.36788e-07 0)
(0.28058 -7.83129e-08 0)
(0.28058 -2.30937e-08 0)
(0.28058 2.90364e-08 0)
(0.28058 7.8254e-08 0)
(0.28058 1.24668e-07 0)
(0.28058 1.68415e-07 0)
(0.280579 2.09569e-07 0)
(0.280579 2.48229e-07 0)
(0.280579 2.84436e-07 0)
(0.280578 3.18263e-07 0)
(0.280578 3.49725e-07 0)
(0.280577 3.78878e-07 0)
(0.280576 4.0572e-07 0)
(0.280576 4.30296e-07 0)
(0.280575 4.52597e-07 0)
(0.280575 4.72665e-07 0)
(0.280574 4.90496e-07 0)
(0.280573 5.06145e-07 0)
(0.280572 5.19635e-07 0)
(0.280572 5.31071e-07 0)
(0.280571 5.40535e-07 0)
(0.28057 5.48222e-07 0)
(0.280569 5.54315e-07 0)
(0.280568 5.59111e-07 0)
(0.280568 5.62891e-07 0)
(0.280567 5.66036e-07 0)
(0.280566 5.68853e-07 0)
(0.280565 5.7172e-07 0)
(0.439301 -1.364e-06 0)
(0.439302 -1.14779e-06 0)
(0.439303 -9.44463e-07 0)
(0.439303 -7.52867e-07 0)
(0.439304 -5.72108e-07 0)
(0.439304 -4.01278e-07 0)
(0.439304 -2.39707e-07 0)
(0.439304 -8.66998e-08 0)
(0.439304 5.82192e-08 0)
(0.439304 1.95568e-07 0)
(0.439303 3.25667e-07 0)
(0.439303 4.48893e-07 0)
(0.439302 5.65441e-07 0)
(0.439302 6.75567e-07 0)
(0.439301 7.79367e-07 0)
(0.4393 8.77008e-07 0)
(0.4393 9.68506e-07 0)
(0.439299 1.05396e-06 0)
(0.439298 1.13333e-06 0)
(0.439297 1.20665e-06 0)
(0.439296 1.27387e-06 0)
(0.439295 1.335e-06 0)
(0.439294 1.38997e-06 0)
(0.439292 1.4388e-06 0)
(0.439291 1.48146e-06 0)
(0.43929 1.51803e-06 0)
(0.439289 1.5486e-06 0)
(0.439287 1.57338e-06 0)
(0.439286 1.59261e-06 0)
(0.439285 1.60673e-06 0)
(0.439284 1.61619e-06 0)
(0.439282 1.62165e-06 0)
(0.439281 1.62374e-06 0)
(0.43928 1.62328e-06 0)
(0.439278 1.62111e-06 0)
(0.578188 -2.19424e-06 0)
(0.578189 -1.81609e-06 0)
(0.578189 -1.45947e-06 0)
(0.57819 -1.12256e-06 0)
(0.57819 -8.03721e-07 0)
(0.57819 -5.01538e-07 0)
(0.57819 -2.14762e-07 0)
(0.57819 5.76561e-08 0)
(0.578189 3.16627e-07 0)
(0.578189 5.62891e-07 0)
(0.578188 7.97079e-07 0)
(0.578188 1.01968e-06 0)
(0.578187 1.23108e-06 0)
(0.578186 1.43156e-06 0)
(0.578185 1.62133e-06 0)
(0.578184 1.80049e-06 0)
(0.578183 1.96909e-06 0)
(0.578182 2.1271e-06 0)
(0.578181 2.27445e-06 0)
(0.578179 2.41103e-06 0)
(0.578178 2.53669e-06 0)
(0.578176 2.65127e-06 0)
(0.578175 2.7546e-06 0)
(0.578173 2.84653e-06 0)
(0.578172 2.92694e-06 0)
(0.57817 2.99578e-06 0)
(0.578168 3.0531e-06 0)
(0.578167 3.09904e-06 0)
(0.578165 3.1339e-06 0)
(0.578163 3.15816e-06 0)
(0.578162 3.17247e-06 0)
(0.57816 3.17767e-06 0)
(0.578158 3.17479e-06 0)
(0.578156 3.16505e-06 0)
(0.578155 3.14994e-06 0)
(0.697239 -2.77944e-06 0)
(0.697239 -2.24408e-06 0)
(0.697239 -1.73762e-06 0)
(0.697239 -1.25757e-06 0)
(0.697239 -8.01705e-07 0)
(0.697239 -3.68096e-07 0)
(0.697238 4.49476e-08 0)
(0.697238 4.38837e-07 0)
(0.697237 8.14793e-07 0)
(0.697236 1.17379e-06 0)
(0.697236 1.51665e-06 0)
(0.697235 1.84397e-06 0)
(0.697234 2.15624e-06 0)
(0.697233 2.45374e-06 0)
(0.697232 2.73667e-06 0)
(0.69723 3.00506e-06 0)
(0.697229 3.25885e-06 0)
(0.697227 3.49786e-06 0)
(0.697226 3.72187e-06 0)
(0.697224 3.93052e-06 0)
(0.697223 4.12347e-06 0)
(0.697221 4.30029e-06 0)
(0.697219 4.46059e-06 0)
(0.697217 4.60393e-06 0)
(0.697216 4.72999e-06 0)
(0.697214 4.83846e-06 0)
(0.697212 4.92918e-06 0)
(0.69721 5.00211e-06 0)
(0.697208 5.05745e-06 0)
(0.697206 5.09556e-06 0)
(0.697203 5.11709e-06 0)
(0.697201 5.12296e-06 0)
(0.697199 5.11437e-06 0)
(0.697197 5.09282e-06 0)
(0.697195 5.06022e-06 0)
(0.796452 -2.85897e-06 0)
(0.796452 -2.20377e-06 0)
(0.796452 -1.58142e-06 0)
(0.796451 -9.88979e-07 0)
(0.796451 -4.23895e-07 0)
(0.79645 1.16086e-07 0)
(0.796449 6.3288e-07 0)
(0.796448 1.12812e-06 0)
(0.796448 1.60317e-06 0)
(0.796447 2.05912e-06 0)
(0.796445 2.49683e-06 0)
(0.796444 2.91695e-06 0)
(0.796443 3.31991e-06 0)
(0.796442 3.70595e-06 0)
(0.79644 4.07511e-06 0)
(0.796439 4.4273e-06 0)
(0.796438 4.76224e-06 0)
(0.796436 5.07954e-06 0)
(0.796434 5.37866e-06 0)
(0.796433 5.65901e-06 0)
(0.796431 5.91987e-06 0)
(0.796429 6.1605e-06 0)
(0.796427 6.38011e-06 0)
(0.796425 6.57795e-06 0)
(0.796423 6.75326e-06 0)
(0.796421 6.90543e-06 0)
(0.796419 7.03389e-06 0)
(0.796417 7.13833e-06 0)
(0.796414 7.21858e-06 0)
(0.796412 7.27479e-06 0)
(0.79641 7.30735e-06 0)
(0.796408 7.31707e-06 0)
(0.796406 7.30506e-06 0)
(0.796403 7.27286e-06 0)
(0.796401 7.22247e-06 0)
(0.875828 -2.23194e-06 0)
(0.875827 -1.52207e-06 0)
(0.875826 -8.43892e-07 0)
(0.875825 -1.94462e-07 0)
(0.875824 4.28795e-07 0)
(0.875823 1.0281e-06 0)
(0.875822 1.60535e-06 0)
(0.875821 2.1621e-06 0)
(0.87582 2.69966e-06 0)
(0.875818 3.21901e-06 0)
(0.875817 3.72092e-06 0)
(0.875816 4.20588e-06 0)
(0.875814 4.67414e-06 0)
(0.875813 5.12576e-06 0)
(0.875811 5.56057e-06 0)
(0.87581 5.97818e-06 0)
(0.875808 6.37804e-06 0)
(0.875807 6.75943e-06 0)
(0.875805 7.12148e-06 0)
(0.875803 7.46318e-06 0)
(0.875802 7.78344e-06 0)
(0.8758 8.08107e-06 0)
(0.875798 8.35486e-06 0)
(0.875796 8.60357e-06 0)
(0.875794 8.826e-06 0)
(0.875792 9.02104e-06 0)
(0.87579 9.18769e-06 0)
(0.875788 9.32513e-06 0)
(0.875786 9.43276e-06 0)
(0.875783 9.51028e-06 0)
(0.875781 9.55772e-06 0)
(0.875779 9.57546e-06 0)
(0.875777 9.56434e-06 0)
(0.875775 9.52564e-06 0)
(0.875773 9.4612e-06 0)
(0.935364 -8.2552e-07 0)
(0.935363 -1.42397e-07 0)
(0.935361 5.15983e-07 0)
(0.93536 1.15212e-06 0)
(0.935358 1.76817e-06 0)
(0.935356 2.36597e-06 0)
(0.935355 2.94704e-06 0)
(0.935354 3.5126e-06 0)
(0.935352 4.06361e-06 0)
(0.935351 4.60073e-06 0)
(0.935349 5.12441e-06 0)
(0.935348 5.63481e-06 0)
(0.935346 6.13189e-06 0)
(0.935345 6.61534e-06 0)
(0.935343 7.08467e-06 0)
(0.935342 7.53912e-06 0)
(0.935341 7.97779e-06 0)
(0.935339 8.39954e-06 0)
(0.935337 8.80311e-06 0)
(0.935336 9.18705e-06 0)
(0.935334 9.54982e-06 0)
(0.935333 9.88977e-06 0)
(0.935331 1.02052e-05 0)
(0.935329 1.04944e-05 0)
(0.935327 1.07556e-05 0)
(0.935326 1.09871e-05 0)
(0.935324 1.11875e-05 0)
(0.935322 1.13554e-05 0)
(0.93532 1.14896e-05 0)
(0.935318 1.15893e-05 0)
(0.935316 1.16539e-05 0)
(0.935315 1.16834e-05 0)
(0.935313 1.16779e-05 0)
(0.935311 1.16385e-05 0)
(0.935309 1.15663e-05 0)
(0.975058 1.25924e-06 0)
(0.975056 1.83424e-06 0)
(0.975054 2.39671e-06 0)
(0.975052 2.94828e-06 0)
(0.97505 3.49029e-06 0)
(0.975048 4.02385e-06 0)
(0.975047 4.54978e-06 0)
(0.975045 5.06869e-06 0)
(0.975044 5.58095e-06 0)
(0.975042 6.08671e-06 0)
(0.975041 6.58589e-06 0)
(0.975039 7.07819e-06 0)
(0.975038 7.56309e-06 0)
(0.975037 8.03987e-06 0)
(0.975035 8.50756e-06 0)
(0.975034 8.96503e-06 0)
(0.975033 9.41091e-06 0)
(0.975032 9.84367e-06 0)
(0.97503 1.02616e-05 0)
(0.975029 1.06628e-05 0)
(0.975028 1.10454e-05 0)
(0.975027 1.14071e-05 0)
(0.975025 1.17459e-05 0)
(0.975024 1.20594e-05 0)
(0.975023 1.23456e-05 0)
(0.975021 1.26022e-05 0)
(0.97502 1.28271e-05 0)
(0.975019 1.30184e-05 0)
(0.975017 1.31745e-05 0)
(0.975016 1.32938e-05 0)
(0.975014 1.33752e-05 0)
(0.975013 1.3418e-05 0)
(0.975011 1.34218e-05 0)
(0.97501 1.33869e-05 0)
(0.975009 1.3314e-05 0)
(0.994907 3.7431e-06 0)
(0.994905 4.14588e-06 0)
(0.994903 4.55184e-06 0)
(0.994901 4.96145e-06 0)
(0.994899 5.37493e-06 0)
(0.994897 5.79241e-06 0)
(0.994896 6.21382e-06 0)
(0.994894 6.63898e-06 0)
(0.994893 7.06748e-06 0)
(0.994891 7.49884e-06 0)
(0.99489 7.93231e-06 0)
(0.994889 8.36705e-06 0)
(0.994888 8.80198e-06 0)
(0.994887 9.23589e-06 0)
(0.994886 9.66734e-06 0)
(0.994885 1.00948e-05 0)
(0.994884 1.05164e-05 0)
(0.994883 1.09302e-05 0)
(0.994882 1.13342e-05 0)
(0.994882 1.17261e-05 0)
(0.994881 1.21034e-05 0)
(0.99488 1.24638e-05 0)
(0.994879 1.28047e-05 0)
(0.994879 1.31234e-05 0)
(0.994878 1.34172e-05 0)
(0.994877 1.36837e-05 0)
(0.994876 1.39201e-05 0)
(0.994876 1.41243e-05 0)
(0.994875 1.42938e-05 0)
(0.994874 1.44268e-05 0)
(0.994873 1.45215e-05 0)
(0.994873 1.45765e-05 0)
(0.994872 1.45909e-05 0)
(0.994871 1.45643e-05 0)
(0.99487 1.44966e-05 0)
(0.99491 6.21718e-06 0)
(0.994908 6.41442e-06 0)
(0.994906 6.63153e-06 0)
(0.994905 6.86741e-06 0)
(0.994903 7.12133e-06 0)
(0.994902 7.39214e-06 0)
(0.9949 7.67903e-06 0)
(0.994899 7.98073e-06 0)
(0.994898 8.29629e-06 0)
(0.994897 8.62427e-06 0)
(0.994896 8.96353e-06 0)
(0.994896 9.31242e-06 0)
(0.994895 9.66955e-06 0)
(0.994894 1.0033e-05 0)
(0.994894 1.04012e-05 0)
(0.994893 1.07718e-05 0)
(0.994893 1.11431e-05 0)
(0.994893 1.15124e-05 0)
(0.994893 1.18777e-05 0)
(0.994892 1.22361e-05 0)
(0.994892 1.25853e-05 0)
(0.994892 1.29222e-05 0)
(0.994892 1.32443e-05 0)
(0.994892 1.35486e-05 0)
(0.994892 1.38321e-05 0)
(0.994892 1.4092e-05 0)
(0.994892 1.43255e-05 0)
(0.994892 1.45296e-05 0)
(0.994892 1.47021e-05 0)
(0.994892 1.48403e-05 0)
(0.994892 1.49422e-05 0)
(0.994892 1.50058e-05 0)
(0.994892 1.50297e-05 0)
(0.994892 1.50128e-05 0)
(0.994892 1.49545e-05 0)
(0.975067 8.23681e-06 0)
(0.975066 8.23227e-06 0)
(0.975064 8.26181e-06 0)
(0.975063 8.32358e-06 0)
(0.975062 8.41533e-06 0)
(0.975061 8.53542e-06 0)
(0.97506 8.68172e-06 0)
(0.97506 8.85265e-06 0)
(0.975059 9.04612e-06 0)
(0.975059 9.26054e-06 0)
(0.975059 9.49377e-06 0)
(0.975059 9.74413e-06 0)
(0.975058 1.00094e-05 0)
(0.975059 1.02877e-05 0)
(0.975059 1.05766e-05 0)
(0.975059 1.08742e-05 0)
(0.975059 1.11778e-05 0)
(0.975059 1.14853e-05 0)
(0.97506 1.17938e-05 0)
(0.97506 1.2101e-05 0)
(0.975061 1.24038e-05 0)
(0.975061 1.26997e-05 0)
(0.975062 1.29855e-05 0)
(0.975062 1.32586e-05 0)
(0.975063 1.35156e-05 0)
(0.975064 1.37538e-05 0)
(0.975065 1.39701e-05 0)
(0.975065 1.41619e-05 0)
(0.975066 1.4326e-05 0)
(0.975067 1.44602e-05 0)
(0.975068 1.45618e-05 0)
(0.975068 1.46288e-05 0)
(0.975069 1.46593e-05 0)
(0.97507 1.46518e-05 0)
(0.975071 1.46049e-05 0)
(0.935378 9.43275e-06 0)
(0.935378 9.26371e-06 0)
(0.935377 9.13835e-06 0)
(0.935377 9.05434e-06 0)
(0.935377 9.00827e-06 0)
(0.935377 8.99821e-06 0)
(0.935377 9.02102e-06 0)
(0.935377 9.07499e-06 0)
(0.935377 9.15718e-06 0)
(0.935377 9.26597e-06 0)
(0.935378 9.39849e-06 0)
(0.935378 9.55317e-06 0)
(0.935379 9.72713e-06 0)
(0.935379 9.91877e-06 0)
(0.93538 1.01251e-05 0)
(0.935381 1.03446e-05 0)
(0.935382 1.0574e-05 0)
(0.935383 1.08117e-05 0)
(0.935384 1.10543e-05 0)
(0.935385 1.13001e-05 0)
(0.935386 1.15457e-05 0)
(0.935387 1.1789e-05 0)
(0.935388 1.20266e-05 0)
(0.935389 1.22564e-05 0)
(0.935391 1.24748e-05 0)
(0.935392 1.26796e-05 0)
(0.935394 1.28674e-05 0)
(0.935395 1.3036e-05 0)
(0.935397 1.31821e-05 0)
(0.935398 1.33037e-05 0)
(0.9354 1.33978e-05 0)
(0.935401 1.34627e-05 0)
(0.935403 1.34958e-05 0)
(0.935404 1.34961e-05 0)
(0.935406 1.34613e-05 0)
(0.875846 9.60331e-06 0)
(0.875847 9.3291e-06 0)
(0.875847 9.10358e-06 0)
(0.875848 8.92134e-06 0)
(0.875848 8.78132e-06 0)
(0.875849 8.67853e-06 0)
(0.87585 8.61233e-06 0)
(0.87585 8.57805e-06 0)
(0.875851 8.5753e-06 0)
(0.875852 8.59961e-06 0)
(0.875853 8.65076e-06 0)
(0.875854 8.7244e-06 0)
(0.875855 8.82039e-06 0)
(0.875857 8.93443e-06 0)
(0.875858 9.0664e-06 0)
(0.875859 9.21197e-06 0)
(0.875861 9.37102e-06 0)
(0.875862 9.53917e-06 0)
(0.875864 9.71623e-06 0)
(0.875865 9.89775e-06 0)
(0.875867 1.00835e-05 0)
(0.875869 1.02688e-05 0)
(0.87587 1.04535e-05 0)
(0.875872 1.06329e-05 0)
(0.875874 1.08067e-05 0)
(0.875876 1.09701e-05 0)
(0.875878 1.11229e-05 0)
(0.87588 1.12604e-05 0)
(0.875882 1.13823e-05 0)
(0.875884 1.14841e-05 0)
(0.875886 1.15658e-05 0)
(0.875888 1.1623e-05 0)
(0.87589 1.16561e-05 0)
(0.875892 1.1661e-05 0)
(0.875894 1.16387e-05 0)
(0.796473 8.75711e-06 0)
(0.796474 8.44676e-06 0)
(0.796475 8.18147e-06 0)
(0.796477 7.95802e-06 0)
(0.796478 7.77333e-06 0)
(0.796479 7.62462e-06 0)
(0.796481 7.50921e-06 0)
(0.796482 7.42468e-06 0)
(0.796483 7.36866e-06 0)
(0.796485 7.33895e-06 0)
(0.796486 7.3334e-06 0)
(0.796488 7.34997e-06 0)
(0.796489 7.38663e-06 0)
(0.796491 7.44145e-06 0)
(0.796493 7.51246e-06 0)
(0.796494 7.59777e-06 0)
(0.796496 7.69544e-06 0)
(0.796498 7.80357e-06 0)
(0.7965 7.92023e-06 0)
(0.796502 8.04349e-06 0)
(0.796504 8.17139e-06 0)
(0.796506 8.30197e-06 0)
(0.796508 8.43322e-06 0)
(0.79651 8.56317e-06 0)
(0.796512 8.68978e-06 0)
(0.796515 8.81104e-06 0)
(0.796517 8.92493e-06 0)
(0.796519 9.02946e-06 0)
(0.796522 9.12261e-06 0)
(0.796524 9.20244e-06 0)
(0.796526 9.26706e-06 0)
(0.796529 9.31464e-06 0)
(0.796531 9.34362e-06 0)
(0.796534 9.35244e-06 0)
(0.796536 9.34007e-06 0)
(0.69726 7.10482e-06 0)
(0.697261 6.8197e-06 0)
(0.697263 6.56962e-06 0)
(0.697265 6.35657e-06 0)
(0.697267 6.17318e-06 0)
(0.697269 6.02185e-06 0)
(0.69727 5.89557e-06 0)
(0.697272 5.79706e-06 0)
(0.697274 5.71959e-06 0)
(0.697275 5.66614e-06 0)
(0.697277 5.63014e-06 0)
(0.697279 5.61476e-06 0)
(0.697281 5.61356e-06 0)
(0.697283 5.62983e-06 0)
(0.697285 5.65719e-06 0)
(0.697286 5.69902e-06 0)
(0.697288 5.74898e-06 0)
(0.69729 5.81049e-06 0)
(0.697292 5.87723e-06 0)
(0.697294 5.95263e-06 0)
(0.697296 6.03038e-06 0)
(0.697299 6.11392e-06 0)
(0.697301 6.19691e-06 0)
(0.697303 6.28284e-06 0)
(0.697305 6.36529e-06 0)
(0.697308 6.44782e-06 0)
(0.69731 6.52391e-06 0)
(0.697312 6.59721e-06 0)
(0.697315 6.66109e-06 0)
(0.697317 6.71929e-06 0)
(0.69732 6.76512e-06 0)
(0.697322 6.80252e-06 0)
(0.697325 6.8249e-06 0)
(0.697327 6.83655e-06 0)
(0.69733 6.83126e-06 0)
(0.578208 5.00098e-06 0)
(0.57821 4.78037e-06 0)
(0.578212 4.58837e-06 0)
(0.578214 4.41913e-06 0)
(0.578216 4.27458e-06 0)
(0.578218 4.14918e-06 0)
(0.578219 4.04512e-06 0)
(0.578221 3.95712e-06 0)
(0.578223 3.88759e-06 0)
(0.578225 3.83144e-06 0)
(0.578227 3.79122e-06 0)
(0.578228 3.76199e-06 0)
(0.57823 3.74642e-06 0)
(0.578232 3.73965e-06 0)
(0.578234 3.74445e-06 0)
(0.578235 3.756e-06 0)
(0.578237 3.77713e-06 0)
(0.578239 3.80308e-06 0)
(0.578241 3.83672e-06 0)
(0.578243 3.87329e-06 0)
(0.578245 3.91571e-06 0)
(0.578247 3.95923e-06 0)
(0.578249 4.00681e-06 0)
(0.578251 4.05368e-06 0)
(0.578253 4.10284e-06 0)
(0.578255 4.14947e-06 0)
(0.578257 4.19661e-06 0)
(0.57826 4.23935e-06 0)
(0.578262 4.28075e-06 0)
(0.578264 4.31581e-06 0)
(0.578266 4.34762e-06 0)
(0.578269 4.37123e-06 0)
(0.578271 4.38985e-06 0)
(0.578273 4.39877e-06 0)
(0.578275 4.40159e-06 0)
(0.439317 2.85352e-06 0)
(0.439319 2.71888e-06 0)
(0.439321 2.60087e-06 0)
(0.439323 2.49576e-06 0)
(0.439325 2.405e-06 0)
(0.439326 2.32501e-06 0)
(0.439328 2.25743e-06 0)
(0.43933 2.19881e-06 0)
(0.439331 2.15094e-06 0)
(0.439333 2.1105e-06 0)
(0.439334 2.07936e-06 0)
(0.439336 2.05429e-06 0)
(0.439337 2.03725e-06 0)
(0.439339 2.02506e-06 0)
(0.43934 2.01974e-06 0)
(0.439342 2.01815e-06 0)
(0.439343 2.02236e-06 0)
(0.439345 2.02927e-06 0)
(0.439346 2.041e-06 0)
(0.439348 2.05443e-06 0)
(0.439349 2.07176e-06 0)
(0.439351 2.08988e-06 0)
(0.439353 2.11099e-06 0)
(0.439354 2.13201e-06 0)
(0.439356 2.15517e-06 0)
(0.439358 2.17735e-06 0)
(0.439359 2.20081e-06 0)
(0.439361 2.22231e-06 0)
(0.439363 2.24415e-06 0)
(0.439365 2.26296e-06 0)
(0.439367 2.28107e-06 0)
(0.439368 2.29509e-06 0)
(0.43937 2.30747e-06 0)
(0.439372 2.31494e-06 0)
(0.439374 2.32039e-06 0)
(0.280589 1.10855e-06 0)
(0.28059 1.05413e-06 0)
(0.280591 1.00382e-06 0)
(0.280593 9.60928e-07 0)
(0.280594 9.21215e-07 0)
(0.280595 8.88081e-07 0)
(0.280596 8.57355e-07 0)
(0.280597 8.32506e-07 0)
(0.280598 8.09415e-07 0)
(0.280599 7.91607e-07 0)
(0.2806 7.75e-07 0)
(0.280601 7.63164e-07 0)
(0.280602 7.52044e-07 0)
(0.280603 7.45246e-07 0)
(0.280604 7.38731e-07 0)
(0.280605 7.36142e-07 0)
(0.280606 7.33451e-07 0)
(0.280608 7.34331e-07 0)
(0.280609 7.34759e-07 0)
(0.28061 7.38444e-07 0)
(0.280611 7.41364e-07 0)
(0.280612 7.4726e-07 0)
(0.280613 7.52108e-07 0)
(0.280614 7.59688e-07 0)
(0.280615 7.65943e-07 0)
(0.280616 7.74706e-07 0)
(0.280617 7.81836e-07 0)
(0.280618 7.91201e-07 0)
(0.280619 7.98544e-07 0)
(0.28062 8.07753e-07 0)
(0.280622 8.14469e-07 0)
(0.280623 8.22604e-07 0)
(0.280624 8.27787e-07 0)
(0.280625 8.34075e-07 0)
(0.280626 8.37321e-07 0)
(0.102021 9.09249e-08 0)
(0.102021 8.51766e-08 0)
(0.102022 8.03118e-08 0)
(0.102022 7.55198e-08 0)
(0.102023 7.15346e-08 0)
(0.102023 6.75481e-08 0)
(0.102024 6.43054e-08 0)
(0.102024 6.10015e-08 0)
(0.102025 5.83891e-08 0)
(0.102025 5.56669e-08 0)
(0.102025 5.35929e-08 0)
(0.102026 5.13703e-08 0)
(0.102026 4.97609e-08 0)
(0.102027 4.79725e-08 0)
(0.102027 4.6771e-08 0)
(0.102027 4.5368e-08 0)
(0.102028 4.45331e-08 0)
(0.102028 4.34802e-08 0)
(0.102028 4.29859e-08 0)
(0.102029 4.2264e-08 0)
(0.102029 4.20924e-08 0)
(0.10203 4.16991e-08 0)
(0.10203 4.18558e-08 0)
(0.10203 4.18e-08 0)
(0.102031 4.23058e-08 0)
(0.102031 4.26057e-08 0)
(0.102031 4.34918e-08 0)
(0.102032 4.41446e-08 0)
(0.102032 4.53829e-08 0)
(0.102033 4.6335e-08 0)
(0.102033 4.78176e-08 0)
(0.102033 4.8929e-08 0)
(0.102034 5.04654e-08 0)
(0.102034 5.15232e-08 0)
(0.102035 5.31186e-08 0)
(0.102013 3.75472e-08 0)
(0.102013 4.03892e-08 0)
(0.102012 4.40415e-08 0)
(0.102012 4.52432e-08 0)
(0.102012 4.26278e-08 0)
(0.102012 5.85475e-08 0)
(0.102011 7.03611e-08 0)
(0.102011 3.29834e-09 0)
(0.10201 1.75112e-07 0)
(0.10201 4.53432e-07 0)
(0.280564 5.75167e-07 0)
(0.280564 5.79941e-07 0)
(0.280563 5.85654e-07 0)
(0.280562 5.90705e-07 0)
(0.280561 6.00682e-07 0)
(0.28056 6.24093e-07 0)
(0.28056 6.43387e-07 0)
(0.280559 7.48453e-07 0)
(0.280558 9.41429e-07 0)
(0.280557 1.29121e-06 0)
(0.439277 1.61832e-06 0)
(0.439276 1.6161e-06 0)
(0.439275 1.61509e-06 0)
(0.439273 1.61548e-06 0)
(0.439272 1.6213e-06 0)
(0.439271 1.64822e-06 0)
(0.43927 1.69812e-06 0)
(0.439268 1.7966e-06 0)
(0.439267 2.044e-06 0)
(0.439266 2.43052e-06 0)
(0.578153 3.13124e-06 0)
(0.578151 3.11078e-06 0)
(0.578149 3.0904e-06 0)
(0.578148 3.07278e-06 0)
(0.578146 3.06278e-06 0)
(0.578145 3.06862e-06 0)
(0.578143 3.10512e-06 0)
(0.578142 3.19844e-06 0)
(0.57814 3.39764e-06 0)
(0.578138 3.70501e-06 0)
(0.697193 5.01884e-06 0)
(0.697191 4.97129e-06 0)
(0.697189 4.92034e-06 0)
(0.697187 4.86993e-06 0)
(0.697185 4.82561e-06 0)
(0.697184 4.7927e-06 0)
(0.697182 4.78157e-06 0)
(0.69718 4.82313e-06 0)
(0.697178 4.93762e-06 0)
(0.697176 5.15549e-06 0)
(0.796399 7.15644e-06 0)
(0.796397 7.07772e-06 0)
(0.796395 6.98972e-06 0)
(0.796393 6.89687e-06 0)
(0.796391 6.80466e-06 0)
(0.796389 6.71784e-06 0)
(0.796387 6.64371e-06 0)
(0.796385 6.60662e-06 0)
(0.796383 6.62167e-06 0)
(0.796381 6.7155e-06 0)
(0.87577 9.37341e-06 0)
(0.875768 9.26521e-06 0)
(0.875766 9.14014e-06 0)
(0.875764 9.00258e-06 0)
(0.875762 8.8576e-06 0)
(0.87576 8.70932e-06 0)
(0.875758 8.56335e-06 0)
(0.875756 8.43973e-06 0)
(0.875755 8.34685e-06 0)
(0.875753 8.29775e-06 0)
(0.935307 1.14633e-05 0)
(0.935305 1.13322e-05 0)
(0.935303 1.1176e-05 0)
(0.935301 1.09988e-05 0)
(0.935299 1.08047e-05 0)
(0.935298 1.05972e-05 0)
(0.935296 1.03813e-05 0)
(0.935294 1.01704e-05 0)
(0.935293 9.97485e-06 0)
(0.935291 9.77235e-06 0)
(0.975007 1.32043e-05 0)
(0.975006 1.30596e-05 0)
(0.975004 1.28826e-05 0)
(0.975003 1.26763e-05 0)
(0.975001 1.2444e-05 0)
(0.975 1.21887e-05 0)
(0.974999 1.19139e-05 0)
(0.974997 1.16297e-05 0)
(0.974996 1.13412e-05 0)
(0.974995 1.09941e-05 0)
(0.994869 1.43883e-05 0)
(0.994869 1.42405e-05 0)
(0.994868 1.40548e-05 0)
(0.994867 1.38334e-05 0)
(0.994866 1.35787e-05 0)
(0.994865 1.32927e-05 0)
(0.994864 1.29789e-05 0)
(0.994864 1.26402e-05 0)
(0.994863 1.22835e-05 0)
(0.994862 1.18169e-05 0)
(0.994892 1.48545e-05 0)
(0.994892 1.47132e-05 0)
(0.994891 1.45312e-05 0)
(0.994891 1.43101e-05 0)
(0.994891 1.40508e-05 0)
(0.994891 1.37554e-05 0)
(0.994891 1.34259e-05 0)
(0.994891 1.30619e-05 0)
(0.994891 1.26625e-05 0)
(0.994891 1.21215e-05 0)
(0.975071 1.45184e-05 0)
(0.975072 1.43914e-05 0)
(0.975073 1.42246e-05 0)
(0.975074 1.40181e-05 0)
(0.975074 1.37728e-05 0)
(0.975075 1.34899e-05 0)
(0.975076 1.31717e-05 0)
(0.975076 1.2811e-05 0)
(0.975077 1.24048e-05 0)
(0.975077 1.18447e-05 0)
(0.935407 1.33913e-05 0)
(0.935409 1.32848e-05 0)
(0.93541 1.31423e-05 0)
(0.935411 1.29632e-05 0)
(0.935413 1.27486e-05 0)
(0.935414 1.24995e-05 0)
(0.935415 1.22179e-05 0)
(0.935417 1.18931e-05 0)
(0.935418 1.1513e-05 0)
(0.935419 1.09955e-05 0)
(0.875896 1.15859e-05 0)
(0.875899 1.15043e-05 0)
(0.875901 1.13917e-05 0)
(0.875903 1.12506e-05 0)
(0.875904 1.10793e-05 0)
(0.875906 1.08824e-05 0)
(0.875908 1.06594e-05 0)
(0.87591 1.03978e-05 0)
(0.875912 1.00785e-05 0)
(0.875914 9.65853e-06 0)
(0.796538 9.30556e-06 0)
(0.796541 9.24884e-06 0)
(0.796543 9.1705e-06 0)
(0.796546 9.07138e-06 0)
(0.796548 8.95261e-06 0)
(0.79655 8.81883e-06 0)
(0.796552 8.67095e-06 0)
(0.796554 8.49315e-06 0)
(0.796556 8.26189e-06 0)
(0.796558 7.9784e-06 0)
(0.697332 6.81402e-06 0)
(0.697335 6.77987e-06 0)
(0.697337 6.73541e-06 0)
(0.697339 6.67703e-06 0)
(0.697342 6.61297e-06 0)
(0.697344 6.54311e-06 0)
(0.697346 6.47686e-06 0)
(0.697348 6.38781e-06 0)
(0.697351 6.26076e-06 0)
(0.697353 6.1306e-06 0)
(0.578278 4.39432e-06 0)
(0.57828 4.38172e-06 0)
(0.578282 4.36174e-06 0)
(0.578284 4.34106e-06 0)
(0.578287 4.31989e-06 0)
(0.578289 4.3095e-06 0)
(0.578291 4.3059e-06 0)
(0.578293 4.31084e-06 0)
(0.578295 4.27827e-06 0)
(0.578297 4.2893e-06 0)
(0.439376 2.32096e-06 0)
(0.439377 2.32037e-06 0)
(0.439379 2.31755e-06 0)
(0.439381 2.31959e-06 0)
(0.439383 2.32957e-06 0)
(0.439384 2.34951e-06 0)
(0.439386 2.39533e-06 0)
(0.439388 2.4702e-06 0)
(0.43939 2.51142e-06 0)
(0.439391 2.60041e-06 0)
(0.280627 8.41688e-07 0)
(0.280629 8.43229e-07 0)
(0.28063 8.4756e-07 0)
(0.280631 8.55435e-07 0)
(0.280632 8.73017e-07 0)
(0.280633 8.97097e-07 0)
(0.280634 9.68775e-07 0)
(0.280636 1.01962e-06 0)
(0.280637 1.12223e-06 0)
(0.280638 1.2541e-06 0)
(0.102035 5.42759e-08 0)
(0.102035 5.51951e-08 0)
(0.102036 5.46907e-08 0)
(0.102036 5.91522e-08 0)
(0.102037 7.10175e-08 0)
(0.102037 6.57041e-08 0)
(0.102038 7.50151e-08 0)
(0.102038 1.84096e-07 0)
(0.102039 1.04889e-07 0)
(0.10204 9.84835e-08 0)
)
;

boundaryField
{
    inlet
    {
        type            fixedProfile;
        profile         csvFile;
        profileCoeffs
        {
            nHeaderLine     0;
            refColumn       0;
            componentColumns 3(1 2 3);
            separator       ",";
            mergeSeparators 0;
            file            "0/Uprofile.csv";
        }
        direction       (0 1 0);
        origin          -1;
        value           nonuniform List<vector> 
20
(
(0.0975 0 0)
(0.2775 0 0)
(0.4375 0 0)
(0.5775 0 0)
(0.6975 0 0)
(0.7975 0 0)
(0.8775 0 0)
(0.9375 0 0)
(0.9775 0 0)
(0.9975 0 0)
(0.9975 0 0)
(0.9775 0 0)
(0.9375 0 0)
(0.8775 0 0)
(0.7975 0 0)
(0.6975 0 0)
(0.5775 0 0)
(0.4375 0 0)
(0.2775 0 0)
(0.0975 0 0)
)
;
    }
    outlet
    {
        type            zeroGradient;
    }
    upperWall
    {
        type            noSlip;
    }
    lowerWall
    {
        type            noSlip;
    }
    frontAndBack
    {
        type            empty;
    }
}


// ************************************************************************* //
