/*--------------------------------*- C++ -*----------------------------------*\
| =========                 |                                                 |
| \\      /  F ield         | OpenFOAM: The Open Source CFD Toolbox           |
|  \\    /   O peration     | Version:  2406                                  |
|   \\  /    A nd           | Website:  www.openfoam.com                      |
|    \\/     M anipulation  |                                                 |
\*---------------------------------------------------------------------------*/
FoamFile
{
    version     2.0;
    format      ascii;
    arch        "LSB;label=32;scalar=64";
    class       volVectorField;
    location    "32";
    object      U;
}
// * * * * * * * * * * * * * * * * * * * * * * * * * * * * * * * * * * * * * //

dimensions      [0 1 -1 0 0 0 0];

internalField   nonuniform List<vector> 
1800
(
(0.188048 -0.00168736 0)
(0.195422 -0.00165084 0)
(0.200338 -0.00128211 0)
(0.20422 -0.00133304 0)
(0.208851 -0.00164103 0)
(0.214865 -0.00221628 0)
(0.222986 -0.00333021 0)
(0.234776 -0.0056826 0)
(0.254946 -0.0130318 0)
(0.28195 -0.0458904 0)
(0.504413 -0.00386758 0)
(0.509375 -0.00661982 0)
(0.514858 -0.00704241 0)
(0.520011 -0.00787905 0)
(0.526892 -0.00968699 0)
(0.536142 -0.0126474 0)
(0.54822 -0.0174748 0)
(0.564108 -0.0256575 0)
(0.585395 -0.0403966 0)
(0.607964 -0.070981 0)
(0.745141 -0.00336848 0)
(0.748539 -0.00779657 0)
(0.7524 -0.0106269 0)
(0.755895 -0.01354 0)
(0.761167 -0.0173794 0)
(0.76867 -0.0226404 0)
(0.778244 -0.0301634 0)
(0.78979 -0.0413525 0)
(0.80282 -0.0584101 0)
(0.813989 -0.0850119 0)
(0.905646 -0.00300319 0)
(0.908283 -0.00814267 0)
(0.910741 -0.0125171 0)
(0.912025 -0.0170282 0)
(0.914318 -0.0224033 0)
(0.918037 -0.0291838 0)
(0.92266 -0.0380823 0)
(0.927562 -0.0500564 0)
(0.93175 -0.0661748 0)
(0.932976 -0.0873342 0)
(0.985813 -0.00270423 0)
(0.987816 -0.00778395 0)
(0.988999 -0.0126758 0)
(0.98815 -0.0178565 0)
(0.987385 -0.0238043 0)
(0.987094 -0.0309654 0)
(0.986607 -0.0398462 0)
(0.985155 -0.0509824 0)
(0.981793 -0.0647742 0)
(0.97505 -0.0812047 0)
(0.985745 -0.00217105 0)
(0.987151 -0.00653046 0)
(0.987106 -0.0111647 0)
(0.984346 -0.016204 0)
(0.980944 -0.0218429 0)
(0.977222 -0.028406 0)
(0.972453 -0.0362228 0)
(0.965884 -0.045538 0)
(0.956751 -0.0564183 0)
(0.9441 -0.068591 0)
(0.905446 -0.00125099 0)
(0.90636 -0.0043342 0)
(0.905296 -0.00821663 0)
(0.901114 -0.0125362 0)
(0.895867 -0.0172118 0)
(0.88975 -0.0224802 0)
(0.88202 -0.0285444 0)
(0.872015 -0.035473 0)
(0.859165 -0.0431938 0)
(0.842874 -0.0514215 0)
(0.744836 0.000271426 0)
(0.745651 -0.00125891 0)
(0.744284 -0.00432645 0)
(0.739708 -0.00766456 0)
(0.73387 -0.0109993 0)
(0.726821 -0.0145702 0)
(0.717879 -0.0185152 0)
(0.706542 -0.0228266 0)
(0.692446 -0.0274172 0)
(0.675272 -0.0320929 0)
(0.504094 0.00218466 0)
(0.506291 0.00177425 0)
(0.50619 -0.000808287 0)
(0.502799 -0.00308739 0)
(0.497987 -0.00492608 0)
(0.491848 -0.00670181 0)
(0.483937 -0.00854154 0)
(0.473986 -0.010437 0)
(0.461845 -0.0123506 0)
(0.44741 -0.0142028 0)
(0.18786 0.00131234 0)
(0.193619 0.000731298 0)
(0.195202 -5.13873e-05 0)
(0.194065 -0.000419152 0)
(0.191911 -0.000660452 0)
(0.188925 -0.000903514 0)
(0.184982 -0.00114313 0)
(0.180047 -0.0013596 0)
(0.174126 -0.00154963 0)
(0.16724 -0.00171231 0)
(-0.000308561 0.000298131 0)
(-0.00299863 0.00089769 0)
(-0.00733782 0.00116435 0)
(-0.0121305 0.00114091 0)
(-0.016386 0.00097549 0)
(-0.0196365 0.000744216 0)
(-0.0216934 0.000488066 0)
(-0.0225115 0.00022936 0)
(-0.0221283 -1.8861e-05 0)
(-0.0206333 -0.000247923 0)
(-0.0181491 -0.000451099 0)
(-0.0148205 -0.000623476 0)
(-0.0108056 -0.000761747 0)
(-0.00626741 -0.000864414 0)
(-0.00136707 -0.000931466 0)
(0.00374269 -0.000964452 0)
(0.00892234 -0.000966805 0)
(0.0140488 -0.000943381 0)
(0.0190179 -0.000899113 0)
(0.023746 -0.000839034 0)
(0.0281692 -0.000767938 0)
(0.0322429 -0.000690255 0)
(0.0359396 -0.000609778 0)
(0.0392469 -0.000529687 0)
(0.0421649 -0.000452428 0)
(0.0447041 -0.000379836 0)
(0.0468824 -0.000313109 0)
(0.0487233 -0.000252977 0)
(0.0502542 -0.000199708 0)
(0.051504 -0.000153286 0)
(0.0525025 -0.000113412 0)
(0.053279 -7.96545e-05 0)
(0.0538615 -5.14452e-05 0)
(0.0542763 -2.81926e-05 0)
(0.0545477 -9.25661e-06 0)
(-0.00102346 0.00307235 0)
(-0.00774739 0.00724202 0)
(-0.0171147 0.00894018 0)
(-0.0268483 0.00861695 0)
(-0.0350872 0.00708972 0)
(-0.0409366 0.00496226 0)
(-0.0440382 0.0026091 0)
(-0.0443382 0.000251763 0)
(-0.0419671 -0.00197783 0)
(-0.0371668 -0.00399742 0)
(-0.0302458 -0.00575408 0)
(-0.0215501 -0.00721559 0)
(-0.0114413 -0.00836648 0)
(-0.000280568 -0.00920548 0)
(0.0115843 -0.0097431 0)
(0.0238302 -0.0100008 0)
(0.0361656 -0.0100081 0)
(0.0483358 -0.00980016 0)
(0.0601264 -0.00941432 0)
(0.0713639 -0.0088886 0)
(0.081915 -0.00825979 0)
(0.0916843 -0.00756199 0)
(0.100611 -0.00682562 0)
(0.108664 -0.00607678 0)
(0.115838 -0.00533701 0)
(0.122151 -0.0046233 0)
(0.127636 -0.00394837 0)
(0.132338 -0.00332105 0)
(0.136311 -0.00274686 0)
(0.139617 -0.00222844 0)
(0.142317 -0.00176623 0)
(0.144474 -0.00135886 0)
(0.146151 -0.00100372 0)
(0.147405 -0.000697262 0)
(0.148292 -0.000435399 0)
(-0.00151313 0.00806475 0)
(-0.0106941 0.0170499 0)
(-0.0223439 0.0200072 0)
(-0.0335958 0.0186045 0)
(-0.0423006 0.0146283 0)
(-0.0475433 0.00938531 0)
(-0.0490381 0.003712 0)
(-0.0468492 -0.00188457 0)
(-0.041249 -0.00710365 0)
(-0.0326279 -0.0117634 0)
(-0.0214388 -0.0157569 0)
(-0.0081609 -0.0190288 0)
(0.00672711 -0.0215608 0)
(0.0227619 -0.0233661 0)
(0.039513 -0.0244823 0)
(0.0565875 -0.0249666 0)
(0.0736369 -0.0248899 0)
(0.0903611 -0.0243317 0)
(0.10651 -0.0233755 0)
(0.121881 -0.0221053 0)
(0.136321 -0.0206017 0)
(0.149718 -0.0189392 0)
(0.162003 -0.0171846 0)
(0.173139 -0.015396 0)
(0.18312 -0.0136214 0)
(0.191966 -0.0118999 0)
(0.199715 -0.010261 0)
(0.206422 -0.00872629 0)
(0.212153 -0.00730991 0)
(0.21698 -0.00601976 0)
(0.220981 -0.00485853 0)
(0.224235 -0.00382484 0)
(0.226818 -0.0029141 0)
(0.228807 -0.00211946 0)
(0.230272 -0.00143248 0)
(-0.00179205 0.0143557 0)
(-0.0118515 0.0284194 0)
(-0.0233041 0.0318245 0)
(-0.0330578 0.0282473 0)
(-0.0391231 0.020766 0)
(-0.0409024 0.0114973 0)
(-0.0384027 0.00176964 0)
(-0.0319252 -0.00762689 0)
(-0.021926 -0.0162346 0)
(-0.00893654 -0.0237913 0)
(0.0064876 -0.0301582 0)
(0.0237947 -0.0352783 0)
(0.042463 -0.0391536 0)
(0.0620085 -0.04183 0)
(0.0819936 -0.0433875 0)
(0.102031 -0.0439309 0)
(0.121786 -0.0435819 0)
(0.140978 -0.0424722 0)
(0.159377 -0.0407371 0)
(0.176803 -0.0385099 0)
(0.193122 -0.0359176 0)
(0.208241 -0.0330771 0)
(0.222106 -0.0300928 0)
(0.234692 -0.0270553 0)
(0.246003 -0.0240405 0)
(0.256068 -0.02111 0)
(0.264931 -0.0183114 0)
(0.272651 -0.0156799 0)
(0.279297 -0.0132392 0)
(0.284945 -0.0110034 0)
(0.289675 -0.00897843 0)
(0.29357 -0.00716355 0)
(0.296709 -0.00555287 0)
(0.299173 -0.00413658 0)
(0.301037 -0.0029021 0)
(-0.00197194 0.0209856 0)
(-0.011464 0.0391429 0)
(-0.0201503 0.0414267 0)
(-0.0253057 0.0343099 0)
(-0.0256665 0.0224102 0)
(-0.0212852 0.00863442 0)
(-0.0126318 -0.00529212 0)
(-0.000305955 -0.0183956 0)
(0.0150468 -0.0301336 0)
(0.0327922 -0.0402247 0)
(0.0523328 -0.0485445 0)
(0.0731184 -0.0550693 0)
(0.0946535 -0.059846 0)
(0.1165 -0.0629719 0)
(0.138279 -0.0645819 0)
(0.159666 -0.0648365 0)
(0.180397 -0.0639125 0)
(0.200254 -0.0619947 0)
(0.219073 -0.0592684 0)
(0.236731 -0.0559129 0)
(0.253146 -0.0520968 0)
(0.268269 -0.0479736 0)
(0.282082 -0.0436799 0)
(0.29459 -0.0393333 0)
(0.305821 -0.0350321 0)
(0.315815 -0.0308562 0)
(0.324629 -0.0268674 0)
(0.332327 -0.0231114 0)
(0.33898 -0.0196196 0)
(0.344662 -0.0164106 0)
(0.349452 -0.0134928 0)
(0.353425 -0.0108656 0)
(0.356658 -0.00852194 0)
(0.359224 -0.00644933 0)
(0.361194 -0.00463154 0)
(-0.00206511 0.0272764 0)
(-0.00936731 0.0471033 0)
(-0.0121878 0.0458034 0)
(-0.00920849 0.0336083 0)
(-0.000680009 0.0166818 0)
(0.0123847 -0.00154314 0)
(0.0289988 -0.0191992 0)
(0.0482834 -0.0352942 0)
(0.0694809 -0.0493285 0)
(0.091949 -0.061083 0)
(0.115141 -0.0705003 0)
(0.138592 -0.0776244 0)
(0.161909 -0.0825681 0)
(0.184766 -0.085493 0)
(0.206896 -0.0865947 0)
(0.228091 -0.0860908 0)
(0.24819 -0.0842113 0)
(0.267079 -0.0811891 0)
(0.284683 -0.0772525 0)
(0.300963 -0.0726186 0)
(0.315908 -0.0674884 0)
(0.329528 -0.0620429 0)
(0.341855 -0.0564408 0)
(0.352935 -0.050818 0)
(0.362823 -0.0452868 0)
(0.371583 -0.0399377 0)
(0.379283 -0.0348403 0)
(0.385995 -0.0300454 0)
(0.391791 -0.0255874 0)
(0.396742 -0.0214863 0)
(0.400918 -0.0177503 0)
(0.40439 -0.0143778 0)
(0.407221 -0.0113594 0)
(0.409475 -0.00867966 0)
(0.411211 -0.00631899 0)
(-0.00191754 0.0328031 0)
(-0.0042236 0.0497046 0)
(0.00325942 0.0412638 0)
(0.0186511 0.0226323 0)
(0.0392326 0.00080045 0)
(0.0629865 -0.0209977 0)
(0.0885721 -0.0411341 0)
(0.115033 -0.0588273 0)
(0.14169 -0.0737617 0)
(0.168052 -0.0858606 0)
(0.193752 -0.0951748 0)
(0.21851 -0.101834 0)
(0.242112 -0.106025 0)
(0.264402 -0.10797 0)
(0.285274 -0.107922 0)
(0.304663 -0.106147 0)
(0.322544 -0.102918 0)
(0.338921 -0.0985067 0)
(0.353825 -0.0931712 0)
(0.367308 -0.0871544 0)
(0.379436 -0.0806775 0)
(0.390285 -0.0739365 0)
(0.399939 -0.0671012 0)
(0.408483 -0.0603144 0)
(0.416004 -0.0536926 0)
(0.422584 -0.047328 0)
(0.428306 -0.0412901 0)
(0.433244 -0.0356283 0)
(0.437471 -0.0303747 0)
(0.441053 -0.0255464 0)
(0.44405 -0.0211481 0)
(0.446521 -0.0171749 0)
(0.448517 -0.0136135 0)
(0.450086 -0.0104451 0)
(0.451272 -0.00764628 0)
(-0.000963334 0.0362524 0)
(0.00831513 0.042159 0)
(0.0330102 0.0227042 0)
(0.0656071 -0.00241718 0)
(0.100549 -0.0275597 0)
(0.13545 -0.0507744 0)
(0.169285 -0.0711516 0)
(0.201499 -0.0883417 0)
(0.231787 -0.1023 0)
(0.260009 -0.113115 0)
(0.286106 -0.120941 0)
(0.310066 -0.125977 0)
(0.331909 -0.128461 0)
(0.351681 -0.128662 0)
(0.369456 -0.126867 0)
(0.385328 -0.123375 0)
(0.399409 -0.118485 0)
(0.411823 -0.112487 0)
(0.422703 -0.105656 0)
(0.432186 -0.0982453 0)
(0.440408 -0.0904809 0)
(0.447501 -0.0825606 0)
(0.453593 -0.0746525 0)
(0.4588 -0.0668953 0)
(0.46323 -0.0593996 0)
(0.46698 -0.0522505 0)
(0.470136 -0.0455098 0)
(0.472773 -0.0392193 0)
(0.474957 -0.0334036 0)
(0.476745 -0.0280727 0)
(0.478186 -0.0232251 0)
(0.479321 -0.0188499 0)
(0.480187 -0.014929 0)
(0.480814 -0.011439 0)
(0.48123 -0.00835255 0)
(0.00816268 0.0243435 0)
(0.0422645 0.0115789 0)
(0.092493 -0.0176913 0)
(0.144934 -0.0450702 0)
(0.192794 -0.0689864 0)
(0.235579 -0.0896853 0)
(0.273847 -0.107119 0)
(0.307951 -0.121271 0)
(0.338185 -0.132237 0)
(0.364852 -0.140162 0)
(0.388237 -0.145224 0)
(0.4086 -0.147635 0)
(0.426186 -0.147644 0)
(0.44123 -0.145527 0)
(0.453967 -0.141582 0)
(0.464629 -0.136116 0)
(0.473446 -0.12943 0)
(0.48064 -0.121818 0)
(0.486425 -0.113551 0)
(0.491001 -0.104876 0)
(0.494555 -0.0960086 0)
(0.497254 -0.0871365 0)
(0.49925 -0.0784135 0)
(0.500675 -0.0699639 0)
(0.501644 -0.0618838 0)
(0.502252 -0.0542437 0)
(0.50258 -0.0470919 0)
(0.502694 -0.0404575 0)
(0.502645 -0.0343539 0)
(0.502476 -0.0287812 0)
(0.502218 -0.0237294 0)
(0.501894 -0.0191805 0)
(0.501523 -0.0151105 0)
(0.501115 -0.0114913 0)
(0.50068 -0.00829173 0)
(0.0773978 -0.0328109 0)
(0.144732 -0.061071 0)
(0.213074 -0.0836635 0)
(0.27407 -0.102196 0)
(0.324117 -0.118066 0)
(0.365633 -0.131891 0)
(0.400753 -0.143497 0)
(0.430492 -0.152625 0)
(0.455477 -0.159174 0)
(0.476247 -0.163162 0)
(0.493281 -0.164693 0)
(0.506997 -0.163932 0)
(0.517778 -0.1611 0)
(0.525979 -0.156456 0)
(0.531941 -0.150282 0)
(0.535984 -0.142872 0)
(0.538412 -0.134514 0)
(0.539508 -0.125483 0)
(0.539529 -0.116034 0)
(0.538707 -0.10639 0)
(0.537249 -0.0967475 0)
(0.535331 -0.0872687 0)
(0.533105 -0.0780852 0)
(0.530697 -0.069299 0)
(0.528208 -0.0609849 0)
(0.525721 -0.0531943 0)
(0.523294 -0.0459581 0)
(0.520975 -0.0392902 0)
(0.518794 -0.0331909 0)
(0.51677 -0.0276494 0)
(0.514913 -0.0226466 0)
(0.513225 -0.0181575 0)
(0.511704 -0.0141522 0)
(0.510342 -0.0105985 0)
(0.509129 -0.00746217 0)
(0.354463 -0.115261 0)
(0.382665 -0.133533 0)
(0.416681 -0.142637 0)
(0.454693 -0.151057 0)
(0.488297 -0.159023 0)
(0.516307 -0.166103 0)
(0.539486 -0.171854 0)
(0.558244 -0.175879 0)
(0.572867 -0.177938 0)
(0.583721 -0.177956 0)
(0.59122 -0.17598 0)
(0.595774 -0.172142 0)
(0.597781 -0.166637 0)
(0.59763 -0.159704 0)
(0.595691 -0.151603 0)
(0.592317 -0.142604 0)
(0.587832 -0.132971 0)
(0.582531 -0.12295 0)
(0.576676 -0.112764 0)
(0.570495 -0.102607 0)
(0.564179 -0.0926424 0)
(0.557887 -0.0830015 0)
(0.551746 -0.0737869 0)
(0.545855 -0.0650736 0)
(0.540284 -0.0569125 0)
(0.535084 -0.0493336 0)
(0.530288 -0.0423496 0)
(0.525909 -0.0359592 0)
(0.52195 -0.03015 0)
(0.518406 -0.0249011 0)
(0.51526 -0.0201857 0)
(0.512492 -0.0159726 0)
(0.510078 -0.0122279 0)
(0.507991 -0.0089164 0)
(0.506204 -0.0060022 0)
(0.624549 -0.119711 0)
(0.626377 -0.14883 0)
(0.63151 -0.163585 0)
(0.642246 -0.172743 0)
(0.653459 -0.179045 0)
(0.66272 -0.183181 0)
(0.669538 -0.185448 0)
(0.673691 -0.18592 0)
(0.675074 -0.184592 0)
(0.673786 -0.1815 0)
(0.670077 -0.176748 0)
(0.664267 -0.170502 0)
(0.656704 -0.162966 0)
(0.647746 -0.154377 0)
(0.637743 -0.144982 0)
(0.627026 -0.135025 0)
(0.615896 -0.12474 0)
(0.604622 -0.114339 0)
(0.593431 -0.104006 0)
(0.582513 -0.0938995 0)
(0.572017 -0.0841446 0)
(0.56206 -0.0748392 0)
(0.552724 -0.0660542 0)
(0.544061 -0.057837 0)
(0.536104 -0.0502147 0)
(0.52886 -0.0431972 0)
(0.522324 -0.0367809 0)
(0.516477 -0.0309514 0)
(0.51129 -0.0256861 0)
(0.506728 -0.0209566 0)
(0.502751 -0.0167307 0)
(0.499316 -0.0129736 0)
(0.496379 -0.00964962 0)
(0.493896 -0.00672254 0)
(0.491825 -0.00415675 0)
(0.816714 -0.119004 0)
(0.80932 -0.145163 0)
(0.799722 -0.161716 0)
(0.791895 -0.172276 0)
(0.784794 -0.178797 0)
(0.77709 -0.182104 0)
(0.768264 -0.182804 0)
(0.758053 -0.181331 0)
(0.746304 -0.177967 0)
(0.733037 -0.172936 0)
(0.718421 -0.166461 0)
(0.702718 -0.158776 0)
(0.686227 -0.150125 0)
(0.66926 -0.140751 0)
(0.652123 -0.13089 0)
(0.635097 -0.120764 0)
(0.618431 -0.110572 0)
(0.602335 -0.100488 0)
(0.586978 -0.0906559 0)
(0.572487 -0.0811928 0)
(0.558952 -0.0721875 0)
(0.54643 -0.0637039 0)
(0.534946 -0.0557834 0)
(0.524502 -0.0484484 0)
(0.515082 -0.0417054 0)
(0.50665 -0.0355483 0)
(0.499162 -0.0299609 0)
(0.492566 -0.0249197 0)
(0.486802 -0.0203959 0)
(0.481811 -0.0163572 0)
(0.477529 -0.0127692 0)
(0.473896 -0.00959683 0)
(0.470852 -0.00680487 0)
(0.468338 -0.00435881 0)
(0.4663 -0.00222518 0)
(0.927637 -0.111692 0)
(0.91468 -0.132762 0)
(0.897472 -0.147885 0)
(0.878981 -0.157938 0)
(0.85981 -0.163973 0)
(0.83978 -0.16662 0)
(0.818865 -0.166436 0)
(0.797127 -0.163938 0)
(0.774637 -0.159546 0)
(0.751532 -0.153608 0)
(0.728031 -0.146435 0)
(0.704401 -0.138315 0)
(0.680924 -0.129516 0)
(0.657876 -0.120278 0)
(0.635509 -0.110821 0)
(0.614042 -0.101333 0)
(0.593652 -0.0919755 0)
(0.574476 -0.0828803 0)
(0.556607 -0.074151 0)
(0.540103 -0.0658654 0)
(0.524984 -0.0580779 0)
(0.511242 -0.0508226 0)
(0.498848 -0.0441165 0)
(0.487753 -0.0379623 0)
(0.477893 -0.032352 0)
(0.469197 -0.0272683 0)
(0.461586 -0.0226881 0)
(0.454981 -0.0185836 0)
(0.449299 -0.0149242 0)
(0.444459 -0.0116774 0)
(0.440385 -0.0088106 0)
(0.437001 -0.00629097 0)
(0.434238 -0.00408668 0)
(0.432028 -0.00216689 0)
(0.430311 -0.000502309 0)
(0.963033 -0.0989528 0)
(0.945075 -0.114855 0)
(0.922633 -0.126893 0)
(0.897545 -0.134978 0)
(0.870757 -0.1396 0)
(0.842684 -0.141198 0)
(0.8137 -0.14022 0)
(0.784173 -0.137137 0)
(0.754428 -0.132385 0)
(0.72477 -0.126344 0)
(0.695506 -0.119346 0)
(0.666931 -0.111684 0)
(0.639318 -0.103609 0)
(0.612901 -0.095339 0)
(0.58787 -0.087054 0)
(0.564369 -0.0789013 0)
(0.542499 -0.0709979 0)
(0.522315 -0.0634326 0)
(0.503835 -0.0562705 0)
(0.487043 -0.0495552 0)
(0.471899 -0.0433128 0)
(0.458339 -0.0375545 0)
(0.446284 -0.0322799 0)
(0.435645 -0.0274796 0)
(0.426325 -0.023137 0)
(0.418225 -0.0192305 0)
(0.411245 -0.015735 0)
(0.405286 -0.0126232 0)
(0.400253 -0.00986676 0)
(0.396055 -0.00743691 0)
(0.392607 -0.00530523 0)
(0.389828 -0.00344401 0)
(0.387645 -0.00182665 0)
(0.385988 -0.00042782 0)
(0.384797 0.000776306 0)
(0.926919 -0.0811211 0)
(0.904862 -0.0923074 0)
(0.878674 -0.100841 0)
(0.849545 -0.106414 0)
(0.818412 -0.109247 0)
(0.785946 -0.109663 0)
(0.752743 -0.108026 0)
(0.719353 -0.104739 0)
(0.686255 -0.100189 0)
(0.653853 -0.0947193 0)
(0.622494 -0.0886233 0)
(0.59247 -0.0821477 0)
(0.564011 -0.0754958 0)
(0.537288 -0.0688321 0)
(0.512416 -0.0622852 0)
(0.489458 -0.0559535 0)
(0.468435 -0.0499087 0)
(0.44933 -0.0442016 0)
(0.432093 -0.038864 0)
(0.416653 -0.033914 0)
(0.402921 -0.0293576 0)
(0.390794 -0.0251922 0)
(0.380163 -0.0214078 0)
(0.370914 -0.0179899 0)
(0.362935 -0.0149199 0)
(0.356112 -0.0121771 0)
(0.350337 -0.00973919 0)
(0.345507 -0.00758327 0)
(0.341524 -0.00568611 0)
(0.338298 -0.00402517 0)
(0.335744 -0.00257819 0)
(0.333783 -0.00132421 0)
(0.332346 -0.00024292 0)
(0.331368 0.00068436 0)
(0.330791 0.00147547 0)
(0.822623 -0.0595348 0)
(0.798316 -0.0665895 0)
(0.770489 -0.0718117 0)
(0.740041 -0.0749531 0)
(0.707857 -0.07614 0)
(0.674697 -0.0756273 0)
(0.64124 -0.0737122 0)
(0.608087 -0.07071 0)
(0.575737 -0.0669214 0)
(0.544589 -0.0626059 0)
(0.514948 -0.0579766 0)
(0.48704 -0.0532041 0)
(0.461017 -0.0484221 0)
(0.436964 -0.0437317 0)
(0.414917 -0.0392076 0)
(0.394863 -0.0349017 0)
(0.376756 -0.0308488 0)
(0.360526 -0.0270694 0)
(0.346078 -0.0235739 0)
(0.33331 -0.020364 0)
(0.322106 -0.0174357 0)
(0.31235 -0.0147803 0)
(0.303922 -0.0123861 0)
(0.296706 -0.010239 0)
(0.290589 -0.00832369 0)
(0.285462 -0.00662387 0)
(0.281223 -0.00512319 0)
(0.277776 -0.00380502 0)
(0.275032 -0.00265343 0)
(0.27291 -0.00165263 0)
(0.271334 -0.000787868 0)
(0.270237 -4.48045e-05 0)
(0.269557 0.000589698 0)
(0.269239 0.00112826 0)
(0.269234 0.0015823 0)
(0.65482 -0.0364997 0)
(0.631196 -0.0401517 0)
(0.604904 -0.0426559 0)
(0.576712 -0.043894 0)
(0.547421 -0.0439716 0)
(0.517755 -0.0430812 0)
(0.488337 -0.0414339 0)
(0.459685 -0.0392372 0)
(0.432201 -0.0366776 0)
(0.406181 -0.0339081 0)
(0.381823 -0.0310475 0)
(0.359249 -0.0281849 0)
(0.338515 -0.0253859 0)
(0.319628 -0.0226967 0)
(0.302555 -0.0201482 0)
(0.287235 -0.0177594 0)
(0.273584 -0.0155407 0)
(0.261506 -0.0134958 0)
(0.250897 -0.0116238 0)
(0.241647 -0.00992068 0)
(0.233646 -0.00837997 0)
(0.226786 -0.00699365 0)
(0.22096 -0.00575284 0)
(0.216068 -0.00464791 0)
(0.212013 -0.00366914 0)
(0.208705 -0.00280658 0)
(0.206061 -0.0020506 0)
(0.204004 -0.00139166 0)
(0.202463 -0.000820717 0)
(0.201372 -0.000328982 0)
(0.200675 9.16952e-05 0)
(0.200318 0.000449163 0)
(0.200253 0.000750595 0)
(0.200439 0.00100283 0)
(0.200839 0.00121208 0)
(0.430692 -0.0158461 0)
(0.411909 -0.0170899 0)
(0.391526 -0.0177952 0)
(0.370159 -0.0179475 0)
(0.348429 -0.0176279 0)
(0.326871 -0.0169467 0)
(0.305919 -0.0160084 0)
(0.285901 -0.0149049 0)
(0.267047 -0.0137119 0)
(0.249503 -0.0124875 0)
(0.233347 -0.0112725 0)
(0.218603 -0.0100954 0)
(0.205259 -0.0089747 0)
(0.193272 -0.00792218 0)
(0.182583 -0.00694371 0)
(0.173117 -0.00604184 0)
(0.164794 -0.00521608 0)
(0.157531 -0.00446473 0)
(0.15124 -0.00378457 0)
(0.145838 -0.00317218 0)
(0.141244 -0.00262333 0)
(0.137379 -0.00213399 0)
(0.134168 -0.00169968 0)
(0.131542 -0.00131633 0)
(0.129437 -0.000979575 0)
(0.127791 -0.00068557 0)
(0.126549 -0.000430237 0)
(0.125662 -0.000210078 0)
(0.125082 -2.13852e-05 0)
(0.124769 0.000138953 0)
(0.124685 0.000274249 0)
(0.124796 0.000387201 0)
(0.125073 0.000480704 0)
(0.125489 0.00055708 0)
(0.126021 0.00061883 0)
(0.159458 -0.00183444 0)
(0.150937 -0.00189319 0)
(0.141931 -0.00187621 0)
(0.132738 -0.00179344 0)
(0.123632 -0.00166724 0)
(0.114828 -0.00151802 0)
(0.106477 -0.00136024 0)
(0.0986798 -0.00120372 0)
(0.0914921 -0.00105463 0)
(0.0849366 -0.000915989 0)
(0.0790121 -0.000788936 0)
(0.073701 -0.00067371 0)
(0.0689755 -0.00057021 0)
(0.0648009 -0.000478002 0)
(0.0611388 -0.000396423 0)
(0.0579494 -0.000324584 0)
(0.0551928 -0.000261554 0)
(0.0528304 -0.000206386 0)
(0.0508247 -0.000158248 0)
(0.0491406 -0.000116372 0)
(0.0477449 -8.01133e-05 0)
(0.0466064 -4.88762e-05 0)
(0.0456965 -2.21573e-05 0)
(0.0449885 5.23608e-07 0)
(0.0444579 1.95773e-05 0)
(0.0440825 3.54047e-05 0)
(0.0438419 4.83485e-05 0)
(0.0437177 5.87474e-05 0)
(0.0436932 6.68936e-05 0)
(0.0437535 7.30821e-05 0)
(0.0438854 7.75622e-05 0)
(0.0440772 8.05886e-05 0)
(0.0443184 8.23799e-05 0)
(0.0446 8.31575e-05 0)
(0.0449143 8.31095e-05 0)
(0.0546974 5.95981e-06 0)
(0.0547452 1.805e-05 0)
(0.054708 2.75324e-05 0)
(0.0546007 3.49025e-05 0)
(0.0544361 4.05844e-05 0)
(0.0542249 4.49766e-05 0)
(0.0539759 4.84038e-05 0)
(0.0536963 5.11684e-05 0)
(0.0533916 5.35146e-05 0)
(0.053066 5.5671e-05 0)
(0.148864 -0.000213735 0)
(0.149165 -2.77863e-05 0)
(0.149237 0.000126852 0)
(0.149117 0.000254406 0)
(0.148836 0.000358892 0)
(0.148421 0.000444054 0)
(0.147895 0.000513346 0)
(0.147278 0.000569937 0)
(0.146585 0.000616713 0)
(0.145827 0.000656317 0)
(0.231281 -0.000843767 0)
(0.231895 -0.000343461 0)
(0.232169 7.84e-05 0)
(0.232154 0.000431561 0)
(0.231894 0.000725397 0)
(0.231427 0.000968808 0)
(0.230786 0.00117013 0)
(0.229999 0.00133712 0)
(0.229088 0.00147695 0)
(0.228074 0.00159624 0)
(0.302371 -0.00183505 0)
(0.303243 -0.000919988 0)
(0.303712 -0.000141062 0)
(0.303834 0.000517497 0)
(0.303659 0.00107105 0)
(0.303229 0.00153437 0)
(0.302582 0.00192145 0)
(0.301751 0.00224548 0)
(0.300764 0.00251876 0)
(0.299641 0.00275281 0)
(0.362636 -0.00304976 0)
(0.363609 -0.00168361 0)
(0.364174 -0.000511905 0)
(0.36438 0.000486662 0)
(0.364277 0.00133303 0)
(0.363906 0.00204747 0)
(0.363304 0.00264944 0)
(0.362504 0.00315738 0)
(0.361532 0.00358869 0)
(0.360412 0.0039598 0)
(0.412485 -0.00425463 0)
(0.413347 -0.00246197 0)
(0.413847 -0.000915411 0)
(0.414027 0.000410964 0)
(0.413927 0.00154274 0)
(0.413583 0.00250483 0)
(0.413025 0.00332123 0)
(0.412283 0.00401487 0)
(0.411379 0.00460757 0)
(0.410334 0.00512006 0)
(0.452115 -0.00519071 0)
(0.452653 -0.00305018 0)
(0.45292 -0.00119557 0)
(0.452946 0.000402571 0)
(0.452759 0.00177335 0)
(0.452384 0.00294512 0)
(0.451844 0.00394524 0)
(0.451158 0.00479998 0)
(0.450343 0.00553447 0)
(0.449414 0.00617273 0)
(0.481457 -0.00564004 0)
(0.481515 -0.00327025 0)
(0.481424 -0.00121133 0)
(0.481199 0.000568634 0)
(0.480853 0.00210106 0)
(0.4804 0.00341648 0)
(0.479851 0.0045443 0)
(0.479214 0.00551285 0)
(0.478499 0.00634928 0)
(0.477712 0.00707972 0)
(0.500223 -0.00547922 0)
(0.499747 -0.00302024 0)
(0.499254 -0.000881153 0)
(0.498745 0.000971398 0)
(0.498219 0.00256993 0)
(0.497677 0.00394586 0)
(0.497117 0.00512941 0)
(0.49654 0.00614964 0)
(0.495944 0.00703448 0)
(0.495328 0.00781086 0)
(0.508053 -0.00470847 0)
(0.5071 -0.00230254 0)
(0.506257 -0.000209977 0)
(0.505511 0.00160286 0)
(0.504848 0.00316835 0)
(0.504257 0.00451762 0)
(0.503727 0.00568051 0)
(0.503246 0.00668561 0)
(0.502807 0.00756045 0)
(0.502402 0.00833159 0)
(0.504687 -0.00344975 0)
(0.503415 -0.00122413 0)
(0.502358 0.000708612 0)
(0.501493 0.00238104 0)
(0.500795 0.00382429 0)
(0.500243 0.00506806 0)
(0.499817 0.0061407 0)
(0.4995 0.00706931 0)
(0.499275 0.00787994 0)
(0.499128 0.00859777 0)
(0.490122 -0.00191756 0)
(0.48875 2.85396e-05 0)
(0.48767 0.00171351 0)
(0.486848 0.00316768 0)
(0.486253 0.00441981 0)
(0.485855 0.00549718 0)
(0.48563 0.00642569 0)
(0.485554 0.00723002 0)
(0.485606 0.00793388 0)
(0.48577 0.00856017 0)
(0.464687 -0.000371966 0)
(0.463451 0.00123129 0)
(0.462548 0.0026132 0)
(0.461939 0.0038008 0)
(0.461585 0.00481951 0)
(0.461456 0.00569332 0)
(0.461522 0.00644486 0)
(0.461757 0.0070957 0)
(0.46214 0.00766645 0)
(0.46265 0.00817715 0)
(0.42903 0.000934871 0)
(0.428134 0.00217055 0)
(0.427576 0.00322917 0)
(0.427314 0.00413348 0)
(0.42731 0.00490487 0)
(0.427531 0.00556329 0)
(0.427946 0.00612764 0)
(0.428531 0.00661575 0)
(0.429263 0.00704481 0)
(0.430124 0.0074314 0)
(0.384013 0.001808 0)
(0.383588 0.00268807 0)
(0.383473 0.00343592 0)
(0.383629 0.00406956 0)
(0.38402 0.0046058 0)
(0.384614 0.0050603 0)
(0.385383 0.00544782 0)
(0.386304 0.00578233 0)
(0.387358 0.00607723 0)
(0.388528 0.00634556 0)
(0.330562 0.00214666 0)
(0.330636 0.00271343 0)
(0.330971 0.00318972 0)
(0.33153 0.00358883 0)
(0.332283 0.00392275 0)
(0.333201 0.004203 0)
(0.334261 0.00444005 0)
(0.335444 0.00464418 0)
(0.336734 0.00482491 0)
(0.338118 0.00499187 0)
(0.269498 0.00196276 0)
(0.269992 0.00227941 0)
(0.270683 0.0025416 0)
(0.27154 0.00275763 0)
(0.272539 0.00293554 0)
(0.273657 0.00308247 0)
(0.274877 0.00320545 0)
(0.276185 0.00331085 0)
(0.277569 0.0034051 0)
(0.279021 0.00349418 0)
(0.20142 0.00138423 0)
(0.202153 0.00152453 0)
(0.203013 0.00163799 0)
(0.20398 0.00172908 0)
(0.205035 0.00180207 0)
(0.206164 0.00186081 0)
(0.207355 0.00190903 0)
(0.208597 0.00195017 0)
(0.209886 0.00198767 0)
(0.211215 0.00202476 0)
(0.12665 0.000667902 0)
(0.127358 0.000706435 0)
(0.12813 0.00073605 0)
(0.128955 0.000758578 0)
(0.129821 0.000775382 0)
(0.13072 0.000788051 0)
(0.131647 0.000797771 0)
(0.132597 0.000805973 0)
(0.133566 0.000813756 0)
(0.134555 0.000822492 0)
(0.0452544 8.2426e-05 0)
(0.0456147 8.12664e-05 0)
(0.0459906 7.97922e-05 0)
(0.046378 7.81374e-05 0)
(0.0467739 7.64386e-05 0)
(0.047176 7.48061e-05 0)
(0.0475826 7.33576e-05 0)
(0.0479928 7.21895e-05 0)
(0.0484062 7.14036e-05 0)
(0.0488231 7.10881e-05 0)
(0.0527224 5.78179e-05 0)
(0.0523626 6.01324e-05 0)
(0.0519871 6.27554e-05 0)
(0.0515957 6.58324e-05 0)
(0.051187 6.94823e-05 0)
(0.0507588 7.38372e-05 0)
(0.0503078 7.90094e-05 0)
(0.0498301 8.51304e-05 0)
(0.0493206 9.2316e-05 0)
(0.0487733 0.000100705 0)
(0.0481815 0.00011042 0)
(0.0475371 0.000121608 0)
(0.0468312 0.000134395 0)
(0.0460539 0.000148927 0)
(0.0451941 0.000165316 0)
(0.0442397 0.000183685 0)
(0.0431776 0.000204103 0)
(0.0419935 0.000226625 0)
(0.0406727 0.000251226 0)
(0.0391995 0.000277841 0)
(0.0375578 0.000306298 0)
(0.0357313 0.000336387 0)
(0.0337038 0.000367835 0)
(0.031459 0.000400456 0)
(0.0289808 0.000434236 0)
(0.0262526 0.000469538 0)
(0.0232576 0.000507007 0)
(0.0199806 0.000546949 0)
(0.0164168 0.000587095 0)
(0.0125945 0.000617921 0)
(0.008622 0.000615175 0)
(0.0047644 0.000531501 0)
(0.00153073 0.000294343 0)
(-0.000370673 -0.000136147 0)
(-0.000469299 -0.000488285 0)
(0.145014 0.000691162 0)
(0.144151 0.000723482 0)
(0.143241 0.000755355 0)
(0.142285 0.000788752 0)
(0.141281 0.000825555 0)
(0.140225 0.000867609 0)
(0.139109 0.000916732 0)
(0.137925 0.000974763 0)
(0.13666 0.00104356 0)
(0.135301 0.00112505 0)
(0.133831 0.0012212 0)
(0.132231 0.00133407 0)
(0.130478 0.00146575 0)
(0.128546 0.00161841 0)
(0.126408 0.00179424 0)
(0.124032 0.00199539 0)
(0.121383 0.00222396 0)
(0.118422 0.00248189 0)
(0.115108 0.00277088 0)
(0.111397 0.00309227 0)
(0.107241 0.00344701 0)
(0.102589 0.00383558 0)
(0.0973886 0.0042581 0)
(0.0915862 0.00471453 0)
(0.0851257 0.00520485 0)
(0.0779508 0.00572869 0)
(0.0700077 0.0062827 0)
(0.0612535 0.00685245 0)
(0.0516777 0.00739369 0)
(0.0413511 0.00779848 0)
(0.0305167 0.00784962 0)
(0.0197301 0.00719266 0)
(0.0100291 0.00540805 0)
(0.002985 0.00240475 0)
(-9.33969e-05 -0.000423658 0)
(0.226968 0.00170113 0)
(0.225782 0.00179734 0)
(0.224521 0.00189025 0)
(0.223187 0.001985 0)
(0.22178 0.00208651 0)
(0.220295 0.00219965 0)
(0.218723 0.00232924 0)
(0.217052 0.00248014 0)
(0.215268 0.00265735 0)
(0.21335 0.00286602 0)
(0.211276 0.00311151 0)
(0.209018 0.00339944 0)
(0.206545 0.00373566 0)
(0.20382 0.00412631 0)
(0.200801 0.00457775 0)
(0.197442 0.00509652 0)
(0.193691 0.00568922 0)
(0.189488 0.00636247 0)
(0.184769 0.00712262 0)
(0.179462 0.00797568 0)
(0.17349 0.00892707 0)
(0.166768 0.0099815 0)
(0.159203 0.0111429 0)
(0.150699 0.0124142 0)
(0.141149 0.0137974 0)
(0.130448 0.0152907 0)
(0.118486 0.0168816 0)
(0.105169 0.0185282 0)
(0.09044 0.0201185 0)
(0.0743368 0.0213977 0)
(0.0571015 0.0218717 0)
(0.0393591 0.0207376 0)
(0.02241 0.0170011 0)
(0.00865192 0.0101651 0)
(0.000640667 0.0021562 0)
(0.298401 0.0029584 0)
(0.297057 0.00314564 0)
(0.295616 0.00332414 0)
(0.294084 0.00350312 0)
(0.292459 0.00369153 0)
(0.290739 0.00389819 0)
(0.288914 0.00413192 0)
(0.286972 0.00440168 0)
(0.284896 0.00471668 0)
(0.282664 0.00508648 0)
(0.28025 0.00552111 0)
(0.277622 0.00603115 0)
(0.274742 0.00662779 0)
(0.271567 0.00732286 0)
(0.268047 0.00812888 0)
(0.264125 0.00905902 0)
(0.259736 0.010127 0)
(0.254805 0.0113472 0)
(0.24925 0.012734 0)
(0.242976 0.0143021 0)
(0.235879 0.0160662 0)
(0.227842 0.0180405 0)
(0.218734 0.0202385 0)
(0.208411 0.0226727 0)
(0.196713 0.0253532 0)
(0.183469 0.0282833 0)
(0.168494 0.0314474 0)
(0.151603 0.0347813 0)
(0.132628 0.0381089 0)
(0.111473 0.0410242 0)
(0.0882221 0.0427185 0)
(0.0633583 0.0418067 0)
(0.0382569 0.0363698 0)
(0.0162503 0.0247574 0)
(0.00164728 0.00826664 0)
(0.359163 0.00428622 0)
(0.357796 0.00458264 0)
(0.356323 0.00486315 0)
(0.354748 0.00514135 0)
(0.353072 0.00543054 0)
(0.351292 0.00574392 0)
(0.349399 0.00609478 0)
(0.347383 0.00649667 0)
(0.345224 0.00696361 0)
(0.342903 0.00751026 0)
(0.340391 0.00815208 0)
(0.337654 0.00890551 0)
(0.334655 0.00978814 0)
(0.331345 0.0108188 0)
(0.327671 0.0120176 0)
(0.32357 0.0134064 0)
(0.318969 0.0150082 0)
(0.313786 0.0168477 0)
(0.307924 0.0189513 0)
(0.301275 0.0213465 0)
(0.293712 0.0240623 0)
(0.285092 0.0271293 0)
(0.275251 0.0305785 0)
(0.264002 0.034442 0)
(0.251131 0.03875 0)
(0.236391 0.0435261 0)
(0.219508 0.0487716 0)
(0.200168 0.0544284 0)
(0.178035 0.0602946 0)
(0.152776 0.0658593 0)
(0.124154 0.0700198 0)
(0.0922726 0.0707081 0)
(0.0582911 0.0646264 0)
(0.0264302 0.0478387 0)
(0.00311859 0.0191258 0)
(0.409162 0.00557209 0)
(0.407878 0.00598255 0)
(0.406489 0.00636967 0)
(0.405 0.0067512 0)
(0.403413 0.00714464 0)
(0.401723 0.00756747 0)
(0.399924 0.00803742 0)
(0.398005 0.00857269 0)
(0.39595 0.00919221 0)
(0.393737 0.00991591 0)
(0.39134 0.010765 0)
(0.388728 0.0117621 0)
(0.385861 0.0129318 0)
(0.382694 0.0143006 0)
(0.379173 0.0158974 0)
(0.375233 0.0177534 0)
(0.370801 0.0199031 0)
(0.365791 0.0223837 0)
(0.360101 0.0252359 0)
(0.353615 0.0285043 0)
(0.346196 0.0322374 0)
(0.337683 0.0364882 0)
(0.32789 0.0413147 0)
(0.316595 0.04678 0)
(0.303537 0.0529513 0)
(0.288404 0.0598951 0)
(0.270824 0.067663 0)
(0.250344 0.0762518 0)
(0.226416 0.085508 0)
(0.198388 0.0949163 0)
(0.165544 0.103187 0)
(0.127301 0.107557 0)
(0.0841104 0.102907 0)
(0.0406623 0.0815 0)
(0.0054893 0.0365709 0)
(0.448381 0.00673785 0)
(0.447253 0.00725204 0)
(0.446037 0.00773693 0)
(0.444736 0.00821375 0)
(0.443349 0.0087036 0)
(0.441873 0.00922772 0)
(0.440302 0.00980779 0)
(0.438625 0.0104663 0)
(0.436828 0.0112266 0)
(0.434892 0.0121138 0)
(0.432793 0.0131545 0)
(0.430502 0.0143776 0)
(0.427984 0.0158144 0)
(0.425197 0.0174991 0)
(0.42209 0.0194697 0)
(0.418604 0.0217675 0)
(0.414669 0.0244388 0)
(0.4102 0.0275347 0)
(0.405102 0.0311122 0)
(0.399257 0.035235 0)
(0.392528 0.039975 0)
(0.384752 0.0454131 0)
(0.375733 0.0516416 0)
(0.365234 0.0587664 0)
(0.352966 0.0669083 0)
(0.338573 0.0762031 0)
(0.321606 0.0867932 0)
(0.301489 0.0987958 0)
(0.277465 0.112212 0)
(0.248528 0.12669 0)
(0.213351 0.14099 0)
(0.170328 0.151868 0)
(0.118399 0.152164 0)
(0.0616078 0.128511 0)
(0.00958473 0.0635351 0)
(0.476859 0.00772936 0)
(0.475943 0.00832269 0)
(0.474967 0.00888368 0)
(0.47393 0.00943606 0)
(0.472831 0.0100036 0)
(0.471667 0.0106105 0)
(0.470429 0.0112814 0)
(0.46911 0.0120425 0)
(0.467697 0.0129209 0)
(0.466173 0.0139459 0)
(0.464519 0.015149 0)
(0.462711 0.0165646 0)
(0.460718 0.0182301 0)
(0.458504 0.0201872 0)
(0.456028 0.022482 0)
(0.453236 0.0251659 0)
(0.450067 0.0282965 0)
(0.446449 0.0319386 0)
(0.442294 0.0361659 0)
(0.437496 0.0410619 0)
(0.43193 0.046723 0)
(0.425443 0.0532607 0)
(0.41785 0.0608059 0)
(0.408922 0.0695141 0)
(0.398373 0.0795724 0)
(0.385841 0.0912071 0)
(0.370851 0.104689 0)
(0.352765 0.120323 0)
(0.330689 0.138388 0)
(0.303329 0.158932 0)
(0.268747 0.181177 0)
(0.224041 0.202039 0)
(0.165531 0.212819 0)
(0.0941265 0.193019 0)
(0.0171983 0.105849 0)
(0.494691 0.0085049 0)
(0.494032 0.00914213 0)
(0.493347 0.00974771 0)
(0.492635 0.0103467 0)
(0.491891 0.0109646 0)
(0.49111 0.0116272 0)
(0.490287 0.0123616 0)
(0.489413 0.013196 0)
(0.488477 0.0141605 0)
(0.487468 0.0152878 0)
(0.486371 0.0166129 0)
(0.485167 0.0181746 0)
(0.483833 0.0200158 0)
(0.482342 0.0221838 0)
(0.48066 0.0247321 0)
(0.478749 0.0277206 0)
(0.47656 0.0312171 0)
(0.474034 0.0352988 0)
(0.471102 0.0400542 0)
(0.467679 0.0455855 0)
(0.463661 0.0520117 0)
(0.458922 0.0594734 0)
(0.453306 0.0681387 0)
(0.446621 0.0782125 0)
(0.438621 0.0899496 0)
(0.42899 0.103673 0)
(0.417308 0.119798 0)
(0.402988 0.138859 0)
(0.385171 0.161515 0)
(0.362515 0.188451 0)
(0.332786 0.21993 0)
(0.292027 0.254281 0)
(0.233163 0.28354 0)
(0.149099 0.281933 0)
(0.038416 0.181803 0)
(0.502021 0.00902491 0)
(0.50166 0.0096658 0)
(0.501311 0.0102795 0)
(0.500969 0.0108913 0)
(0.500628 0.011527 0)
(0.500284 0.0122133 0)
(0.499929 0.012978 0)
(0.499559 0.0138508 0)
(0.499165 0.0148633 0)
(0.49874 0.0160499 0)
(0.498274 0.0174485 0)
(0.497755 0.0191005 0)
(0.49717 0.0210525 0)
(0.496502 0.0233564 0)
(0.49573 0.0260708 0)
(0.494829 0.0292621 0)
(0.493767 0.0330062 0)
(0.492507 0.03739 0)
(0.491001 0.0425137 0)
(0.489192 0.0484943 0)
(0.487009 0.0554691 0)
(0.484365 0.0636015 0)
(0.481153 0.0730894 0)
(0.477239 0.0841767 0)
(0.472457 0.0971718 0)
(0.466595 0.112475 0)
(0.459376 0.130623 0)
(0.450419 0.15235 0)
(0.439165 0.178678 0)
(0.42471 0.210999 0)
(0.405429 0.250995 0)
(0.378051 0.299818 0)
(0.335159 0.354324 0)
(0.26028 0.391904 0)
(0.132869 0.303879 0)
(0.499048 0.00924738 0)
(0.499024 0.009853 0)
(0.499046 0.0104389 0)
(0.499108 0.0110294 0)
(0.499202 0.0116499 0)
(0.499324 0.0123265 0)
(0.499468 0.0130869 0)
(0.499632 0.0139605 0)
(0.499811 0.0149796 0)
(0.500003 0.0161789 0)
(0.500204 0.0175972 0)
(0.500412 0.0192775 0)
(0.500621 0.021268 0)
(0.500828 0.023623 0)
(0.501025 0.0264042 0)
(0.501203 0.0296821 0)
(0.501352 0.0335372 0)
(0.501456 0.0380626 0)
(0.501497 0.0433662 0)
(0.501448 0.0495739 0)
(0.501279 0.0568344 0)
(0.500951 0.0653247 0)
(0.500417 0.0752588 0)
(0.499621 0.0869008 0)
(0.498502 0.100584 0)
(0.49699 0.116739 0)
(0.495022 0.135947 0)
(0.492547 0.159011 0)
(0.489558 0.187077 0)
(0.486141 0.221797 0)
(0.482576 0.265454 0)
(0.479554 0.320622 0)
(0.478745 0.387572 0)
(0.481011 0.453763 0)
(0.492007 0.460496 0)
(0.486029 0.00913133 0)
(0.486372 0.00966959 0)
(0.486789 0.0101972 0)
(0.487269 0.0107371 0)
(0.487809 0.0113126 0)
(0.488403 0.0119487 0)
(0.489049 0.0126715 0)
(0.489747 0.0135095 0)
(0.490497 0.0144937 0)
(0.491303 0.0156583 0)
(0.492168 0.0170413 0)
(0.493098 0.0186852 0)
(0.494099 0.0206381 0)
(0.49518 0.0229545 0)
(0.496349 0.0256967 0)
(0.497616 0.028936 0)
(0.498989 0.0327545 0)
(0.500481 0.0372471 0)
(0.5021 0.0425242 0)
(0.503857 0.0487146 0)
(0.505765 0.0559696 0)
(0.507836 0.0644688 0)
(0.510089 0.0744269 0)
(0.51255 0.0861048 0)
(0.515264 0.0998248 0)
(0.518313 0.115994 0)
(0.521841 0.135138 0)
(0.526112 0.157955 0)
(0.531614 0.185386 0)
(0.539239 0.218691 0)
(0.550625 0.259426 0)
(0.568662 0.308915 0)
(0.598142 0.36581 0)
(0.642635 0.417749 0)
(0.700941 0.421639 0)
(0.463272 0.00864739 0)
(0.463992 0.00909671 0)
(0.464802 0.00954483 0)
(0.465693 0.010012 0)
(0.466661 0.0105194 0)
(0.467703 0.0110894 0)
(0.468821 0.0117461 0)
(0.470019 0.0125156 0)
(0.471301 0.0134266 0)
(0.472678 0.0145113 0)
(0.474161 0.0158053 0)
(0.475765 0.0173492 0)
(0.477507 0.0191888 0)
(0.479409 0.0213766 0)
(0.481495 0.0239726 0)
(0.483793 0.0270461 0)
(0.486333 0.0306769 0)
(0.489153 0.0349577 0)
(0.492293 0.0399959 0)
(0.495799 0.0459166 0)
(0.499724 0.052866 0)
(0.504135 0.0610154 0)
(0.509109 0.0705659 0)
(0.51475 0.0817557 0)
(0.521196 0.0948677 0)
(0.528646 0.110241 0)
(0.537393 0.128283 0)
(0.547895 0.149485 0)
(0.560874 0.174418 0)
(0.57749 0.203701 0)
(0.599591 0.237805 0)
(0.629971 0.276425 0)
(0.672475 0.316662 0)
(0.729596 0.348322 0)
(0.799037 0.347398 0)
(0.431098 0.00779192 0)
(0.432175 0.00814269 0)
(0.433345 0.0085004 0)
(0.434603 0.0088822 0)
(0.435948 0.00930626 0)
(0.43738 0.00979188 0)
(0.438904 0.0103601 0)
(0.440529 0.0110337 0)
(0.442266 0.0118385 0)
(0.444129 0.0128028 0)
(0.44614 0.013959 0)
(0.448321 0.0153436 0)
(0.450702 0.0169987 0)
(0.453315 0.018972 0)
(0.456201 0.0213192 0)
(0.459405 0.0241043 0)
(0.462979 0.0274013 0)
(0.466983 0.0312963 0)
(0.471488 0.0358891 0)
(0.476573 0.0412954 0)
(0.482331 0.047649 0)
(0.488874 0.0551044 0)
(0.496333 0.0638395 0)
(0.504873 0.0740569 0)
(0.514701 0.085986 0)
(0.526094 0.0998815 0)
(0.539423 0.116018 0)
(0.555211 0.134672 0)
(0.574204 0.156083 0)
(0.597474 0.180358 0)
(0.626536 0.207257 0)
(0.663403 0.235722 0)
(0.710442 0.262886 0)
(0.768865 0.282075 0)
(0.836214 0.281362 0)
(0.389801 0.00660019 0)
(0.391169 0.00685407 0)
(0.392625 0.00712045 0)
(0.394169 0.00741314 0)
(0.3958 0.00774681 0)
(0.397524 0.00813725 0)
(0.39935 0.00860173 0)
(0.401289 0.00915935 0)
(0.40336 0.00983149 0)
(0.405582 0.0106423 0)
(0.407984 0.0116191 0)
(0.410597 0.0127934 0)
(0.413459 0.0142012 0)
(0.416615 0.0158842 0)
(0.420118 0.0178908 0)
(0.424029 0.0202771 0)
(0.42842 0.0231082 0)
(0.433371 0.0264597 0)
(0.438979 0.0304196 0)
(0.445353 0.035089 0)
(0.45262 0.0405844 0)
(0.460929 0.0470379 0)
(0.470456 0.054598 0)
(0.48141 0.0634277 0)
(0.494047 0.0737008 0)
(0.508682 0.0855925 0)
(0.525712 0.0992631 0)
(0.545646 0.114826 0)
(0.569145 0.132294 0)
(0.597059 0.151479 0)
(0.630455 0.171824 0)
(0.670558 0.192107 0)
(0.718515 0.209969 0)
(0.774426 0.221173 0)
(0.835815 0.219554 0)
(0.339587 0.0051543 0)
(0.341135 0.00532184 0)
(0.342761 0.00550413 0)
(0.344465 0.00571162 0)
(0.346252 0.00595517 0)
(0.34813 0.0062469 0)
(0.350111 0.00659987 0)
(0.352212 0.00702898 0)
(0.354454 0.0075507 0)
(0.356864 0.00818409 0)
(0.359473 0.00895068 0)
(0.362319 0.00987562 0)
(0.365449 0.0109877 0)
(0.368915 0.0123207 0)
(0.372781 0.0139136 0)
(0.37712 0.0158125 0)
(0.382017 0.0180705 0)
(0.38757 0.02075 0)
(0.393895 0.023923 0)
(0.401125 0.0276728 0)
(0.409413 0.0320941 0)
(0.418938 0.0372938 0)
(0.429907 0.0433885 0)
(0.442562 0.0505027 0)
(0.457184 0.0587602 0)
(0.474105 0.0682733 0)
(0.493715 0.0791203 0)
(0.516473 0.0913133 0)
(0.542915 0.104743 0)
(0.573652 0.119099 0)
(0.60934 0.133751 0)
(0.650575 0.14758 0)
(0.697664 0.158779 0)
(0.750054 0.16466 0)
(0.805572 0.16199 0)
(0.280535 0.00358438 0)
(0.282109 0.0036818 0)
(0.283744 0.00379304 0)
(0.285445 0.00392487 0)
(0.287218 0.00408482 0)
(0.289075 0.00428092 0)
(0.291029 0.00452236 0)
(0.293101 0.00481921 0)
(0.295312 0.00518322 0)
(0.297693 0.00562759 0)
(0.300278 0.00616782 0)
(0.303107 0.00682167 0)
(0.30623 0.00761012 0)
(0.309705 0.00855747 0)
(0.313599 0.00969252 0)
(0.317991 0.0110488 0)
(0.322975 0.012666 0)
(0.328657 0.0145901 0)
(0.335164 0.0168752 0)
(0.342642 0.0195832 0)
(0.351261 0.0227851 0)
(0.361215 0.0265596 0)
(0.37273 0.0309923 0)
(0.386065 0.036171 0)
(0.401513 0.0421798 0)
(0.419404 0.0490849 0)
(0.440106 0.0569177 0)
(0.464019 0.0656422 0)
(0.491559 0.0751148 0)
(0.523133 0.085023 0)
(0.559079 0.0948125 0)
(0.59956 0.103601 0)
(0.644385 0.110119 0)
(0.692692 0.112721 0)
(0.742614 0.109722 0)
(0.212584 0.00206484 0)
(0.213993 0.00211126 0)
(0.215446 0.00216765 0)
(0.216947 0.00223778 0)
(0.218507 0.00232587 0)
(0.220135 0.00243649 0)
(0.221848 0.00257487 0)
(0.223664 0.00274686 0)
(0.225605 0.0029593 0)
(0.2277 0.00321996 0)
(0.229982 0.00353803 0)
(0.232489 0.00392415 0)
(0.235268 0.00439097 0)
(0.238374 0.00495328 0)
(0.241872 0.00562874 0)
(0.245839 0.00643807 0)
(0.250362 0.007406 0)
(0.255548 0.00856143 0)
(0.26152 0.0099385 0)
(0.26842 0.0115765 0)
(0.276417 0.0135208 0)
(0.285705 0.0158214 0)
(0.296505 0.0185328 0)
(0.309074 0.0217099 0)
(0.323693 0.0254036 0)
(0.340679 0.0296503 0)
(0.360362 0.0344588 0)
(0.383085 0.0397881 0)
(0.409164 0.0455188 0)
(0.438857 0.0514148 0)
(0.472289 0.0570829 0)
(0.509358 0.061935 0)
(0.549602 0.0651834 0)
(0.592028 0.0659012 0)
(0.634985 0.0632486 0)
(0.135562 0.000833297 0)
(0.136591 0.000847599 0)
(0.137645 0.000866646 0)
(0.13873 0.000892053 0)
(0.139853 0.000925342 0)
(0.141025 0.000968481 0)
(0.142257 0.00102344 0)
(0.143565 0.00109275 0)
(0.144966 0.00117906 0)
(0.146482 0.00128577 0)
(0.148139 0.00141656 0)
(0.149967 0.00157612 0)
(0.152003 0.00176964 0)
(0.154289 0.00200371 0)
(0.156875 0.00228578 0)
(0.159823 0.00262522 0)
(0.163203 0.00303272 0)
(0.167099 0.00352157 0)
(0.171611 0.00410692 0)
(0.176854 0.00480715 0)
(0.182967 0.0056428 0)
(0.19011 0.00663773 0)
(0.198469 0.007817 0)
(0.208255 0.00920693 0)
(0.219708 0.0108305 0)
(0.233087 0.0127045 0)
(0.248665 0.0148296 0)
(0.266708 0.0171816 0)
(0.287449 0.019694 0)
(0.311039 0.0222421 0)
(0.337488 0.0246219 0)
(0.366576 0.0265406 0)
(0.397761 0.0276216 0)
(0.430084 0.0274543 0)
(0.462134 0.0257095 0)
(0.0492442 7.13443e-05 0)
(0.0496712 7.22627e-05 0)
(0.0501061 7.39541e-05 0)
(0.050552 7.65274e-05 0)
(0.0510124 8.0121e-05 0)
(0.0514919 8.48804e-05 0)
(0.0519961 9.09941e-05 0)
(0.0525317 9.867e-05 0)
(0.0531066 0.000108178 0)
(0.0537303 0.000119824 0)
(0.0544142 0.000134004 0)
(0.0551718 0.000151178 0)
(0.056019 0.000171932 0)
(0.056975 0.00019696 0)
(0.0580622 0.000227139 0)
(0.0593077 0.000263517 0)
(0.0607438 0.000307408 0)
(0.0624089 0.00036038 0)
(0.064349 0.000424376 0)
(0.066619 0.000501682 0)
(0.0692841 0.000595047 0)
(0.0724217 0.000707579 0)
(0.0761226 0.000842773 0)
(0.0804919 0.00100418 0)
(0.085649 0.00119509 0)
(0.0917256 0.00141764 0)
(0.0988599 0.00167169 0)
(0.107186 0.0019528 0)
(0.116818 0.00224978 0)
(0.127818 0.00254153 0)
(0.140163 0.00279447 0)
(0.153694 0.00296129 0)
(0.168067 0.00298447 0)
(0.182712 0.00280678 0)
(0.196843 0.00239537 0)
(0.384344 0.180706 0)
(0.243459 0.0351533 0)
(0.179568 0.0032809 0)
(0.164841 -0.00109305 0)
(0.16123 -0.00186165 0)
(0.160757 -0.00187728 0)
(0.162413 -0.00161798 0)
(0.165095 -0.00130116 0)
(0.167981 -0.00096303 0)
(0.170656 -0.000871199 0)
(0.702004 0.267331 0)
(0.616644 0.133457 0)
(0.535671 0.0611202 0)
(0.489825 0.0255339 0)
(0.466245 0.00838366 0)
(0.454205 0.000383062 0)
(0.449304 -0.00318562 0)
(0.448786 -0.00448288 0)
(0.450521 -0.00446852 0)
(0.453256 -0.00378377 0)
(0.843284 0.273634 0)
(0.830284 0.184914 0)
(0.789364 0.115115 0)
(0.751164 0.0664824 0)
(0.723416 0.034672 0)
(0.704877 0.015109 0)
(0.693708 0.00373457 0)
(0.68804 -0.00234278 0)
(0.685997 -0.00489835 0)
(0.686005 -0.0051531 0)
(0.893334 0.24455 0)
(0.919425 0.189256 0)
(0.919144 0.135493 0)
(0.907698 0.0905119 0)
(0.89422 0.055737 0)
(0.882183 0.0307094 0)
(0.872957 0.0138863 0)
(0.866809 0.00345201 0)
(0.863288 -0.00213842 0)
(0.861376 -0.00436976 0)
(0.892983 0.198203 0)
(0.934457 0.16335 0)
(0.958336 0.125459 0)
(0.969828 0.0903062 0)
(0.974093 0.0603286 0)
(0.974437 0.0365944 0)
(0.973053 0.0191592 0)
(0.971311 0.00740106 0)
(0.969886 0.000461446 0)
(0.968738 -0.00307002 0)
(0.858972 0.147991 0)
(0.903984 0.12527 0)
(0.937927 0.0991928 0)
(0.961877 0.0736171 0)
(0.977994 0.0506533 0)
(0.988231 0.0315351 0)
(0.994298 0.0168309 0)
(0.99763 0.00653202 0)
(0.999292 0.000278389 0)
(1.00007 -0.00298671 0)
(0.790887 0.100033 0)
(0.833774 0.0849425 0)
(0.869042 0.0673351 0)
(0.896427 0.0497021 0)
(0.916665 0.0336147 0)
(0.930783 0.0200484 0)
(0.939953 0.00953812 0)
(0.945391 0.00222142 0)
(0.948224 -0.00206424 0)
(0.949513 -0.00392648 0)
(0.676118 0.0568378 0)
(0.71291 0.0474072 0)
(0.743637 0.0365467 0)
(0.767742 0.025762 0)
(0.785488 0.0160598 0)
(0.797563 0.00804503 0)
(0.804925 0.00203167 0)
(0.808678 -0.00191114 0)
(0.809955 -0.00390998 0)
(0.809634 -0.00429816 0)
(0.492138 0.0223128 0)
(0.518331 0.0176775 0)
(0.539512 0.0125776 0)
(0.555303 0.00773188 0)
(0.565983 0.00359393 0)
(0.572229 0.000391627 0)
(0.574947 -0.00179189 0)
(0.575132 -0.00298808 0)
(0.573781 -0.00330373 0)
(0.571487 -0.00303536 0)
(0.209544 0.00176874 0)
(0.219987 0.00103105 0)
(0.227699 0.000329356 0)
(0.232659 -0.000233582 0)
(0.235189 -0.000624037 0)
(0.235782 -0.000846184 0)
(0.234993 -0.000916388 0)
(0.233384 -0.000854335 0)
(0.231392 -0.000718627 0)
(0.229268 -0.00072045 0)
)
;

boundaryField
{
    inlet
    {
        type            fixedProfile;
        profile         csvFile;
        profileCoeffs
        {
            nHeaderLine     0;
            refColumn       0;
            componentColumns 3(1 2 3);
            separator       ",";
            mergeSeparators 0;
            file            "0/Uprofile.csv";
        }
        direction       (0 1 0);
        origin          0;
        value           nonuniform List<vector> 10((0.19 0 0) (0.51 0 0) (0.75 0 0) (0.91 0 0) (0.99 0 0) (0.99 0 0) (0.91 0 0) (0.75 0 0) (0.51 0 0) (0.19 0 0));
    }
    outlet
    {
        type            zeroGradient;
    }
    upperWall
    {
        type            noSlip;
    }
    lowerWall
    {
        type            noSlip;
    }
    frontAndBack
    {
        type            empty;
    }
}


// ************************************************************************* //
