/*--------------------------------*- C++ -*----------------------------------*\
| =========                 |                                                 |
| \\      /  F ield         | OpenFOAM: The Open Source CFD Toolbox           |
|  \\    /   O peration     | Version:  2406                                  |
|   \\  /    A nd           | Website:  www.openfoam.com                      |
|    \\/     M anipulation  |                                                 |
\*---------------------------------------------------------------------------*/
FoamFile
{
    version     2.0;
    format      ascii;
    arch        "LSB;label=32;scalar=64";
    class       volVectorField;
    location    "72";
    object      U;
}
// * * * * * * * * * * * * * * * * * * * * * * * * * * * * * * * * * * * * * //

dimensions      [0 1 -1 0 0 0 0];

internalField   nonuniform List<vector> 
2000
(
(0.100651 -0.00194144 0)
(0.102874 -0.00294816 0)
(0.105523 -0.0024988 0)
(0.108719 -0.0018583 0)
(0.11149 -0.00136601 0)
(0.113658 -0.00100602 0)
(0.115415 -0.000743492 0)
(0.11689 -0.000558224 0)
(0.118131 -0.000429707 0)
(0.119178 -0.000339493 0)
(0.27689 -0.00180599 0)
(0.275671 -0.00357971 0)
(0.274987 -0.00388518 0)
(0.275067 -0.00367006 0)
(0.275641 -0.00332448 0)
(0.276432 -0.0029318 0)
(0.277318 -0.00253962 0)
(0.278246 -0.00218661 0)
(0.279174 -0.00188538 0)
(0.280073 -0.00163266 0)
(0.43707 -0.00100857 0)
(0.436399 -0.00225795 0)
(0.435604 -0.00273572 0)
(0.43487 -0.0028538 0)
(0.434373 -0.00284142 0)
(0.434097 -0.00274653 0)
(0.433977 -0.00259272 0)
(0.43397 -0.00241345 0)
(0.434054 -0.00223187 0)
(0.434203 -0.0020578 0)
(0.577197 -0.00058975 0)
(0.576873 -0.00151355 0)
(0.576375 -0.00204785 0)
(0.575736 -0.00230068 0)
(0.575165 -0.00240177 0)
(0.574723 -0.00240648 0)
(0.574377 -0.00234135 0)
(0.574096 -0.00223475 0)
(0.573871 -0.00211028 0)
(0.573695 -0.00198166 0)
(0.697259 -0.000388245 0)
(0.697083 -0.00106697 0)
(0.696782 -0.00153582 0)
(0.696294 -0.00180147 0)
(0.695788 -0.0019336 0)
(0.695351 -0.00198083 0)
(0.694975 -0.00196681 0)
(0.694638 -0.001911 0)
(0.694334 -0.00183156 0)
(0.694065 -0.00174137 0)
(0.797294 -0.000268168 0)
(0.797191 -0.000758011 0)
(0.797002 -0.00113245 0)
(0.796621 -0.00137431 0)
(0.796178 -0.00151418 0)
(0.795766 -0.00158359 0)
(0.795391 -0.00160031 0)
(0.795041 -0.00157787 0)
(0.79471 -0.00152995 0)
(0.794405 -0.00146775 0)
(0.877315 -0.000185497 0)
(0.87725 -0.000531979 0)
(0.877123 -0.000813931 0)
(0.876813 -0.0010125 0)
(0.876421 -0.00113779 0)
(0.876035 -0.00120765 0)
(0.875671 -0.00123488 0)
(0.875318 -0.00122958 0)
(0.874976 -0.00120191 0)
(0.874651 -0.00116064 0)
(0.937328 -0.0001225 0)
(0.937283 -0.000354148 0)
(0.937192 -0.000549542 0)
(0.936927 -0.000694466 0)
(0.936572 -0.000790961 0)
(0.936208 -0.000848389 0)
(0.935854 -0.000875036 0)
(0.935502 -0.000877809 0)
(0.935154 -0.000863618 0)
(0.934818 -0.000838529 0)
(0.977336 -7.00369e-05 0)
(0.977301 -0.000203338 0)
(0.977229 -0.000317978 0)
(0.976991 -0.000405584 0)
(0.97666 -0.000465915 0)
(0.976311 -0.000503296 0)
(0.975964 -0.000522142 0)
(0.975615 -0.000526371 0)
(0.975265 -0.000519995 0)
(0.974923 -0.000506589 0)
(0.99734 -2.28162e-05 0)
(0.997309 -6.63526e-05 0)
(0.997246 -0.000104129 0)
(0.99702 -0.000133403 0)
(0.9967 -0.000153878 0)
(0.996359 -0.000166799 0)
(0.996017 -0.000173537 0)
(0.995669 -0.000175347 0)
(0.995318 -0.000173548 0)
(0.994973 -0.000169329 0)
(0.99734 2.28148e-05 0)
(0.997309 6.63585e-05 0)
(0.997246 0.00010414 0)
(0.99702 0.00013341 0)
(0.9967 0.000153888 0)
(0.996359 0.000166815 0)
(0.996017 0.000173552 0)
(0.995669 0.000175356 0)
(0.995318 0.00017356 0)
(0.994973 0.000169357 0)
(0.977336 7.00363e-05 0)
(0.977301 0.000203343 0)
(0.977229 0.000317988 0)
(0.976991 0.000405595 0)
(0.97666 0.000465922 0)
(0.976311 0.000503302 0)
(0.975964 0.000522152 0)
(0.975615 0.000526375 0)
(0.975265 0.000519998 0)
(0.974923 0.000506613 0)
(0.937328 0.000122498 0)
(0.937283 0.000354156 0)
(0.937192 0.000549552 0)
(0.936927 0.000694467 0)
(0.936572 0.000790967 0)
(0.936208 0.000848407 0)
(0.935854 0.000875053 0)
(0.935502 0.000877802 0)
(0.935154 0.000863597 0)
(0.934818 0.000838538 0)
(0.877315 0.000185497 0)
(0.87725 0.000531975 0)
(0.877123 0.000813934 0)
(0.876813 0.00101251 0)
(0.876421 0.0011378 0)
(0.876035 0.00120767 0)
(0.875671 0.00123491 0)
(0.875318 0.00122958 0)
(0.874976 0.00120189 0)
(0.87465 0.00116065 0)
(0.797294 0.000268166 0)
(0.797191 0.000758013 0)
(0.797002 0.00113244 0)
(0.796621 0.0013743 0)
(0.796178 0.00151417 0)
(0.795766 0.0015836 0)
(0.795391 0.00160032 0)
(0.795041 0.00157784 0)
(0.79471 0.0015299 0)
(0.794405 0.00146773 0)
(0.697259 0.000388244 0)
(0.697083 0.00106697 0)
(0.696782 0.00153582 0)
(0.696294 0.00180146 0)
(0.695788 0.0019336 0)
(0.695351 0.00198085 0)
(0.694975 0.00196685 0)
(0.694638 0.001911 0)
(0.694334 0.00183152 0)
(0.694064 0.00174133 0)
(0.577197 0.000589751 0)
(0.576873 0.00151355 0)
(0.576375 0.00204783 0)
(0.575736 0.00230068 0)
(0.575165 0.00240176 0)
(0.574723 0.00240646 0)
(0.574377 0.00234137 0)
(0.574096 0.00223479 0)
(0.573871 0.00211029 0)
(0.573695 0.00198161 0)
(0.43707 0.00100856 0)
(0.436399 0.00225795 0)
(0.435604 0.00273573 0)
(0.43487 0.0028538 0)
(0.434373 0.00284141 0)
(0.434097 0.00274649 0)
(0.433977 0.00259267 0)
(0.43397 0.00241346 0)
(0.434053 0.00223194 0)
(0.434203 0.00205778 0)
(0.27689 0.00180599 0)
(0.275671 0.0035797 0)
(0.274987 0.00388518 0)
(0.275067 0.00367008 0)
(0.275641 0.00332451 0)
(0.276432 0.00293176 0)
(0.277318 0.00253953 0)
(0.278246 0.00218664 0)
(0.279174 0.00188551 0)
(0.280073 0.00163269 0)
(0.100651 0.00194144 0)
(0.102874 0.00294815 0)
(0.105523 0.0024988 0)
(0.108719 0.00185832 0)
(0.11149 0.00136599 0)
(0.113658 0.00100597 0)
(0.115415 0.000743484 0)
(0.11689 0.000558251 0)
(0.118131 0.000429687 0)
(0.119178 0.000339439 0)
(0.12007 -0.000274869 0)
(0.120841 -0.000227813 0)
(0.121513 -0.000192964 0)
(0.122105 -0.000166549 0)
(0.122631 -0.000145976 0)
(0.123103 -0.000129579 0)
(0.123528 -0.000116341 0)
(0.123914 -0.000105573 0)
(0.124267 -9.66964e-05 0)
(0.124591 -8.91866e-05 0)
(0.124889 -8.26162e-05 0)
(0.125166 -7.67232e-05 0)
(0.125423 -7.14053e-05 0)
(0.125663 -6.66513e-05 0)
(0.125889 -6.24698e-05 0)
(0.1261 -5.8824e-05 0)
(0.1263 -5.56293e-05 0)
(0.126487 -5.27715e-05 0)
(0.126665 -5.01394e-05 0)
(0.126833 -4.76579e-05 0)
(0.126993 -4.52908e-05 0)
(0.127146 -4.30409e-05 0)
(0.127291 -4.09302e-05 0)
(0.127429 -3.89825e-05 0)
(0.127562 -3.72129e-05 0)
(0.127689 -3.56162e-05 0)
(0.127811 -3.4175e-05 0)
(0.127928 -3.2859e-05 0)
(0.12804 -3.1637e-05 0)
(0.128148 -3.04816e-05 0)
(0.128252 -2.9373e-05 0)
(0.128352 -2.83023e-05 0)
(0.128449 -2.72677e-05 0)
(0.128542 -2.6274e-05 0)
(0.128632 -2.53278e-05 0)
(0.280927 -0.00142179 0)
(0.281731 -0.00124621 0)
(0.282483 -0.0010999 0)
(0.283185 -0.000977675 0)
(0.283838 -0.000875156 0)
(0.284447 -0.0007885 0)
(0.285015 -0.000714473 0)
(0.285545 -0.000650667 0)
(0.286041 -0.00059544 0)
(0.286505 -0.000547619 0)
(0.28694 -0.000506165 0)
(0.28735 -0.000470043 0)
(0.287736 -0.000438257 0)
(0.288101 -0.000409949 0)
(0.288447 -0.000384476 0)
(0.288776 -0.000361412 0)
(0.289088 -0.00034049 0)
(0.289385 -0.000321529 0)
(0.289668 -0.000304369 0)
(0.289938 -0.000288838 0)
(0.290196 -0.000274743 0)
(0.290443 -0.000261885 0)
(0.290679 -0.000250075 0)
(0.290907 -0.000239148 0)
(0.291126 -0.000228978 0)
(0.291337 -0.000219471 0)
(0.29154 -0.000210562 0)
(0.291736 -0.000202208 0)
(0.291925 -0.000194376 0)
(0.292108 -0.000187038 0)
(0.292284 -0.000180165 0)
(0.292455 -0.000173727 0)
(0.29262 -0.000167689 0)
(0.292779 -0.000162017 0)
(0.292934 -0.000156676 0)
(0.434398 -0.00189521 0)
(0.434625 -0.00174576 0)
(0.434872 -0.00160973 0)
(0.435133 -0.0014869 0)
(0.435401 -0.00137669 0)
(0.435672 -0.00127788 0)
(0.435945 -0.00118883 0)
(0.436216 -0.0011081 0)
(0.436485 -0.00103482 0)
(0.436749 -0.000968608 0)
(0.437008 -0.000909147 0)
(0.437261 -0.000855872 0)
(0.437509 -0.000807945 0)
(0.437751 -0.000764425 0)
(0.437988 -0.000724478 0)
(0.43822 -0.000687514 0)
(0.438445 -0.000653212 0)
(0.438666 -0.000621435 0)
(0.43888 -0.000592129 0)
(0.439088 -0.000565214 0)
(0.439291 -0.000540545 0)
(0.439489 -0.000517898 0)
(0.439682 -0.000497003 0)
(0.43987 -0.000477586 0)
(0.440053 -0.000459401 0)
(0.440232 -0.000442262 0)
(0.440407 -0.000426043 0)
(0.440578 -0.000410673 0)
(0.440745 -0.000396117 0)
(0.440908 -0.00038236 0)
(0.441066 -0.00036939 0)
(0.441221 -0.000357183 0)
(0.441372 -0.000345702 0)
(0.44152 -0.000334898 0)
(0.441665 -0.000324709 0)
(0.57356 -0.00185596 0)
(0.573457 -0.00173676 0)
(0.573379 -0.00162573 0)
(0.573322 -0.00152374 0)
(0.573283 -0.0014312 0)
(0.573259 -0.00134763 0)
(0.573247 -0.00127173 0)
(0.573247 -0.0012021 0)
(0.573257 -0.00113791 0)
(0.573275 -0.00107903 0)
(0.573301 -0.00102555 0)
(0.573332 -0.000977322 0)
(0.573369 -0.000933789 0)
(0.573412 -0.000894075 0)
(0.573458 -0.000857271 0)
(0.57351 -0.000822677 0)
(0.573565 -0.000789922 0)
(0.573623 -0.000758931 0)
(0.573684 -0.000729795 0)
(0.573748 -0.000702635 0)
(0.573813 -0.000677481 0)
(0.573879 -0.000654237 0)
(0.573947 -0.000632689 0)
(0.574017 -0.000612553 0)
(0.574088 -0.000593547 0)
(0.574159 -0.00057543 0)
(0.574232 -0.000558042 0)
(0.574306 -0.000541301 0)
(0.57438 -0.000525193 0)
(0.574454 -0.000509745 0)
(0.574528 -0.000494998 0)
(0.574603 -0.00048098 0)
(0.574678 -0.0004677 0)
(0.574752 -0.000455134 0)
(0.574826 -0.000443233 0)
(0.693827 -0.00164801 0)
(0.693614 -0.00155573 0)
(0.693422 -0.00146699 0)
(0.693248 -0.0013836 0)
(0.693088 -0.00130689 0)
(0.692942 -0.00123714 0)
(0.692807 -0.00117357 0)
(0.692683 -0.00111499 0)
(0.692568 -0.00106063 0)
(0.692462 -0.00101042 0)
(0.692363 -0.000964677 0)
(0.692272 -0.00092357 0)
(0.692187 -0.000886808 0)
(0.692108 -0.00085366 0)
(0.692034 -0.000823207 0)
(0.691967 -0.000794645 0)
(0.691904 -0.000767483 0)
(0.691847 -0.000741575 0)
(0.691794 -0.000717024 0)
(0.691746 -0.000694026 0)
(0.691701 -0.000672727 0)
(0.691661 -0.000653131 0)
(0.691624 -0.000635094 0)
(0.69159 -0.000618355 0)
(0.69156 -0.000602612 0)
(0.691533 -0.000587585 0)
(0.691508 -0.000573067 0)
(0.691487 -0.000558944 0)
(0.691468 -0.000545191 0)
(0.691452 -0.000531846 0)
(0.691439 -0.000518979 0)
(0.691427 -0.000506661 0)
(0.691418 -0.000494937 0)
(0.69141 -0.000483819 0)
(0.691404 -0.000473283 0)
(0.794125 -0.0013986 0)
(0.793867 -0.00132691 0)
(0.793628 -0.0012556 0)
(0.793405 -0.00118707 0)
(0.793197 -0.00112318 0)
(0.793001 -0.00106476 0)
(0.792816 -0.00101142 0)
(0.792642 -0.000962173 0)
(0.792477 -0.000916271 0)
(0.792321 -0.000873621 0)
(0.792172 -0.000834587 0)
(0.79203 -0.000799517 0)
(0.791894 -0.000768362 0)
(0.791763 -0.0007406 0)
(0.791638 -0.00071542 0)
(0.791517 -0.000692014 0)
(0.791402 -0.000669817 0)
(0.791291 -0.000648599 0)
(0.791184 -0.00062841 0)
(0.791082 -0.00060945 0)
(0.790983 -0.000591915 0)
(0.790888 -0.000575886 0)
(0.790797 -0.000561293 0)
(0.790708 -0.000547928 0)
(0.790623 -0.000535508 0)
(0.79054 -0.000523746 0)
(0.790461 -0.000512409 0)
(0.790384 -0.000501352 0)
(0.79031 -0.000490523 0)
(0.790239 -0.000479947 0)
(0.79017 -0.000469694 0)
(0.790104 -0.000459849 0)
(0.79004 -0.000450479 0)
(0.789978 -0.000441619 0)
(0.789918 -0.000433263 0)
(0.874346 -0.00111175 0)
(0.87406 -0.00105897 0)
(0.873792 -0.00100493 0)
(0.87354 -0.000951983 0)
(0.873303 -0.000902051 0)
(0.873078 -0.000856139 0)
(0.872866 -0.000814119 0)
(0.872664 -0.000775211 0)
(0.872473 -0.000738738 0)
(0.87229 -0.000704569 0)
(0.872116 -0.000673043 0)
(0.87195 -0.000644582 0)
(0.87179 -0.000619315 0)
(0.871636 -0.000596942 0)
(0.871487 -0.000576838 0)
(0.871343 -0.000558303 0)
(0.871204 -0.000540785 0)
(0.871069 -0.000524011 0)
(0.870939 -0.000507974 0)
(0.870813 -0.000492838 0)
(0.87069 -0.000478803 0)
(0.870572 -0.000465995 0)
(0.870456 -0.00045441 0)
(0.870344 -0.000443909 0)
(0.870234 -0.000434266 0)
(0.870127 -0.000425228 0)
(0.870022 -0.000416572 0)
(0.86992 -0.000408144 0)
(0.86982 -0.000399874 0)
(0.869722 -0.000391769 0)
(0.869627 -0.000383883 0)
(0.869534 -0.000376295 0)
(0.869444 -0.000369075 0)
(0.869355 -0.00036227 0)
(0.869269 -0.000355889 0)
(0.934498 -0.000806776 0)
(0.934194 -0.00077107 0)
(0.933906 -0.000733473 0)
(0.933635 -0.000695931 0)
(0.933378 -0.000660125 0)
(0.933135 -0.000627009 0)
(0.932904 -0.000596624 0)
(0.932684 -0.000568425 0)
(0.932475 -0.000541871 0)
(0.932275 -0.000516821 0)
(0.932085 -0.000493535 0)
(0.931904 -0.000472399 0)
(0.931729 -0.000453614 0)
(0.931561 -0.000437048 0)
(0.931399 -0.000422279 0)
(0.931242 -0.00040877 0)
(0.93109 -0.00039606 0)
(0.930942 -0.000383881 0)
(0.930799 -0.000372184 0)
(0.930661 -0.000361076 0)
(0.930527 -0.000350722 0)
(0.930396 -0.00034125 0)
(0.930269 -0.000332694 0)
(0.930144 -0.000324984 0)
(0.930023 -0.000317964 0)
(0.929904 -0.000311444 0)
(0.929788 -0.000305243 0)
(0.929674 -0.000299227 0)
(0.929562 -0.000293324 0)
(0.929452 -0.000287523 0)
(0.929345 -0.000281862 0)
(0.92924 -0.000276398 0)
(0.929137 -0.000271193 0)
(0.929036 -0.000266289 0)
(0.928937 -0.000261705 0)
(0.974593 -0.00048869 0)
(0.974279 -0.000467968 0)
(0.973979 -0.000445749 0)
(0.973695 -0.00042331 0)
(0.973426 -0.000401776 0)
(0.973171 -0.000381814 0)
(0.972928 -0.000363494 0)
(0.972697 -0.000346486 0)
(0.972476 -0.000330421 0)
(0.972266 -0.00031518 0)
(0.972066 -0.000300915 0)
(0.971874 -0.000287896 0)
(0.971691 -0.000276306 0)
(0.971514 -0.000266115 0)
(0.971344 -0.000257093 0)
(0.971179 -0.000248908 0)
(0.971019 -0.000241246 0)
(0.970864 -0.000233906 0)
(0.970713 -0.000226827 0)
(0.970568 -0.000220061 0)
(0.970426 -0.000213713 0)
(0.970289 -0.00020788 0)
(0.970155 -0.000202603 0)
(0.970024 -0.00019786 0)
(0.969897 -0.000193566 0)
(0.969772 -0.000189607 0)
(0.969649 -0.000185867 0)
(0.969529 -0.000182251 0)
(0.969411 -0.000178706 0)
(0.969296 -0.000175215 0)
(0.969183 -0.000171798 0)
(0.969072 -0.000168488 0)
(0.968963 -0.000165326 0)
(0.968856 -0.000162344 0)
(0.968751 -0.000159558 0)
(0.99464 -0.00016355 0)
(0.99432 -0.000156785 0)
(0.994015 -0.000149481 0)
(0.993725 -0.000142061 0)
(0.99345 -0.000134902 0)
(0.993188 -0.000128252 0)
(0.99294 -0.000122158 0)
(0.992703 -0.000116517 0)
(0.992477 -0.000111187 0)
(0.992261 -0.000106099 0)
(0.992056 -0.00010129 0)
(0.991859 -9.68588e-05 0)
(0.991671 -9.2892e-05 0)
(0.991491 -8.94101e-05 0)
(0.991316 -8.63555e-05 0)
(0.991148 -8.36185e-05 0)
(0.990984 -8.10813e-05 0)
(0.990825 -7.86563e-05 0)
(0.990671 -7.63046e-05 0)
(0.990522 -7.40337e-05 0)
(0.990377 -7.18791e-05 0)
(0.990236 -6.98814e-05 0)
(0.9901 -6.8067e-05 0)
(0.989966 -6.64386e-05 0)
(0.989836 -6.49756e-05 0)
(0.989708 -6.3641e-05 0)
(0.989583 -6.2393e-05 0)
(0.98946 -6.11944e-05 0)
(0.989339 -6.00205e-05 0)
(0.989221 -5.88611e-05 0)
(0.989105 -5.77192e-05 0)
(0.988991 -5.66065e-05 0)
(0.98888 -5.5538e-05 0)
(0.98877 -5.45271e-05 0)
(0.988663 -5.3582e-05 0)
(0.99464 0.000163578 0)
(0.99432 0.000156772 0)
(0.994015 0.000149415 0)
(0.993725 0.000141993 0)
(0.99345 0.000134904 0)
(0.993188 0.000128341 0)
(0.99294 0.000122276 0)
(0.992703 0.000116573 0)
(0.992477 0.000111133 0)
(0.992261 0.000105961 0)
(0.992056 0.000101148 0)
(0.991859 9.67949e-05 0)
(0.991671 9.29428e-05 0)
(0.991491 8.9553e-05 0)
(0.991316 8.65259e-05 0)
(0.991148 8.37447e-05 0)
(0.990984 8.11162e-05 0)
(0.990825 7.85936e-05 0)
(0.990671 7.61751e-05 0)
(0.990522 7.38883e-05 0)
(0.990377 7.17675e-05 0)
(0.990236 6.98357e-05 0)
(0.9901 6.80944e-05 0)
(0.989966 6.6524e-05 0)
(0.989836 6.50902e-05 0)
(0.989708 6.37534e-05 0)
(0.989583 6.24789e-05 0)
(0.98946 6.12423e-05 0)
(0.989339 6.00322e-05 0)
(0.989221 5.88486e-05 0)
(0.989105 5.76993e-05 0)
(0.988991 5.65954e-05 0)
(0.98888 5.55469e-05 0)
(0.98877 5.45608e-05 0)
(0.988663 5.36388e-05 0)
(0.974593 0.000488731 0)
(0.974279 0.000467981 0)
(0.973979 0.00044571 0)
(0.973695 0.000423265 0)
(0.973426 0.000401796 0)
(0.973171 0.000381916 0)
(0.972928 0.00036362 0)
(0.972697 0.000346549 0)
(0.972476 0.000330376 0)
(0.972266 0.000315051 0)
(0.972065 0.000300774 0)
(0.971874 0.000287815 0)
(0.97169 0.000276315 0)
(0.971514 0.000266197 0)
(0.971344 0.0002572 0)
(0.971179 0.000248985 0)
(0.971019 0.000241262 0)
(0.970864 0.00023386 0)
(0.970713 0.000226746 0)
(0.970568 0.000219981 0)
(0.970426 0.000213666 0)
(0.970289 0.000207882 0)
(0.970155 0.000202653 0)
(0.970024 0.000197938 0)
(0.969897 0.00019365 0)
(0.969772 0.000189675 0)
(0.969649 0.000185905 0)
(0.969529 0.000182259 0)
(0.969411 0.000178691 0)
(0.969296 0.000175192 0)
(0.969183 0.000171782 0)
(0.969072 0.000168492 0)
(0.968963 0.000165356 0)
(0.968856 0.0001624 0)
(0.968751 0.000159634 0)
(0.934498 0.000806817 0)
(0.934194 0.000771085 0)
(0.933906 0.000733423 0)
(0.933635 0.000695855 0)
(0.933378 0.000660096 0)
(0.933135 0.000627056 0)
(0.932904 0.000596705 0)
(0.932684 0.000568476 0)
(0.932475 0.000541861 0)
(0.932275 0.000516766 0)
(0.932085 0.00049348 0)
(0.931903 0.000472379 0)
(0.931729 0.000453637 0)
(0.931561 0.000437095 0)
(0.931399 0.00042232 0)
(0.931242 0.000408784 0)
(0.93109 0.000396043 0)
(0.930942 0.000383847 0)
(0.9308 0.000372155 0)
(0.930661 0.000361072 0)
(0.930527 0.000350751 0)
(0.930396 0.000341306 0)
(0.930269 0.000332762 0)
(0.930144 0.000325044 0)
(0.930023 0.000318001 0)
(0.929904 0.00031145 0)
(0.929788 0.000305221 0)
(0.929674 0.000299187 0)
(0.929562 0.000293282 0)
(0.929453 0.000287495 0)
(0.929345 0.000281859 0)
(0.92924 0.000276427 0)
(0.929137 0.000271251 0)
(0.929036 0.000266371 0)
(0.928937 0.0002618 0)
(0.874346 0.00111182 0)
(0.87406 0.00105903 0)
(0.873792 0.00100493 0)
(0.87354 0.000951939 0)
(0.873303 0.000902014 0)
(0.873078 0.000856129 0)
(0.872866 0.000814119 0)
(0.872664 0.000775206 0)
(0.872473 0.000738734 0)
(0.87229 0.000704585 0)
(0.872116 0.000673089 0)
(0.87195 0.000644644 0)
(0.87179 0.000619363 0)
(0.871636 0.000596947 0)
(0.871487 0.000576793 0)
(0.871343 0.000558221 0)
(0.871204 0.000540698 0)
(0.871069 0.000523952 0)
(0.870939 0.000507965 0)
(0.870813 0.000492881 0)
(0.87069 0.000478883 0)
(0.870572 0.000466087 0)
(0.870456 0.000454485 0)
(0.870344 0.000443949 0)
(0.870234 0.000434265 0)
(0.870127 0.000425191 0)
(0.870022 0.000416514 0)
(0.86992 0.000408085 0)
(0.86982 0.000399832 0)
(0.869722 0.000391756 0)
(0.869627 0.000383904 0)
(0.869534 0.000376348 0)
(0.869444 0.000369152 0)
(0.869355 0.00036236 0)
(0.869269 0.00035598 0)
(0.794125 0.00139864 0)
(0.793867 0.00132697 0)
(0.793628 0.00125564 0)
(0.793405 0.00118708 0)
(0.793197 0.00112317 0)
(0.793001 0.00106472 0)
(0.792816 0.00101135 0)
(0.792642 0.000962112 0)
(0.792477 0.000916265 0)
(0.792321 0.00087369 0)
(0.792172 0.000834709 0)
(0.79203 0.000799634 0)
(0.791894 0.000768417 0)
(0.791763 0.000740567 0)
(0.791638 0.000715314 0)
(0.791517 0.000691882 0)
(0.791402 0.000669713 0)
(0.791291 0.000648559 0)
(0.791184 0.000628445 0)
(0.791082 0.000609543 0)
(0.790983 0.00059203 0)
(0.790888 0.000575989 0)
(0.790797 0.000561356 0)
(0.790708 0.000547941 0)
(0.790623 0.000535478 0)
(0.79054 0.000523691 0)
(0.790461 0.00051235 0)
(0.790384 0.000501309 0)
(0.79031 0.000490507 0)
(0.790239 0.000479963 0)
(0.79017 0.000469738 0)
(0.790103 0.000459911 0)
(0.79004 0.000450547 0)
(0.789978 0.000441684 0)
(0.789918 0.000433318 0)
(0.693827 0.001648 0)
(0.693614 0.00155575 0)
(0.693422 0.00146704 0)
(0.693248 0.00138367 0)
(0.693088 0.00130691 0)
(0.692942 0.00123708 0)
(0.692807 0.00117345 0)
(0.692682 0.00111489 0)
(0.692568 0.00106063 0)
(0.692462 0.00101053 0)
(0.692363 0.000964836 0)
(0.692272 0.000923689 0)
(0.692187 0.000886829 0)
(0.692108 0.000853579 0)
(0.692034 0.000823071 0)
(0.691966 0.00079452 0)
(0.691904 0.000767422 0)
(0.691847 0.000741596 0)
(0.691794 0.000717112 0)
(0.691746 0.000694141 0)
(0.691701 0.000672825 0)
(0.691661 0.000653182 0)
(0.691624 0.000635089 0)
(0.69159 0.000618305 0)
(0.69156 0.000602541 0)
(0.691533 0.00058752 0)
(0.691508 0.000573028 0)
(0.691487 0.000558941 0)
(0.691468 0.000545222 0)
(0.691452 0.0005319 0)
(0.691439 0.000519042 0)
(0.691427 0.000506716 0)
(0.691418 0.000494977 0)
(0.69141 0.000483839 0)
(0.691404 0.000473286 0)
(0.57356 0.00185588 0)
(0.573457 0.00173675 0)
(0.573379 0.00162581 0)
(0.573322 0.00152386 0)
(0.573283 0.00143125 0)
(0.573258 0.00134755 0)
(0.573247 0.00127159 0)
(0.573247 0.00120202 0)
(0.573257 0.00113797 0)
(0.573275 0.00107918 0)
(0.573301 0.00102569 0)
(0.573332 0.000977375 0)
(0.573369 0.000933728 0)
(0.573412 0.000893943 0)
(0.573458 0.000857144 0)
(0.57351 0.000822621 0)
(0.573565 0.000789961 0)
(0.573623 0.000759042 0)
(0.573684 0.000729929 0)
(0.573747 0.000702736 0)
(0.573813 0.000677515 0)
(0.573879 0.000654197 0)
(0.573947 0.000632595 0)
(0.574017 0.000612444 0)
(0.574088 0.000593459 0)
(0.574159 0.00057539 0)
(0.574232 0.000558059 0)
(0.574306 0.000541366 0)
(0.57438 0.000525285 0)
(0.574454 0.000509839 0)
(0.574528 0.000495069 0)
(0.574603 0.000481017 0)
(0.574678 0.000467698 0)
(0.574752 0.000455101 0)
(0.574826 0.000443183 0)
(0.434398 0.00189509 0)
(0.434625 0.00174569 0)
(0.434872 0.00160981 0)
(0.435133 0.00148702 0)
(0.435401 0.0013767 0)
(0.435672 0.00127777 0)
(0.435945 0.00118872 0)
(0.436216 0.00110811 0)
(0.436485 0.00103495 0)
(0.436749 0.000968764 0)
(0.437008 0.000909215 0)
(0.437261 0.000855805 0)
(0.437509 0.000807785 0)
(0.437751 0.000764266 0)
(0.437988 0.000724406 0)
(0.438219 0.000687566 0)
(0.438445 0.000653361 0)
(0.438665 0.000621617 0)
(0.43888 0.000592266 0)
(0.439088 0.00056526 0)
(0.439291 0.000540487 0)
(0.439489 0.000517767 0)
(0.439682 0.000496847 0)
(0.43987 0.000477457 0)
(0.440053 0.000459337 0)
(0.440232 0.000442276 0)
(0.440407 0.000426123 0)
(0.440578 0.000410792 0)
(0.440745 0.000396239 0)
(0.440908 0.000382455 0)
(0.441066 0.000369436 0)
(0.441221 0.000357176 0)
(0.441373 0.00034565 0)
(0.44152 0.000334819 0)
(0.441665 0.000324623 0)
(0.280927 0.0014217 0)
(0.281731 0.00124617 0)
(0.282483 0.00109997 0)
(0.283185 0.000977739 0)
(0.283838 0.000875118 0)
(0.284447 0.000788414 0)
(0.285015 0.000714463 0)
(0.285545 0.000650778 0)
(0.286041 0.000595599 0)
(0.286505 0.000547706 0)
(0.28694 0.000506117 0)
(0.28735 0.000469891 0)
(0.287736 0.000438093 0)
(0.288101 0.000409868 0)
(0.288447 0.00038452 0)
(0.288775 0.000361558 0)
(0.289088 0.00034067 0)
(0.289385 0.000321668 0)
(0.289668 0.000304417 0)
(0.289938 0.000288784 0)
(0.290196 0.000274616 0)
(0.290443 0.000261735 0)
(0.290679 0.000249951 0)
(0.290907 0.000239087 0)
(0.291126 0.00022899 0)
(0.291337 0.000219544 0)
(0.29154 0.000210669 0)
(0.291736 0.000202316 0)
(0.291925 0.000194456 0)
(0.292108 0.000187074 0)
(0.292284 0.000180153 0)
(0.292455 0.000173675 0)
(0.29262 0.000167615 0)
(0.29278 0.000161939 0)
(0.292934 0.000156611 0)
(0.12007 0.000274862 0)
(0.120841 0.000227852 0)
(0.121513 0.000192972 0)
(0.122105 0.000166502 0)
(0.122631 0.000145932 0)
(0.123103 0.000129596 0)
(0.123528 0.0001164 0)
(0.123914 0.000105609 0)
(0.124267 9.6669e-05 0)
(0.124591 8.91156e-05 0)
(0.124889 8.25628e-05 0)
(0.125166 7.67352e-05 0)
(0.125423 7.14827e-05 0)
(0.125663 6.67531e-05 0)
(0.125889 6.25378e-05 0)
(0.1261 5.88214e-05 0)
(0.1263 5.55544e-05 0)
(0.126488 5.26566e-05 0)
(0.126665 5.00335e-05 0)
(0.126834 4.76022e-05 0)
(0.126993 4.53054e-05 0)
(0.127146 4.31186e-05 0)
(0.127291 4.10422e-05 0)
(0.127429 3.90924e-05 0)
(0.127562 3.72865e-05 0)
(0.127689 3.56355e-05 0)
(0.127811 3.41373e-05 0)
(0.127928 3.27787e-05 0)
(0.12804 3.15372e-05 0)
(0.128148 3.03881e-05 0)
(0.128252 2.9307e-05 0)
(0.128352 2.8276e-05 0)
(0.128449 2.72827e-05 0)
(0.128542 2.63227e-05 0)
(0.128632 2.53963e-05 0)
(0.128719 -2.44354e-05 0)
(0.128803 -2.36009e-05 0)
(0.128885 -2.28238e-05 0)
(0.128964 -2.21016e-05 0)
(0.129041 -2.14277e-05 0)
(0.129115 -2.07954e-05 0)
(0.129187 -2.01965e-05 0)
(0.129257 -1.96248e-05 0)
(0.129326 -1.90746e-05 0)
(0.129392 -1.85428e-05 0)
(0.293085 -0.000151632 0)
(0.293231 -0.000146856 0)
(0.293372 -0.00014232 0)
(0.29351 -0.000138003 0)
(0.293644 -0.000133887 0)
(0.293775 -0.000129958 0)
(0.293902 -0.000126205 0)
(0.294025 -0.000122617 0)
(0.294145 -0.000119188 0)
(0.294263 -0.000115911 0)
(0.441806 -0.00031507 0)
(0.441944 -0.000305919 0)
(0.442079 -0.000297199 0)
(0.442211 -0.000288865 0)
(0.442341 -0.000280879 0)
(0.442468 -0.000273217 0)
(0.442592 -0.000265861 0)
(0.442714 -0.000258801 0)
(0.442833 -0.000252026 0)
(0.44295 -0.000245532 0)
(0.5749 -0.000431931 0)
(0.574974 -0.000421152 0)
(0.575048 -0.000410825 0)
(0.575121 -0.000400888 0)
(0.575194 -0.000391292 0)
(0.575267 -0.000382007 0)
(0.575339 -0.000373014 0)
(0.575411 -0.000364308 0)
(0.575482 -0.000355889 0)
(0.575553 -0.000347762 0)
(0.6914 -0.000463272 0)
(0.691398 -0.000453714 0)
(0.691397 -0.000444531 0)
(0.691398 -0.000435651 0)
(0.6914 -0.000427018 0)
(0.691404 -0.000418595 0)
(0.691408 -0.000410363 0)
(0.691414 -0.000402318 0)
(0.691422 -0.00039447 0)
(0.69143 -0.000386833 0)
(0.789861 -0.000425371 0)
(0.789805 -0.000417878 0)
(0.789751 -0.000410705 0)
(0.7897 -0.000403779 0)
(0.78965 -0.000397035 0)
(0.789602 -0.000390429 0)
(0.789555 -0.000383937 0)
(0.78951 -0.000377554 0)
(0.789467 -0.000371287 0)
(0.789426 -0.000365155 0)
(0.869184 -0.000349908 0)
(0.869101 -0.000344274 0)
(0.86902 -0.000338922 0)
(0.86894 -0.000333781 0)
(0.868862 -0.00032879 0)
(0.868786 -0.000323903 0)
(0.868711 -0.000319093 0)
(0.868638 -0.00031435 0)
(0.868566 -0.00030968 0)
(0.868496 -0.000305099 0)
(0.92884 -0.000257429 0)
(0.928745 -0.000253427 0)
(0.928651 -0.000249649 0)
(0.928558 -0.00024604 0)
(0.928467 -0.00024255 0)
(0.928378 -0.000239141 0)
(0.928289 -0.000235786 0)
(0.928202 -0.000232476 0)
(0.928117 -0.000229213 0)
(0.928033 -0.000226009 0)
(0.968648 -0.000156965 0)
(0.968546 -0.000154547 0)
(0.968446 -0.000152274 0)
(0.968348 -0.000150111 0)
(0.968251 -0.000148026 0)
(0.968155 -0.000145993 0)
(0.968061 -0.000143994 0)
(0.967968 -0.000142021 0)
(0.967876 -0.000140074 0)
(0.967786 -0.00013816 0)
(0.988557 -5.27043e-05 0)
(0.988453 -5.1889e-05 0)
(0.988351 -5.11264e-05 0)
(0.98825 -5.04043e-05 0)
(0.98815 -4.97103e-05 0)
(0.988052 -4.90342e-05 0)
(0.987955 -4.83688e-05 0)
(0.98786 -4.77107e-05 0)
(0.987766 -4.70597e-05 0)
(0.987673 -4.64182e-05 0)
(0.988557 5.27776e-05 0)
(0.988453 5.19702e-05 0)
(0.988351 5.12073e-05 0)
(0.98825 5.04787e-05 0)
(0.98815 4.97757e-05 0)
(0.988052 4.90912e-05 0)
(0.987955 4.84209e-05 0)
(0.98786 4.77627e-05 0)
(0.987766 4.71169e-05 0)
(0.987673 4.6485e-05 0)
(0.968648 0.000157052 0)
(0.968546 0.000154635 0)
(0.968446 0.000152355 0)
(0.968348 0.000150181 0)
(0.968251 0.000148084 0)
(0.968155 0.00014604 0)
(0.968061 0.000144035 0)
(0.967968 0.000142063 0)
(0.967876 0.000140122 0)
(0.967786 0.000138219 0)
(0.92884 0.000257526 0)
(0.928745 0.000253515 0)
(0.928651 0.000249723 0)
(0.928558 0.000246097 0)
(0.928467 0.000242593 0)
(0.928378 0.000239172 0)
(0.928289 0.000235813 0)
(0.928203 0.000232506 0)
(0.928117 0.000229251 0)
(0.928033 0.000226059 0)
(0.869184 0.000349991 0)
(0.869101 0.000344343 0)
(0.86902 0.000338974 0)
(0.86894 0.000333818 0)
(0.868862 0.000328816 0)
(0.868786 0.000323924 0)
(0.868711 0.000319114 0)
(0.868638 0.000314377 0)
(0.868566 0.000309718 0)
(0.868496 0.000305148 0)
(0.789861 0.000425414 0)
(0.789805 0.000417908 0)
(0.789752 0.000410727 0)
(0.7897 0.000403797 0)
(0.78965 0.000397054 0)
(0.789602 0.000390453 0)
(0.789555 0.000383969 0)
(0.789511 0.000377594 0)
(0.789467 0.000371335 0)
(0.789426 0.00036521 0)
(0.6914 0.000463265 0)
(0.691398 0.000453706 0)
(0.691397 0.000444529 0)
(0.691398 0.000435662 0)
(0.6914 0.000427045 0)
(0.691404 0.000418637 0)
(0.691409 0.000410416 0)
(0.691415 0.000402379 0)
(0.691422 0.000394533 0)
(0.69143 0.000386893 0)
(0.5749 0.00043188 0)
(0.574974 0.000421116 0)
(0.575048 0.000410814 0)
(0.575121 0.000400905 0)
(0.575194 0.000391336 0)
(0.575267 0.00038207 0)
(0.575339 0.000373087 0)
(0.575411 0.000364381 0)
(0.575482 0.000355954 0)
(0.575553 0.000347812 0)
(0.441806 0.000314999 0)
(0.441944 0.000305876 0)
(0.442079 0.000297193 0)
(0.442211 0.000288892 0)
(0.442341 0.000280935 0)
(0.442468 0.000273288 0)
(0.442592 0.000265936 0)
(0.442714 0.000258866 0)
(0.442833 0.000252076 0)
(0.44295 0.00024556 0)
(0.293085 0.000151592 0)
(0.293231 0.000146846 0)
(0.293372 0.000142338 0)
(0.29351 0.000138043 0)
(0.293644 0.000133939 0)
(0.293775 0.000130011 0)
(0.293902 0.00012625 0)
(0.294025 0.000122648 0)
(0.294146 0.000119203 0)
(0.294263 0.000115909 0)
(0.128719 2.45079e-05 0)
(0.128803 2.3662e-05 0)
(0.128885 2.28635e-05 0)
(0.128964 2.21142e-05 0)
(0.129041 2.14145e-05 0)
(0.129115 2.07609e-05 0)
(0.129187 2.01495e-05 0)
(0.129258 1.95739e-05 0)
(0.129326 1.90291e-05 0)
(0.129392 1.85086e-05 0)
(0.129456 -1.80275e-05 0)
(0.129519 -1.75284e-05 0)
(0.12958 -1.70462e-05 0)
(0.129639 -1.65821e-05 0)
(0.129697 -1.61369e-05 0)
(0.129754 -1.57116e-05 0)
(0.129809 -1.53062e-05 0)
(0.129863 -1.49205e-05 0)
(0.129915 -1.45531e-05 0)
(0.129966 -1.42031e-05 0)
(0.130016 -1.38684e-05 0)
(0.130065 -1.35478e-05 0)
(0.130113 -1.3239e-05 0)
(0.130159 -1.29412e-05 0)
(0.130205 -1.26529e-05 0)
(0.13025 -1.23734e-05 0)
(0.130293 -1.2102e-05 0)
(0.130336 -1.18387e-05 0)
(0.130378 -1.15831e-05 0)
(0.130419 -1.13354e-05 0)
(0.130459 -1.10954e-05 0)
(0.130498 -1.08634e-05 0)
(0.130537 -1.06392e-05 0)
(0.130575 -1.04229e-05 0)
(0.130612 -1.02141e-05 0)
(0.130648 -1.00129e-05 0)
(0.130684 -9.81872e-06 0)
(0.130719 -9.63163e-06 0)
(0.130753 -9.451e-06 0)
(0.130786 -9.27702e-06 0)
(0.13082 -9.10914e-06 0)
(0.130852 -8.9477e-06 0)
(0.130884 -8.79236e-06 0)
(0.130915 -8.64371e-06 0)
(0.130946 -8.50181e-06 0)
(0.294377 -0.000112778 0)
(0.294488 -0.000109783 0)
(0.294597 -0.00010692 0)
(0.294703 -0.000104181 0)
(0.294807 -0.000101558 0)
(0.294908 -9.90459e-05 0)
(0.295007 -9.66358e-05 0)
(0.295103 -9.43215e-05 0)
(0.295198 -9.2096e-05 0)
(0.29529 -8.99537e-05 0)
(0.295381 -8.7889e-05 0)
(0.295469 -8.58975e-05 0)
(0.295556 -8.39748e-05 0)
(0.295641 -8.21178e-05 0)
(0.295724 -8.03232e-05 0)
(0.295805 -7.85887e-05 0)
(0.295885 -7.69118e-05 0)
(0.295963 -7.52907e-05 0)
(0.29604 -7.37232e-05 0)
(0.296115 -7.22077e-05 0)
(0.296189 -7.0742e-05 0)
(0.296261 -6.93245e-05 0)
(0.296332 -6.79531e-05 0)
(0.296401 -6.66262e-05 0)
(0.29647 -6.53415e-05 0)
(0.296537 -6.40978e-05 0)
(0.296603 -6.28929e-05 0)
(0.296667 -6.17259e-05 0)
(0.296731 -6.05951e-05 0)
(0.296794 -5.94999e-05 0)
(0.296855 -5.84393e-05 0)
(0.296915 -5.74135e-05 0)
(0.296975 -5.64224e-05 0)
(0.297033 -5.54669e-05 0)
(0.297091 -5.45481e-05 0)
(0.443064 -0.00023931 0)
(0.443176 -0.000233352 0)
(0.443286 -0.000227646 0)
(0.443394 -0.000222179 0)
(0.4435 -0.000216936 0)
(0.443603 -0.000211904 0)
(0.443705 -0.000207067 0)
(0.443805 -0.00020241 0)
(0.443903 -0.00019792 0)
(0.443999 -0.000193586 0)
(0.444094 -0.000189397 0)
(0.444187 -0.000185347 0)
(0.444278 -0.000181426 0)
(0.444368 -0.000177631 0)
(0.444456 -0.000173956 0)
(0.444542 -0.000170398 0)
(0.444628 -0.000166953 0)
(0.444711 -0.000163617 0)
(0.444794 -0.000160387 0)
(0.444874 -0.000157259 0)
(0.444954 -0.00015423 0)
(0.445032 -0.000151297 0)
(0.445109 -0.000148454 0)
(0.445185 -0.000145698 0)
(0.44526 -0.000143025 0)
(0.445333 -0.000140433 0)
(0.445405 -0.000137917 0)
(0.445476 -0.000135475 0)
(0.445546 -0.000133104 0)
(0.445615 -0.000130802 0)
(0.445683 -0.000128569 0)
(0.44575 -0.000126404 0)
(0.445816 -0.000124306 0)
(0.445881 -0.000122278 0)
(0.445945 -0.000120322 0)
(0.575623 -0.000339929 0)
(0.575693 -0.000332389 0)
(0.575762 -0.000325139 0)
(0.57583 -0.000318169 0)
(0.575898 -0.000311464 0)
(0.575965 -0.000305008 0)
(0.576032 -0.000298782 0)
(0.576097 -0.000292768 0)
(0.576163 -0.000286949 0)
(0.576228 -0.000281308 0)
(0.576292 -0.000275834 0)
(0.576355 -0.000270515 0)
(0.576418 -0.000265345 0)
(0.576481 -0.000260317 0)
(0.576542 -0.000255429 0)
(0.576604 -0.000250676 0)
(0.576664 -0.000246057 0)
(0.576724 -0.00024157 0)
(0.576783 -0.000237211 0)
(0.576842 -0.000232979 0)
(0.5769 -0.00022887 0)
(0.576957 -0.00022488 0)
(0.577014 -0.000221004 0)
(0.57707 -0.000217238 0)
(0.577126 -0.000213577 0)
(0.577181 -0.000210017 0)
(0.577235 -0.000206554 0)
(0.577289 -0.000203183 0)
(0.577343 -0.000199901 0)
(0.577395 -0.000196708 0)
(0.577448 -0.0001936 0)
(0.577499 -0.000190579 0)
(0.577551 -0.000187644 0)
(0.577601 -0.000184799 0)
(0.577651 -0.000182047 0)
(0.691439 -0.000379422 0)
(0.691449 -0.000372247 0)
(0.69146 -0.000365315 0)
(0.691472 -0.000358624 0)
(0.691484 -0.000352167 0)
(0.691497 -0.000345929 0)
(0.691511 -0.000339894 0)
(0.691526 -0.000334044 0)
(0.691541 -0.00032836 0)
(0.691556 -0.000322825 0)
(0.691573 -0.000317426 0)
(0.691589 -0.000312153 0)
(0.691606 -0.000306998 0)
(0.691624 -0.000301958 0)
(0.691642 -0.000297029 0)
(0.69166 -0.000292213 0)
(0.691679 -0.00028751 0)
(0.691698 -0.000282919 0)
(0.691717 -0.000278442 0)
(0.691737 -0.000274078 0)
(0.691757 -0.000269825 0)
(0.691777 -0.000265681 0)
(0.691797 -0.000261644 0)
(0.691818 -0.000257708 0)
(0.691838 -0.000253871 0)
(0.691859 -0.000250127 0)
(0.69188 -0.000246473 0)
(0.691901 -0.000242906 0)
(0.691922 -0.000239422 0)
(0.691944 -0.000236021 0)
(0.691965 -0.0002327 0)
(0.691987 -0.000229461 0)
(0.692008 -0.000226305 0)
(0.69203 -0.000223236 0)
(0.692052 -0.000220259 0)
(0.789386 -0.000359176 0)
(0.789347 -0.00035337 0)
(0.78931 -0.000347748 0)
(0.789274 -0.000342316 0)
(0.789239 -0.000337069 0)
(0.789206 -0.000332 0)
(0.789174 -0.000327093 0)
(0.789143 -0.000322331 0)
(0.789113 -0.000317696 0)
(0.789084 -0.00031317 0)
(0.789056 -0.000308741 0)
(0.78903 -0.000304398 0)
(0.789004 -0.000300132 0)
(0.78898 -0.000295941 0)
(0.788956 -0.000291824 0)
(0.788933 -0.000287782 0)
(0.788911 -0.000283817 0)
(0.78889 -0.000279932 0)
(0.78887 -0.000276129 0)
(0.788851 -0.000272409 0)
(0.788832 -0.000268774 0)
(0.788814 -0.000265222 0)
(0.788797 -0.000261752 0)
(0.788781 -0.000258361 0)
(0.788765 -0.000255046 0)
(0.78875 -0.000251804 0)
(0.788735 -0.00024863 0)
(0.788721 -0.000245523 0)
(0.788708 -0.00024248 0)
(0.788695 -0.000239499 0)
(0.788683 -0.000236581 0)
(0.788671 -0.000233726 0)
(0.78866 -0.000230937 0)
(0.78865 -0.000228218 0)
(0.78864 -0.000225577 0)
(0.868427 -0.000300625 0)
(0.868359 -0.000296277 0)
(0.868293 -0.00029207 0)
(0.868228 -0.000288012 0)
(0.868165 -0.000284103 0)
(0.868103 -0.000280336 0)
(0.868042 -0.000276699 0)
(0.867982 -0.000273178 0)
(0.867923 -0.000269755 0)
(0.867866 -0.000266415 0)
(0.86781 -0.000263144 0)
(0.867754 -0.000259931 0)
(0.8677 -0.00025677 0)
(0.867647 -0.000253657 0)
(0.867595 -0.00025059 0)
(0.867543 -0.00024757 0)
(0.867493 -0.000244602 0)
(0.867444 -0.000241687 0)
(0.867396 -0.000238829 0)
(0.867348 -0.00023603 0)
(0.867302 -0.000233292 0)
(0.867256 -0.000230614 0)
(0.867211 -0.000227996 0)
(0.867167 -0.000225436 0)
(0.867124 -0.000222931 0)
(0.867082 -0.000220479 0)
(0.86704 -0.000218076 0)
(0.867 -0.000215721 0)
(0.866959 -0.00021341 0)
(0.86692 -0.000211143 0)
(0.866882 -0.000208919 0)
(0.866844 -0.000206741 0)
(0.866806 -0.00020461 0)
(0.86677 -0.000202531 0)
(0.866734 -0.00020051 0)
(0.92795 -0.000222878 0)
(0.927869 -0.000219838 0)
(0.927788 -0.0002169 0)
(0.927709 -0.000214073 0)
(0.927631 -0.000211359 0)
(0.927555 -0.000208753 0)
(0.927479 -0.000206247 0)
(0.927404 -0.00020383 0)
(0.927331 -0.000201487 0)
(0.927258 -0.000199205 0)
(0.927187 -0.000196974 0)
(0.927116 -0.000194784 0)
(0.927046 -0.000192628 0)
(0.926978 -0.000190503 0)
(0.92691 -0.000188409 0)
(0.926843 -0.000186346 0)
(0.926777 -0.000184316 0)
(0.926712 -0.000182323 0)
(0.926648 -0.000180369 0)
(0.926585 -0.000178456 0)
(0.926522 -0.000176586 0)
(0.92646 -0.00017476 0)
(0.926399 -0.000172976 0)
(0.926339 -0.000171233 0)
(0.92628 -0.00016953 0)
(0.926221 -0.000167864 0)
(0.926163 -0.000166232 0)
(0.926106 -0.000164633 0)
(0.92605 -0.000163064 0)
(0.925994 -0.000161526 0)
(0.925939 -0.000160016 0)
(0.925885 -0.000158537 0)
(0.925831 -0.00015709 0)
(0.925778 -0.00015568 0)
(0.925726 -0.000154311 0)
(0.967697 -0.00013629 0)
(0.967609 -0.000134473 0)
(0.967522 -0.00013272 0)
(0.967436 -0.000131036 0)
(0.967352 -0.000129423 0)
(0.967268 -0.000127879 0)
(0.967186 -0.000126399 0)
(0.967105 -0.000124975 0)
(0.967024 -0.000123599 0)
(0.966945 -0.000122262 0)
(0.966866 -0.000120956 0)
(0.966789 -0.000119674 0)
(0.966712 -0.000118413 0)
(0.966636 -0.000117171 0)
(0.966561 -0.000115946 0)
(0.966487 -0.000114738 0)
(0.966413 -0.000113551 0)
(0.96634 -0.000112386 0)
(0.966269 -0.000111244 0)
(0.966198 -0.000110128 0)
(0.966127 -0.000109038 0)
(0.966058 -0.000107976 0)
(0.965989 -0.00010694 0)
(0.965921 -0.00010593 0)
(0.965853 -0.000104944 0)
(0.965787 -0.000103982 0)
(0.965721 -0.00010304 0)
(0.965655 -0.000102118 0)
(0.96559 -0.000101215 0)
(0.965526 -0.000100329 0)
(0.965463 -9.94606e-05 0)
(0.9654 -9.86102e-05 0)
(0.965338 -9.77792e-05 0)
(0.965276 -9.697e-05 0)
(0.965215 -9.61862e-05 0)
(0.987581 -4.57902e-05 0)
(0.98749 -4.518e-05 0)
(0.987401 -4.45916e-05 0)
(0.987313 -4.40275e-05 0)
(0.987226 -4.34887e-05 0)
(0.98714 -4.29749e-05 0)
(0.987055 -4.2484e-05 0)
(0.986971 -4.20132e-05 0)
(0.986888 -4.1559e-05 0)
(0.986806 -4.11181e-05 0)
(0.986725 -4.06874e-05 0)
(0.986644 -4.02644e-05 0)
(0.986565 -3.98475e-05 0)
(0.986486 -3.94358e-05 0)
(0.986408 -3.90291e-05 0)
(0.986331 -3.8628e-05 0)
(0.986254 -3.82331e-05 0)
(0.986179 -3.78455e-05 0)
(0.986104 -3.74661e-05 0)
(0.98603 -3.70958e-05 0)
(0.985957 -3.67349e-05 0)
(0.985884 -3.63837e-05 0)
(0.985812 -3.60422e-05 0)
(0.985741 -3.57098e-05 0)
(0.98567 -3.53861e-05 0)
(0.9856 -3.50704e-05 0)
(0.985531 -3.47618e-05 0)
(0.985462 -3.44597e-05 0)
(0.985394 -3.41636e-05 0)
(0.985327 -3.3873e-05 0)
(0.98526 -3.35879e-05 0)
(0.985194 -3.33085e-05 0)
(0.985128 -3.30352e-05 0)
(0.985063 -3.27689e-05 0)
(0.984998 -3.2511e-05 0)
(0.987581 4.58692e-05 0)
(0.98749 4.52719e-05 0)
(0.987401 4.46951e-05 0)
(0.987313 4.41399e-05 0)
(0.987226 4.36064e-05 0)
(0.98714 4.3094e-05 0)
(0.987055 4.26012e-05 0)
(0.986971 4.21263e-05 0)
(0.986888 4.1667e-05 0)
(0.986806 4.12212e-05 0)
(0.986725 4.0787e-05 0)
(0.986644 4.03627e-05 0)
(0.986565 3.99471e-05 0)
(0.986486 3.95393e-05 0)
(0.986408 3.91391e-05 0)
(0.986331 3.87461e-05 0)
(0.986254 3.83605e-05 0)
(0.986179 3.79824e-05 0)
(0.986104 3.76123e-05 0)
(0.98603 3.72502e-05 0)
(0.985957 3.68963e-05 0)
(0.985884 3.65507e-05 0)
(0.985812 3.62134e-05 0)
(0.985741 3.58842e-05 0)
(0.98567 3.55629e-05 0)
(0.985601 3.52491e-05 0)
(0.985531 3.49427e-05 0)
(0.985463 3.46432e-05 0)
(0.985394 3.43506e-05 0)
(0.985327 3.40645e-05 0)
(0.98526 3.37852e-05 0)
(0.985194 3.35128e-05 0)
(0.985128 3.32477e-05 0)
(0.985063 3.29906e-05 0)
(0.984998 3.27427e-05 0)
(0.967697 0.000136362 0)
(0.967609 0.00013456 0)
(0.967522 0.000132819 0)
(0.967436 0.000131145 0)
(0.967352 0.000129538 0)
(0.967268 0.000127996 0)
(0.967186 0.000126515 0)
(0.967105 0.000125087 0)
(0.967024 0.000123706 0)
(0.966945 0.000122364 0)
(0.966866 0.000121054 0)
(0.966789 0.000119771 0)
(0.966712 0.000118511 0)
(0.966636 0.000117272 0)
(0.966561 0.000116052 0)
(0.966487 0.000114852 0)
(0.966413 0.000113673 0)
(0.966341 0.000112516 0)
(0.966269 0.000111383 0)
(0.966198 0.000110274 0)
(0.966127 0.000109191 0)
(0.966058 0.000108134 0)
(0.965989 0.000107103 0)
(0.965921 0.000106096 0)
(0.965854 0.000105113 0)
(0.965787 0.000104153 0)
(0.965721 0.000103214 0)
(0.965655 0.000102295 0)
(0.965591 0.000101395 0)
(0.965527 0.000100514 0)
(0.965463 9.96513e-05 0)
(0.9654 9.88076e-05 0)
(0.965338 9.79842e-05 0)
(0.965276 9.71835e-05 0)
(0.965215 9.6409e-05 0)
(0.92795 0.000222943 0)
(0.927869 0.000219917 0)
(0.927788 0.000216992 0)
(0.927709 0.000214175 0)
(0.927631 0.000211467 0)
(0.927555 0.000208863 0)
(0.927479 0.000206357 0)
(0.927404 0.000203936 0)
(0.927331 0.000201589 0)
(0.927258 0.000199304 0)
(0.927187 0.000197069 0)
(0.927116 0.000194877 0)
(0.927047 0.000192722 0)
(0.926978 0.000190599 0)
(0.92691 0.000188509 0)
(0.926843 0.000186451 0)
(0.926777 0.000184428 0)
(0.926712 0.000182442 0)
(0.926648 0.000180495 0)
(0.926585 0.000178588 0)
(0.926522 0.000176724 0)
(0.926461 0.000174903 0)
(0.9264 0.000173123 0)
(0.92634 0.000171384 0)
(0.92628 0.000169684 0)
(0.926222 0.000168021 0)
(0.926164 0.000166393 0)
(0.926107 0.000164797 0)
(0.92605 0.000163232 0)
(0.925995 0.000161698 0)
(0.92594 0.000160194 0)
(0.925885 0.000158721 0)
(0.925832 0.000157281 0)
(0.925779 0.000155878 0)
(0.925726 0.000154517 0)
(0.868427 0.000300686 0)
(0.868359 0.00029635 0)
(0.868293 0.000292153 0)
(0.868229 0.000288101 0)
(0.868165 0.000284196 0)
(0.868103 0.00028043 0)
(0.868042 0.000276793 0)
(0.867982 0.00027327 0)
(0.867924 0.000269845 0)
(0.867866 0.000266503 0)
(0.86781 0.000263231 0)
(0.867755 0.000260018 0)
(0.8677 0.000256858 0)
(0.867647 0.000253746 0)
(0.867595 0.000250681 0)
(0.867544 0.000247666 0)
(0.867494 0.000244701 0)
(0.867444 0.000241791 0)
(0.867396 0.000238938 0)
(0.867349 0.000236143 0)
(0.867302 0.000233409 0)
(0.867256 0.000230736 0)
(0.867212 0.000228122 0)
(0.867168 0.000225565 0)
(0.867125 0.000223065 0)
(0.867082 0.000220616 0)
(0.867041 0.000218217 0)
(0.867 0.000215865 0)
(0.86696 0.000213558 0)
(0.866921 0.000211296 0)
(0.866882 0.000209077 0)
(0.866844 0.000206903 0)
(0.866807 0.000204778 0)
(0.866771 0.000202704 0)
(0.866735 0.00020069 0)
(0.789386 0.000359237 0)
(0.789347 0.000353434 0)
(0.78931 0.000347815 0)
(0.789274 0.000342383 0)
(0.789239 0.000337137 0)
(0.789206 0.000332068 0)
(0.789174 0.000327162 0)
(0.789143 0.000322401 0)
(0.789113 0.000317767 0)
(0.789084 0.000313244 0)
(0.789057 0.000308817 0)
(0.78903 0.000304475 0)
(0.789005 0.000300212 0)
(0.78898 0.000296023 0)
(0.788956 0.000291908 0)
(0.788934 0.000287867 0)
(0.788912 0.000283903 0)
(0.788891 0.000280019 0)
(0.788871 0.000276218 0)
(0.788851 0.0002725 0)
(0.788833 0.000268867 0)
(0.788815 0.000265318 0)
(0.788798 0.000261852 0)
(0.788781 0.000258464 0)
(0.788765 0.000255153 0)
(0.78875 0.000251915 0)
(0.788736 0.000248746 0)
(0.788722 0.000245643 0)
(0.788709 0.000242604 0)
(0.788696 0.000239628 0)
(0.788684 0.000236713 0)
(0.788672 0.000233862 0)
(0.788661 0.000231078 0)
(0.788651 0.000228363 0)
(0.788641 0.000225726 0)
(0.691439 0.000379475 0)
(0.691449 0.000372294 0)
(0.69146 0.000365354 0)
(0.691472 0.000358659 0)
(0.691484 0.000352199 0)
(0.691498 0.000345963 0)
(0.691511 0.000339931 0)
(0.691526 0.000334087 0)
(0.691541 0.00032841 0)
(0.691557 0.000322883 0)
(0.691573 0.00031749 0)
(0.69159 0.000312223 0)
(0.691607 0.000307071 0)
(0.691624 0.000302032 0)
(0.691642 0.000297104 0)
(0.691661 0.000292287 0)
(0.691679 0.000287581 0)
(0.691698 0.000282988 0)
(0.691718 0.000278509 0)
(0.691737 0.000274144 0)
(0.691757 0.000269891 0)
(0.691777 0.000265749 0)
(0.691798 0.000261713 0)
(0.691818 0.000257782 0)
(0.691839 0.000253948 0)
(0.69186 0.000250209 0)
(0.691881 0.000246559 0)
(0.691902 0.000242997 0)
(0.691923 0.000239518 0)
(0.691944 0.000236121 0)
(0.691966 0.000232803 0)
(0.691987 0.000229567 0)
(0.692009 0.000226413 0)
(0.692031 0.000223347 0)
(0.692053 0.000220373 0)
(0.575623 0.000339962 0)
(0.575693 0.000332407 0)
(0.575762 0.000325145 0)
(0.57583 0.000318167 0)
(0.575898 0.000311461 0)
(0.575965 0.00030501 0)
(0.576032 0.000298793 0)
(0.576098 0.000292791 0)
(0.576163 0.000286984 0)
(0.576228 0.000281355 0)
(0.576292 0.00027589 0)
(0.576356 0.000270578 0)
(0.576419 0.00026541 0)
(0.576481 0.000260382 0)
(0.576543 0.000255491 0)
(0.576604 0.000250734 0)
(0.576665 0.000246109 0)
(0.576724 0.000241617 0)
(0.576784 0.000237254 0)
(0.576842 0.000233019 0)
(0.5769 0.000228909 0)
(0.576958 0.000224919 0)
(0.577015 0.000221045 0)
(0.577071 0.000217282 0)
(0.577126 0.000213626 0)
(0.577182 0.00021007 0)
(0.577236 0.000206612 0)
(0.57729 0.000203245 0)
(0.577343 0.000199969 0)
(0.577396 0.000196778 0)
(0.577449 0.000193674 0)
(0.5775 0.000190654 0)
(0.577552 0.000187721 0)
(0.577602 0.000184876 0)
(0.577652 0.000182124 0)
(0.443064 0.000239318 0)
(0.443177 0.000233342 0)
(0.443287 0.000227626 0)
(0.443394 0.000222154 0)
(0.4435 0.000216915 0)
(0.443604 0.000211891 0)
(0.443705 0.000207066 0)
(0.443805 0.000202422 0)
(0.443903 0.000197947 0)
(0.444 0.000193623 0)
(0.444094 0.000189443 0)
(0.444187 0.000185396 0)
(0.444278 0.000181476 0)
(0.444368 0.000177678 0)
(0.444456 0.000173998 0)
(0.444543 0.000170433 0)
(0.444628 0.000166982 0)
(0.444712 0.000163639 0)
(0.444794 0.000160405 0)
(0.444875 0.000157274 0)
(0.444954 0.000154245 0)
(0.445033 0.000151311 0)
(0.44511 0.000148472 0)
(0.445186 0.000145719 0)
(0.44526 0.000143052 0)
(0.445334 0.000140463 0)
(0.445406 0.000137952 0)
(0.445477 0.000135512 0)
(0.445547 0.000133145 0)
(0.445616 0.000130845 0)
(0.445684 0.000128614 0)
(0.445751 0.000126448 0)
(0.445817 0.000124352 0)
(0.445882 0.000122323 0)
(0.445946 0.000120367 0)
(0.294377 0.000112764 0)
(0.294489 0.000109761 0)
(0.294597 0.000106895 0)
(0.294703 0.000104159 0)
(0.294807 0.000101543 0)
(0.294908 9.90395e-05 0)
(0.295007 9.66392e-05 0)
(0.295104 9.43338e-05 0)
(0.295198 9.21156e-05 0)
(0.295291 8.9978e-05 0)
(0.295381 8.79154e-05 0)
(0.29547 8.59234e-05 0)
(0.295556 8.39982e-05 0)
(0.295641 8.21373e-05 0)
(0.295724 8.03381e-05 0)
(0.295806 7.85991e-05 0)
(0.295885 7.69184e-05 0)
(0.295964 7.52944e-05 0)
(0.29604 7.37253e-05 0)
(0.296115 7.22094e-05 0)
(0.296189 7.07446e-05 0)
(0.296261 6.93288e-05 0)
(0.296332 6.79598e-05 0)
(0.296402 6.66355e-05 0)
(0.29647 6.53536e-05 0)
(0.296537 6.41122e-05 0)
(0.296603 6.29094e-05 0)
(0.296668 6.17439e-05 0)
(0.296732 6.06141e-05 0)
(0.296794 5.95194e-05 0)
(0.296855 5.8459e-05 0)
(0.296916 5.7433e-05 0)
(0.296975 5.64415e-05 0)
(0.297034 5.54856e-05 0)
(0.297091 5.45664e-05 0)
(0.129456 1.80089e-05 0)
(0.129519 1.75259e-05 0)
(0.12958 1.70586e-05 0)
(0.129639 1.66052e-05 0)
(0.129697 1.61666e-05 0)
(0.129754 1.57425e-05 0)
(0.129809 1.53344e-05 0)
(0.129863 1.49422e-05 0)
(0.129915 1.4567e-05 0)
(0.129966 1.42078e-05 0)
(0.130016 1.38653e-05 0)
(0.130065 1.35377e-05 0)
(0.130113 1.3225e-05 0)
(0.13016 1.29248e-05 0)
(0.130205 1.26371e-05 0)
(0.13025 1.23595e-05 0)
(0.130294 1.20921e-05 0)
(0.130336 1.18328e-05 0)
(0.130378 1.1582e-05 0)
(0.130419 1.13381e-05 0)
(0.130459 1.11019e-05 0)
(0.130499 1.0872e-05 0)
(0.130537 1.06494e-05 0)
(0.130575 1.0433e-05 0)
(0.130612 1.02239e-05 0)
(0.130648 1.0021e-05 0)
(0.130684 9.82541e-06 0)
(0.130719 9.63599e-06 0)
(0.130753 9.45386e-06 0)
(0.130787 9.27786e-06 0)
(0.13082 9.10915e-06 0)
(0.130852 8.94663e-06 0)
(0.130884 8.79147e-06 0)
(0.130916 8.64268e-06 0)
(0.130946 8.50173e-06 0)
(0.130977 -8.36786e-06 0)
(0.131006 -8.24246e-06 0)
(0.131036 -8.12697e-06 0)
(0.131065 -8.02231e-06 0)
(0.131093 -7.92381e-06 0)
(0.131121 -7.84334e-06 0)
(0.131149 -7.62021e-06 0)
(0.131177 -7.84896e-06 0)
(0.131201 -6.22415e-06 0)
(0.131239 -1.04678e-05 0)
(0.297147 -5.36685e-05 0)
(0.297203 -5.28301e-05 0)
(0.297258 -5.20368e-05 0)
(0.297312 -5.12895e-05 0)
(0.297365 -5.05889e-05 0)
(0.297418 -4.99369e-05 0)
(0.297469 -4.92157e-05 0)
(0.297522 -4.87746e-05 0)
(0.297566 -4.68808e-05 0)
(0.297639 -4.99178e-05 0)
(0.446009 -0.000118442 0)
(0.446071 -0.000116642 0)
(0.446132 -0.000114928 0)
(0.446193 -0.000113309 0)
(0.446253 -0.000111787 0)
(0.446312 -0.00011038 0)
(0.446371 -0.000109012 0)
(0.446431 -0.000107887 0)
(0.44648 -0.000106292 0)
(0.446564 -0.000106173 0)
(0.577701 -0.000179393 0)
(0.57775 -0.000176846 0)
(0.577799 -0.000174417 0)
(0.577847 -0.000172118 0)
(0.577895 -0.000169972 0)
(0.577943 -0.000167976 0)
(0.577989 -0.000166236 0)
(0.578038 -0.000164504 0)
(0.578078 -0.000163775 0)
(0.578147 -0.000160872 0)
(0.692073 -0.000217384 0)
(0.692095 -0.00021462 0)
(0.692117 -0.000211982 0)
(0.692139 -0.000209488 0)
(0.692161 -0.000207179 0)
(0.692183 -0.000205039 0)
(0.692205 -0.000203308 0)
(0.692228 -0.000201425 0)
(0.692247 -0.000201613 0)
(0.692281 -0.000197265 0)
(0.78863 -0.000223023 0)
(0.788621 -0.000220568 0)
(0.788612 -0.00021823 0)
(0.788604 -0.000216029 0)
(0.788596 -0.000214015 0)
(0.788588 -0.000212169 0)
(0.788581 -0.000210792 0)
(0.788574 -0.000209196 0)
(0.788569 -0.000209998 0)
(0.78856 -0.000205679 0)
(0.866699 -0.000198558 0)
(0.866664 -0.000196686 0)
(0.86663 -0.000194912 0)
(0.866596 -0.000193255 0)
(0.866563 -0.000191765 0)
(0.866531 -0.000190423 0)
(0.866499 -0.00018951 0)
(0.866466 -0.0001884 0)
(0.86644 -0.000189381 0)
(0.866394 -0.000186012 0)
(0.925674 -0.000152992 0)
(0.925622 -0.000151733 0)
(0.925572 -0.000150548 0)
(0.925522 -0.000149454 0)
(0.925472 -0.000148489 0)
(0.925423 -0.000147644 0)
(0.925374 -0.000147118 0)
(0.925324 -0.000146479 0)
(0.925284 -0.000147295 0)
(0.925212 -0.000145133 0)
(0.965154 -9.54331e-05 0)
(0.965094 -9.4717e-05 0)
(0.965034 -9.40481e-05 0)
(0.964975 -9.3436e-05 0)
(0.964917 -9.29065e-05 0)
(0.964858 -9.2453e-05 0)
(0.964801 -9.21995e-05 0)
(0.96474 -9.18798e-05 0)
(0.964693 -9.23953e-05 0)
(0.964606 -9.12575e-05 0)
(0.984934 -3.22632e-05 0)
(0.98487 -3.20279e-05 0)
(0.984807 -3.18082e-05 0)
(0.984744 -3.16081e-05 0)
(0.984682 -3.14357e-05 0)
(0.984619 -3.12919e-05 0)
(0.984558 -3.12115e-05 0)
(0.984494 -3.11231e-05 0)
(0.984443 -3.12918e-05 0)
(0.98435 -3.09467e-05 0)
(0.984934 3.25057e-05 0)
(0.98487 3.2282e-05 0)
(0.984807 3.20749e-05 0)
(0.984744 3.18879e-05 0)
(0.984682 3.17284e-05 0)
(0.984619 3.15955e-05 0)
(0.984558 3.15218e-05 0)
(0.984494 3.14357e-05 0)
(0.984443 3.15969e-05 0)
(0.98435 3.12505e-05 0)
(0.965154 9.56657e-05 0)
(0.965094 9.49603e-05 0)
(0.965035 9.43026e-05 0)
(0.964976 9.37024e-05 0)
(0.964917 9.31837e-05 0)
(0.964859 9.27412e-05 0)
(0.964801 9.24905e-05 0)
(0.964741 9.21797e-05 0)
(0.964693 9.26823e-05 0)
(0.964607 9.15467e-05 0)
(0.925674 0.000153206 0)
(0.925623 0.000151956 0)
(0.925572 0.00015078 0)
(0.925522 0.000149695 0)
(0.925473 0.000148739 0)
(0.925423 0.000147901 0)
(0.925375 0.000147383 0)
(0.925325 0.000146741 0)
(0.925285 0.00014756 0)
(0.925213 0.000145395 0)
(0.866699 0.000198744 0)
(0.866665 0.000196878 0)
(0.866631 0.00019511 0)
(0.866597 0.00019346 0)
(0.866564 0.000191975 0)
(0.866532 0.00019064 0)
(0.8665 0.000189726 0)
(0.866467 0.00018863 0)
(0.866441 0.000189602 0)
(0.866395 0.000186237 0)
(0.788631 0.000223176 0)
(0.788622 0.000220724 0)
(0.788613 0.00021839 0)
(0.788605 0.000216191 0)
(0.788597 0.000214181 0)
(0.788589 0.000212335 0)
(0.788582 0.000210965 0)
(0.788576 0.000209365 0)
(0.78857 0.000210182 0)
(0.788562 0.000205863 0)
(0.692074 0.000217499 0)
(0.692096 0.000214736 0)
(0.692118 0.0002121 0)
(0.69214 0.000209605 0)
(0.692162 0.000207295 0)
(0.692184 0.000205156 0)
(0.692206 0.000203424 0)
(0.692229 0.000201548 0)
(0.692249 0.000201745 0)
(0.692282 0.000197404 0)
(0.577702 0.000179471 0)
(0.577751 0.000176923 0)
(0.5778 0.000174492 0)
(0.577848 0.00017219 0)
(0.577896 0.000170043 0)
(0.577944 0.000168044 0)
(0.57799 0.000166306 0)
(0.578039 0.00016458 0)
(0.578079 0.000163858 0)
(0.578148 0.000160969 0)
(0.44601 0.000118484 0)
(0.446072 0.000116683 0)
(0.446133 0.000114966 0)
(0.446194 0.000113344 0)
(0.446254 0.000111817 0)
(0.446313 0.000110408 0)
(0.446372 0.000109047 0)
(0.446432 0.000107911 0)
(0.446481 0.000106339 0)
(0.446565 0.000106231 0)
(0.297148 5.36859e-05 0)
(0.297204 5.28462e-05 0)
(0.297258 5.20481e-05 0)
(0.297312 5.12982e-05 0)
(0.297366 5.05854e-05 0)
(0.297418 4.99421e-05 0)
(0.29747 4.91984e-05 0)
(0.297523 4.87821e-05 0)
(0.297567 4.68922e-05 0)
(0.297639 4.99368e-05 0)
(0.130977 8.36826e-06 0)
(0.131007 8.24408e-06 0)
(0.131036 8.12776e-06 0)
(0.131065 8.02381e-06 0)
(0.131094 7.92353e-06 0)
(0.131122 7.8409e-06 0)
(0.131149 7.61045e-06 0)
(0.131177 7.85467e-06 0)
(0.131201 6.21309e-06 0)
(0.131239 1.05069e-05 0)
)
;

boundaryField
{
    inlet
    {
        type            fixedProfile;
        profile         csvFile;
        profileCoeffs
        {
            nHeaderLine     0;
            refColumn       0;
            componentColumns 3(1 2 3);
            separator       ",";
            mergeSeparators 0;
            file            "0/Uprofile.csv";
        }
        direction       (0 1 0);
        origin          -1;
        value           nonuniform List<vector> 
20
(
(0.0975 0 0)
(0.2775 0 0)
(0.4375 0 0)
(0.5775 0 0)
(0.6975 0 0)
(0.7975 0 0)
(0.8775 0 0)
(0.9375 0 0)
(0.9775 0 0)
(0.9975 0 0)
(0.9975 0 0)
(0.9775 0 0)
(0.9375 0 0)
(0.8775 0 0)
(0.7975 0 0)
(0.6975 0 0)
(0.5775 0 0)
(0.4375 0 0)
(0.2775 0 0)
(0.0975 0 0)
)
;
    }
    outlet
    {
        type            zeroGradient;
    }
    upperWall
    {
        type            noSlip;
    }
    lowerWall
    {
        type            noSlip;
    }
    frontAndBack
    {
        type            empty;
    }
}


// ************************************************************************* //
