/*--------------------------------*- C++ -*----------------------------------*\
| =========                 |                                                 |
| \\      /  F ield         | OpenFOAM: The Open Source CFD Toolbox           |
|  \\    /   O peration     | Version:  2406                                  |
|   \\  /    A nd           | Website:  www.openfoam.com                      |
|    \\/     M anipulation  |                                                 |
\*---------------------------------------------------------------------------*/
FoamFile
{
    version     2.0;
    format      ascii;
    arch        "LSB;label=32;scalar=64";
    class       volVectorField;
    location    "165";
    object      U;
}
// * * * * * * * * * * * * * * * * * * * * * * * * * * * * * * * * * * * * * //

dimensions      [0 1 -1 0 0 0 0];

internalField   nonuniform List<vector> 
1916
(
(0.0996625 -0.00133753 0)
(0.101318 -0.00221883 0)
(0.103216 -0.00204482 0)
(0.10564 -0.00164515 0)
(0.107889 -0.00129325 0)
(0.109733 -0.00100643 0)
(0.111272 -0.000776135 0)
(0.112597 -0.000599073 0)
(0.113738 -0.000466631 0)
(0.114714 -0.000367457 0)
(0.115553 -0.000292389 0)
(0.116279 -0.00023508 0)
(0.116909 -0.000190874 0)
(0.117459 -0.000156219 0)
(0.11794 -0.000128385 0)
(0.118361 -0.000105321 0)
(0.118728 -8.5389e-05 0)
(0.119045 -6.72578e-05 0)
(0.119315 -4.972e-05 0)
(0.119539 -3.1652e-05 0)
(0.119713 -1.18253e-05 0)
(0.119835 1.11896e-05 0)
(0.119898 3.95698e-05 0)
(0.119888 7.5781e-05 0)
(0.119789 0.00012182 0)
(0.119582 0.000179729 0)
(0.119241 0.000252619 0)
(0.118732 0.000344799 0)
(0.118009 0.000461776 0)
(0.117016 0.000610131 0)
(0.115679 0.000797568 0)
(0.113905 0.00103257 0)
(0.11158 0.00132384 0)
(0.108566 0.00167893 0)
(0.104699 0.00210193 0)
(0.0997942 0.00258956 0)
(0.093655 0.00312547 0)
(0.0860937 0.00367244 0)
(0.0769672 0.0041643 0)
(0.066234 0.00450098 0)
(0.0540337 0.00455818 0)
(0.0407796 0.00422268 0)
(0.0272146 0.00345724 0)
(0.0144024 0.00231142 0)
(0.0038652 0.000731476 0)
(-0.00185904 -0.00192551 0)
(-0.002388 -0.00369672 0)
(0.277083 -0.00117236 0)
(0.276201 -0.00242191 0)
(0.275583 -0.00273909 0)
(0.275433 -0.00269599 0)
(0.275627 -0.00254453 0)
(0.276 -0.00233488 0)
(0.276472 -0.00209619 0)
(0.277009 -0.00186041 0)
(0.277581 -0.00164463 0)
(0.278161 -0.00145246 0)
(0.278732 -0.0012828 0)
(0.279284 -0.00113379 0)
(0.279812 -0.0010031 0)
(0.280311 -0.000887965 0)
(0.280778 -0.000785511 0)
(0.281211 -0.000692948 0)
(0.281609 -0.000607574 0)
(0.281969 -0.000526691 0)
(0.28229 -0.000447493 0)
(0.282566 -0.000366935 0)
(0.282793 -0.000281536 0)
(0.282965 -0.000187156 0)
(0.28307 -7.85459e-05 0)
(0.283099 5.06634e-05 0)
(0.283035 0.000207766 0)
(0.282855 0.000401761 0)
(0.282528 0.00064439 0)
(0.282014 0.000950854 0)
(0.28126 0.00134048 0)
(0.280195 0.00183753 0)
(0.27873 0.00247209 0)
(0.276745 0.00328081 0)
(0.274086 0.00430719 0)
(0.270555 0.0056009 0)
(0.265895 0.00721531 0)
(0.25978 0.00920174 0)
(0.251802 0.0115985 0)
(0.241459 0.0144117 0)
(0.228155 0.0175853 0)
(0.211227 0.0209566 0)
(0.190007 0.0242016 0)
(0.163979 0.0267754 0)
(0.133059 0.0278928 0)
(0.0980823 0.0265296 0)
(0.0614489 0.0215343 0)
(0.0292355 0.0116546 0)
(0.0052841 0.00163981 0)
(0.43721 -0.000675596 0)
(0.436761 -0.00154224 0)
(0.43622 -0.00189972 0)
(0.435688 -0.00200768 0)
(0.435286 -0.00202244 0)
(0.435014 -0.00197802 0)
(0.434835 -0.00188743 0)
(0.434725 -0.00177273 0)
(0.434674 -0.00165179 0)
(0.434667 -0.00153257 0)
(0.434694 -0.00141763 0)
(0.434744 -0.00130802 0)
(0.43481 -0.00120409 0)
(0.434887 -0.00110535 0)
(0.434969 -0.00101067 0)
(0.435052 -0.000918404 0)
(0.435132 -0.000826583 0)
(0.435205 -0.000732785 0)
(0.435266 -0.000634049 0)
(0.43531 -0.000526703 0)
(0.43533 -0.000406155 0)
(0.435319 -0.000266579 0)
(0.435267 -0.000100669 0)
(0.435161 0.000100806 0)
(0.434986 0.000349761 0)
(0.434721 0.000661679 0)
(0.434337 0.00105662 0)
(0.4338 0.00156051 0)
(0.43306 0.00220667 0)
(0.432057 0.00303779 0)
(0.430708 0.00410817 0)
(0.428903 0.00548629 0)
(0.4265 0.00725741 0)
(0.423307 0.00952582 0)
(0.419071 0.0124159 0)
(0.413453 0.0160702 0)
(0.406002 0.0206423 0)
(0.396118 0.0262789 0)
(0.383004 0.0330852 0)
(0.365624 0.0410606 0)
(0.342656 0.0499936 0)
(0.312514 0.0592839 0)
(0.273451 0.0677163 0)
(0.224054 0.073108 0)
(0.163816 0.0722517 0)
(0.0965277 0.0613527 0)
(0.0277734 0.0421844 0)
(0.577296 -0.000404353 0)
(0.577075 -0.00104609 0)
(0.576739 -0.00143109 0)
(0.576294 -0.00162572 0)
(0.575881 -0.00171409 0)
(0.575546 -0.0017327 0)
(0.575272 -0.00169749 0)
(0.575036 -0.00162663 0)
(0.574835 -0.00153749 0)
(0.574664 -0.00144083 0)
(0.574517 -0.0013419 0)
(0.574388 -0.00124343 0)
(0.574272 -0.00114688 0)
(0.574167 -0.00105258 0)
(0.574068 -0.000959828 0)
(0.573973 -0.000867157 0)
(0.57388 -0.000772432 0)
(0.573786 -0.000672854 0)
(0.573688 -0.000564836 0)
(0.573582 -0.000443816 0)
(0.573464 -0.000303998 0)
(0.573329 -0.000137989 0)
(0.57317 6.36616e-05 0)
(0.57298 0.000313124 0)
(0.572746 0.000626208 0)
(0.572454 0.00102342 0)
(0.572086 0.00153141 0)
(0.571616 0.00218479 0)
(0.57101 0.00302856 0)
(0.570224 0.00412104 0)
(0.569199 0.00553765 0)
(0.567853 0.00737544 0)
(0.566076 0.0097587 0)
(0.563719 0.0128452 0)
(0.560572 0.0168334 0)
(0.556346 0.0219685 0)
(0.550632 0.0285469 0)
(0.54285 0.0369136 0)
(0.532173 0.0474462 0)
(0.51742 0.0605056 0)
(0.496899 0.0763418 0)
(0.468238 0.0948586 0)
(0.428123 0.115291 0)
(0.372369 0.135324 0)
(0.29578 0.150598 0)
(0.195601 0.152905 0)
(0.0687185 0.133227 0)
(0.697338 -0.000268454 0)
(0.697214 -0.000740646 0)
(0.697005 -0.00107389 0)
(0.696663 -0.0012692 0)
(0.6963 -0.0013701 0)
(0.695977 -0.00140892 0)
(0.695693 -0.00140145 0)
(0.695433 -0.0013604 0)
(0.695193 -0.00129852 0)
(0.694976 -0.00122537 0)
(0.694778 -0.00114642 0)
(0.694596 -0.00106463 0)
(0.694427 -0.00098161 0)
(0.694267 -0.000897903 0)
(0.694116 -0.000813079 0)
(0.693972 -0.000725834 0)
(0.693831 -0.000634098 0)
(0.693693 -0.000535012 0)
(0.693556 -0.000424797 0)
(0.693418 -0.00029854 0)
(0.693278 -0.000149895 0)
(0.693132 2.93306e-05 0)
(0.692979 0.000249746 0)
(0.692813 0.000525135 0)
(0.692632 0.000873421 0)
(0.692428 0.00131797 0)
(0.692194 0.00188935 0)
(0.691918 0.00262755 0)
(0.691585 0.00358497 0)
(0.691175 0.00483021 0)
(0.690659 0.00645313 0)
(0.689996 0.0085713 0)
(0.689127 0.0113385 0)
(0.687964 0.0149555 0)
(0.686381 0.0196841 0)
(0.684184 0.0258638 0)
(0.68108 0.0339335 0)
(0.676616 0.0444531 0)
(0.670087 0.0581284 0)
(0.660391 0.0758155 0)
(0.645765 0.0985195 0)
(0.623482 0.127231 0)
(0.589035 0.162782 0)
(0.535854 0.204779 0)
(0.45243 0.251014 0)
(0.32498 0.29459 0)
(0.119824 0.325894 0)
(0.797362 -0.000185782 0)
(0.797286 -0.000526222 0)
(0.797151 -0.000789553 0)
(0.796882 -0.000962673 0)
(0.796562 -0.00106397 0)
(0.796259 -0.00111426 0)
(0.795978 -0.00112558 0)
(0.795712 -0.00110658 0)
(0.795458 -0.00106615 0)
(0.79522 -0.00101207 0)
(0.795 -0.00094957 0)
(0.794794 -0.000881724 0)
(0.794601 -0.000810302 0)
(0.79442 -0.000736096 0)
(0.794249 -0.000658974 0)
(0.794087 -0.000577928 0)
(0.793934 -0.000491128 0)
(0.793789 -0.000395897 0)
(0.793651 -0.000288594 0)
(0.793521 -0.000164394 0)
(0.793398 -1.6989e-05 0)
(0.793283 0.000161843 0)
(0.793177 0.00038281 0)
(0.793082 0.000659872 0)
(0.793 0.00101126 0)
(0.792934 0.00146088 0)
(0.792886 0.0020401 0)
(0.792862 0.00279025 0)
(0.792867 0.00376576 0)
(0.792907 0.00503857 0)
(0.792988 0.00670387 0)
(0.793117 0.00888798 0)
(0.793295 0.0117591 0)
(0.793519 0.0155417 0)
(0.793767 0.0205368 0)
(0.79399 0.0271499 0)
(0.794081 0.0359291 0)
(0.793829 0.047618 0)
(0.792832 0.0632343 0)
(0.790366 0.0841515 0)
(0.785048 0.112297 0)
(0.774544 0.150099 0)
(0.754181 0.201344 0)
(0.71662 0.268867 0)
(0.646929 0.361169 0)
(0.521873 0.46361 0)
(0.264434 0.584305 0)
(0.877377 -0.000127911 0)
(0.877326 -0.000367113 0)
(0.877232 -0.000562798 0)
(0.877011 -0.000701561 0)
(0.876728 -0.000788701 0)
(0.876445 -0.000835707 0)
(0.876173 -0.000851294 0)
(0.875908 -0.000841916 0)
(0.875649 -0.00081392 0)
(0.875402 -0.000773179 0)
(0.875168 -0.000724032 0)
(0.874948 -0.000669197 0)
(0.874741 -0.000610236 0)
(0.874547 -0.000547861 0)
(0.874366 -0.000482002 0)
(0.874196 -0.00041182 0)
(0.87404 -0.000335726 0)
(0.873896 -0.000251355 0)
(0.873765 -0.000155456 0)
(0.87365 -4.36957e-05 0)
(0.873553 8.96182e-05 0)
(0.873477 0.000251931 0)
(0.873427 0.000452968 0)
(0.873408 0.000705445 0)
(0.873431 0.00102604 0)
(0.873505 0.00143666 0)
(0.873646 0.0019662 0)
(0.873873 0.00265286 0)
(0.874212 0.00354727 0)
(0.874696 0.00471677 0)
(0.875366 0.00625136 0)
(0.876277 0.00827181 0)
(0.877497 0.0109412 0)
(0.879112 0.0144813 0)
(0.881225 0.0191961 0)
(0.883959 0.0255063 0)
(0.887445 0.0340017 0)
(0.891821 0.0455155 0)
(0.897163 0.0612557 0)
(0.903484 0.0829528 0)
(0.910305 0.113306 0)
(0.917173 0.156004 0)
(0.919854 0.218297 0)
(0.918828 0.307546 0)
(0.876772 0.452676 0)
(0.849406 0.678425 0)
(0.293445 1.19799 0)
(0.937385 -8.32144e-05 0)
(0.937348 -0.000240513 0)
(0.937279 -0.000373142 0)
(0.937089 -0.000471175 0)
(0.936833 -0.000534999 0)
(0.936566 -0.000570479 0)
(0.936304 -0.000583339 0)
(0.936042 -0.00057804 0)
(0.935782 -0.000558713 0)
(0.93553 -0.000529247 0)
(0.935289 -0.000492707 0)
(0.935062 -0.000451117 0)
(0.934847 -0.00040565 0)
(0.934646 -0.000356839 0)
(0.93446 -0.000304635 0)
(0.934288 -0.000248405 0)
(0.934131 -0.000186928 0)
(0.933992 -0.000118358 0)
(0.933872 -4.01379e-05 0)
(0.933773 5.11571e-05 0)
(0.933701 0.000160047 0)
(0.933661 0.00029246 0)
(0.933661 0.000456161 0)
(0.933711 0.000661329 0)
(0.933825 0.00092134 0)
(0.934022 0.00125382 0)
(0.934327 0.00168207 0)
(0.934771 0.00223699 0)
(0.935399 0.00295974 0)
(0.936266 0.00390539 0)
(0.937447 0.00514799 0)
(0.93904 0.00678786 0)
(0.941174 0.00896191 0)
(0.944021 0.0118588 0)
(0.947805 0.0157418 0)
(0.952825 0.0209823 0)
(0.95947 0.0281137 0)
(0.968264 0.0379134 0)
(0.979858 0.0515432 0)
(0.995249 0.07075 0)
(1.01524 0.0983332 0)
(1.04275 0.138495 0)
(1.07554 0.199353 0)
(1.13475 0.290802 0)
(1.17866 0.448652 0)
(1.43522 0.65998 0)
(1.47436 1.29339 0)
(0.977391 -4.56806e-05 0)
(0.977361 -0.000132405 0)
(0.977305 -0.000206333 0)
(0.977134 -0.000261662 0)
(0.976895 -0.000297651 0)
(0.97664 -0.000316904 0)
(0.976385 -0.000322506 0)
(0.976127 -0.000316998 0)
(0.975869 -0.000302683 0)
(0.975615 -0.000281754 0)
(0.975372 -0.00025603 0)
(0.975141 -0.000226756 0)
(0.974923 -0.000194664 0)
(0.97472 -0.00016008 0)
(0.974531 -0.000122962 0)
(0.97436 -8.29001e-05 0)
(0.974206 -3.91053e-05 0)
(0.974072 9.61911e-06 0)
(0.973961 6.49327e-05 0)
(0.973877 0.000129059 0)
(0.973825 0.000204933 0)
(0.973814 0.000296404 0)
(0.973852 0.000408513 0)
(0.973954 0.000547876 0)
(0.974138 0.000723185 0)
(0.974427 0.00094591 0)
(0.974854 0.00123123 0)
(0.97546 0.00159934 0)
(0.976301 0.00207717 0)
(0.977453 0.00270091 0)
(0.979012 0.00351947 0)
(0.981112 0.00459946 0)
(0.983929 0.00603249 0)
(0.987702 0.00794596 0)
(0.992754 0.0105194 0)
(0.999528 0.0140098 0)
(1.00863 0.0187913 0)
(1.02093 0.0254209 0)
(1.0376 0.0347375 0)
(1.06048 0.0480599 0)
(1.09192 0.0674044 0)
(1.13682 0.0961568 0)
(1.19907 0.139315 0)
(1.29867 0.204404 0)
(1.43232 0.306015 0)
(1.68465 0.419403 0)
(2.00904 0.659067 0)
(0.997393 -1.17851e-05 0)
(0.997366 -3.39733e-05 0)
(0.997317 -5.21584e-05 0)
(0.997155 -6.44511e-05 0)
(0.996924 -7.04494e-05 0)
(0.996677 -7.08542e-05 0)
(0.996426 -6.66056e-05 0)
(0.996171 -5.85075e-05 0)
(0.995914 -4.72825e-05 0)
(0.995662 -3.36207e-05 7.61644e-34)
(0.995418 -1.80985e-05 0)
(0.995187 -1.108e-06 0)
(0.994969 1.71364e-05 0)
(0.994766 3.65638e-05 0)
(0.994579 5.72305e-05 0)
(0.99441 7.93218e-05 7.62367e-34)
(0.994259 0.000103157 0)
(0.994131 0.000129197 0)
(0.994028 0.000158069 0)
(0.993954 0.000190597 0)
(0.993916 0.000227855 0)
(0.993922 0.000271241 0)
(0.993984 0.000322573 0)
(0.994117 0.000384221 -7.6181e-34)
(0.994341 0.000459293 0)
(0.994683 0.000551874 0)
(0.995178 0.000667367 0)
(0.995874 0.000812947 0)
(0.996834 0.000998197 0)
(0.998141 0.001236 0)
(0.999907 0.00154379 0)
(1.00228 0.0019454 0)
(1.00547 0.00247372 0)
(1.00975 0.00317472 0)
(1.0155 0.00411355 0)
(1.02323 0.00538422 0)
(1.0337 0.00712438 0)
(1.04795 0.00954193 0)
(1.0675 0.0129494 0)
(1.0946 0.0178534 0)
(1.13259 0.0249862 0)
(1.18655 0.0356775 -5.91256e-34)
(1.26399 0.0512972 0)
(1.37455 0.0744414 0)
(1.53439 0.104566 0)
(1.74316 0.131655 0)
(2.03786 0.152247 0)
(0.997393 2.09265e-05 0)
(0.997366 6.12498e-05 0)
(0.997317 9.76653e-05 0)
(0.997156 0.000128287 0)
(0.996926 0.000152785 0)
(0.99668 0.000171908 0)
(0.996431 0.000186656 0)
(0.996177 0.000197905 0)
(0.995922 0.000206456 0)
(0.995671 0.000213086 -7.61574e-34)
(0.99543 0.000218465 0)
(0.995202 0.000223082 0)
(0.994987 0.000227258 0)
(0.994786 0.00023118 0)
(0.994603 0.000234912 0)
(0.994437 0.000238398 -7.62236e-34)
(0.994291 0.000241461 0)
(0.994167 0.000243786 0)
(0.994068 0.000244909 0)
(0.993999 0.00024418 0)
(0.993967 0.000240715 0)
(0.99398 0.000233326 0)
(0.994048 0.000220429 0)
(0.994188 0.000199917 7.61888e-34)
(0.99442 0.00016899 0)
(0.99477 0.000123923 0)
(0.995274 5.97476e-05 0)
(0.99598 -3.01769e-05 0)
(0.996951 -0.000154762 0)
(0.99827 -0.000326024 0)
(1.00005 -0.000560261 0)
(1.00244 -0.000879758 0)
(1.00565 -0.00131527 0)
(1.00995 -0.00190973 0)
(1.01572 -0.0027239 0)
(1.02348 -0.00384531 0)
(1.03399 -0.00540176 0)
(1.04829 -0.00758585 0)
(1.06791 -0.0106857 0)
(1.09512 -0.0151676 0)
(1.13328 -0.0216963 0)
(1.1875 -0.0314781 5.91703e-34)
(1.26542 -0.0456777 0)
(1.37666 -0.0664285 0)
(1.53793 -0.0926346 0)
(1.74795 -0.112247 0)
(2.04551 -0.121695 0)
(0.977391 5.46143e-05 0)
(0.977361 0.000159062 0)
(0.977307 0.000250806 0)
(0.977138 0.000324045 0)
(0.976901 0.000378104 0)
(0.97665 0.000415635 0)
(0.976398 0.000439781 0)
(0.976145 0.000453154 0)
(0.975892 0.000458133 0)
(0.975644 0.000456998 0)
(0.975407 0.000451654 0)
(0.975184 0.000443448 0)
(0.974974 0.000433213 0)
(0.97478 0.000421387 0)
(0.974602 0.000408046 0)
(0.974441 0.000392909 0)
(0.974299 0.000375321 0)
(0.974179 0.000354231 0)
(0.974082 0.000328134 0)
(0.974014 0.000294977 0)
(0.973979 0.000252006 0)
(0.973985 0.000195573 0)
(0.974043 0.000120858 0)
(0.974166 2.14963e-05 0)
(0.974373 -0.00011092 0)
(0.974687 -0.000287527 0)
(0.975141 -0.000523107 0)
(0.975777 -0.000837359 0)
(0.976651 -0.00125663 0)
(0.977838 -0.00181635 0)
(0.979437 -0.00256443 0)
(0.981583 -0.00356618 0)
(0.984451 -0.00491141 0)
(0.988284 -0.00672507 0)
(0.993407 -0.00918318 0)
(1.00027 -0.0125378 0)
(1.00948 -0.0171554 0)
(1.02192 -0.0235825 0)
(1.0388 -0.0326406 0)
(1.06197 -0.0456244 0)
(1.09385 -0.0645073 0)
(1.13945 -0.092619 0)
(1.20288 -0.134841 0)
(1.30462 -0.198506 0)
(1.44219 -0.298046 0)
(1.70092 -0.406411 0)
(2.03879 -0.640357 0)
(0.937386 9.17338e-05 0)
(0.937349 0.000265935 0)
(0.937282 0.000415556 0)
(0.937095 0.000530662 0)
(0.936843 0.000611702 0)
(0.936582 0.000664583 0)
(0.936326 0.000695086 0)
(0.936071 0.000707738 0)
(0.93582 0.000706746 0)
(0.935578 0.000696078 0)
(0.935348 0.000678887 0)
(0.935133 0.000657289 0)
(0.934932 0.000632555 0)
(0.934747 0.000605326 0)
(0.934577 0.000575665 0)
(0.934423 0.000543059 0)
(0.934287 0.000506415 0)
(0.934169 0.000464023 0)
(0.934072 0.000413474 0)
(0.933999 0.000351498 0)
(0.933955 0.000273745 0)
(0.933945 0.000174467 0)
(0.933977 4.61018e-05 0)
(0.934062 -0.000121313 0)
(0.934214 -0.000340905 0)
(0.934453 -0.000630016 0)
(0.934802 -0.00101161 0)
(0.935296 -0.00151622 0)
(0.935977 -0.00218451 0)
(0.936902 -0.003071 0)
(0.938149 -0.00424903 0)
(0.939815 -0.00581802 0)
(0.942032 -0.00791375 0)
(0.944975 -0.0107234 0)
(0.948872 -0.0145082 0)
(0.954028 -0.019637 0)
(0.960842 -0.02664 0)
(0.969854 -0.0362902 0)
(0.981737 -0.0497448 0)
(0.997532 -0.068746 0)
(1.01809 -0.0960933 0)
(1.04651 -0.135996 0)
(1.08056 -0.196639 0)
(1.14249 -0.28795 0)
(1.18947 -0.446616 0)
(1.45878 -0.658012 0)
(1.5081 -1.30391 0)
(0.877377 0.000135813 0)
(0.877327 0.000390695 0)
(0.877237 0.000602145 0)
(0.87702 0.000756737 0)
(0.876742 0.000859819 0)
(0.876466 0.000922919 0)
(0.876204 0.000954804 0)
(0.875949 0.000961993 0)
(0.875702 0.000950901 0)
(0.875468 0.000927477 0)
(0.87525 0.00089614 0)
(0.875047 0.000859696 0)
(0.874859 0.000819797 0)
(0.874687 0.000777255 0)
(0.874528 0.000732102 0)
(0.874384 0.000683611 0)
(0.874255 0.000630309 0)
(0.874141 0.000569958 0)
(0.874044 0.000499435 0)
(0.873964 0.00041455 0)
(0.873906 0.000309755 0)
(0.873871 0.000177768 0)
(0.873865 9.02691e-06 0)
(0.873896 -0.000209006 0)
(0.87397 -0.000492812 0)
(0.874102 -0.000864088 0)
(0.874304 -0.00135148 0)
(0.874599 -0.00199292 0)
(0.875011 -0.00283874 0)
(0.875575 -0.00395597 0)
(0.876333 -0.00543424 0)
(0.877343 -0.00739395 0)
(0.878675 -0.00999781 0)
(0.880416 -0.0134672 0)
(0.882676 -0.0181059 0)
(0.885583 -0.0243349 0)
(0.889279 -0.0327445 0)
(0.893915 -0.0441706 0)
(0.899587 -0.0598273 0)
(0.906343 -0.0814571 0)
(0.913742 -0.11179 0)
(0.921425 -0.154562 0)
(0.925166 -0.217184 0)
(0.925846 -0.307156 0)
(0.885156 -0.454398 0)
(0.86213 -0.684492 0)
(0.296752 -1.22086 0)
(0.797362 0.000192868 0)
(0.797288 0.000547377 0)
(0.797156 0.000824856 0)
(0.796892 0.00101216 0)
(0.79658 0.00112771 0)
(0.796286 0.00119237 0)
(0.796017 0.00121822 0)
(0.795763 0.00121395 0)
(0.795525 0.00118853 0)
(0.795305 0.00114982 0)
(0.795104 0.00110309 0)
(0.79492 0.00105153 0)
(0.794751 0.000996962 0)
(0.794597 0.000940282 0)
(0.794456 0.000881447 0)
(0.794326 0.000819547 0)
(0.794208 0.000752855 0)
(0.794101 0.000678804 0)
(0.794005 0.000593864 0)
(0.793919 0.000493331 0)
(0.793845 0.000371019 0)
(0.793783 0.000218836 0)
(0.793734 2.62072e-05 0)
(0.793701 -0.000220697 0)
(0.793685 -0.000539991 0)
(0.79369 -0.000955426 0)
(0.79372 -0.00149824 0)
(0.79378 -0.0022096 0)
(0.793877 -0.00314385 0)
(0.794017 -0.00437283 0)
(0.794208 -0.00599175 0)
(0.794458 -0.00812709 0)
(0.794771 -0.0109473 0)
(0.795146 -0.0146777 0)
(0.795566 -0.0196206 0)
(0.795988 -0.0261836 0)
(0.79631 -0.0349192 0)
(0.796335 -0.0465775 0)
(0.795672 -0.0621888 0)
(0.793617 -0.0831474 0)
(0.788804 -0.111419 0)
(0.778926 -0.149491 0)
(0.759302 -0.201282 0)
(0.722583 -0.269754 0)
(0.653646 -0.363893 0)
(0.528926 -0.468847 0)
(0.269388 -0.593059 0)
(0.697338 0.000274535 0)
(0.697216 0.000758812 0)
(0.697012 0.00110421 0)
(0.696677 0.00131169 0)
(0.696322 0.00142476 0)
(0.69601 0.0014758 0)
(0.69574 0.00148066 0)
(0.695495 0.00145208 0)
(0.695274 0.00140289 0)
(0.695077 0.00134268 0)
(0.694903 0.00127701 0)
(0.694748 0.0012089 0)
(0.694608 0.00114003 0)
(0.694481 0.00107101 0)
(0.694365 0.0010015 0)
(0.694259 0.000930278 0)
(0.694161 0.000855359 0)
(0.694069 0.00077397 0)
(0.693982 0.000682434 0)
(0.693898 0.000575924 0)
(0.693816 0.000448199 0)
(0.693733 0.000291141 0)
(0.693648 9.42436e-05 0)
(0.693556 -0.000156194 0)
(0.693453 -0.000478017 0)
(0.693335 -0.000894556 0)
(0.693193 -0.00143631 0)
(0.693016 -0.00214326 0)
(0.692792 -0.00306784 0)
(0.6925 -0.00427882 0)
(0.692112 -0.00586635 0)
(0.691588 -0.00794857 0)
(0.690872 -0.0106802 0)
(0.68988 -0.0142634 0)
(0.688485 -0.0189624 0)
(0.686501 -0.0251205 0)
(0.683637 -0.0331821 0)
(0.679447 -0.043716 0)
(0.673231 -0.0574419 0)
(0.663894 -0.0752371 0)
(0.649672 -0.09814 0)
(0.627831 -0.127188 0)
(0.59382 -0.163287 0)
(0.540987 -0.206122 0)
(0.457585 -0.253589 0)
(0.329415 -0.298752 0)
(0.121643 -0.332227 0)
(0.577296 0.000409245 0)
(0.577078 0.00106074 0)
(0.576746 0.00145557 0)
(0.576309 0.00165996 0)
(0.575906 0.00175804 0)
(0.575585 0.00178635 0)
(0.575325 0.00176086 0)
(0.575109 0.00169981 0)
(0.574929 0.0016206 0)
(0.574782 0.00153404 0)
(0.574662 0.00144545 0)
(0.574564 0.0013576 0)
(0.574482 0.00127201 0)
(0.574414 0.00118908 0)
(0.574356 0.00110817 0)
(0.574306 0.00102787 0)
(0.574262 0.000946111 0)
(0.574221 0.000860176 0)
(0.574179 0.000766545 0)
(0.574135 0.000660734 0)
(0.574084 0.000537008 0)
(0.574021 0.000388032 0)
(0.57394 0.000204365 0)
(0.573833 -2.61347e-05 0)
(0.573689 -0.000319202 0)
(0.573494 -0.000695344 0)
(0.57323 -0.00118125 0)
(0.572872 -0.00181163 0)
(0.572388 -0.00263166 0)
(0.571733 -0.00369998 0)
(0.570849 -0.00509252 0)
(0.569656 -0.00690716 0)
(0.568045 -0.00926945 0)
(0.565868 -0.0123391 0)
(0.562918 -0.0163173 0)
(0.558907 -0.0214534 0)
(0.553427 -0.0280499 0)
(0.5459 -0.0364603 0)
(0.535499 -0.0470746 0)
(0.521039 -0.0602704 0)
(0.500814 -0.0763199 0)
(0.472426 -0.0951534 0)
(0.432503 -0.116034 0)
(0.376764 -0.136653 0)
(0.299837 -0.152618 0)
(0.198734 -0.155545 0)
(0.070096 -0.135997 0)
(0.43721 0.00067914 0)
(0.436764 0.0015529 0)
(0.436228 0.00191753 0)
(0.435705 0.00203251 0)
(0.435315 0.00205415 0)
(0.435057 0.00201652 0)
(0.434895 0.00193269 0)
(0.434806 0.00182475 0)
(0.434778 0.00171062 0)
(0.434799 0.0015983 0)
(0.434856 0.00149038 0)
(0.43494 0.00138796 0)
(0.435043 0.00129142 0)
(0.435161 0.00120036 0)
(0.435288 0.00111363 0)
(0.435421 0.00102968 0)
(0.435554 0.000946566 0)
(0.435685 0.000861931 0)
(0.435808 0.000772852 0)
(0.435918 0.000675726 0)
(0.436011 0.000565995 0)
(0.436078 0.00043791 0)
(0.436109 0.000284061 0)
(0.436093 9.51312e-05 0)
(0.436014 -0.000140785 0)
(0.435851 -0.000439128 0)
(0.435578 -0.000820016 0)
(0.435159 -0.00130948 0)
(0.434547 -0.00194114 0)
(0.43368 -0.00275805 0)
(0.432477 -0.00381516 0)
(0.430829 -0.00518184 0)
(0.428593 -0.0069447 0)
(0.425579 -0.00920994 0)
(0.421533 -0.0121047 0)
(0.416116 -0.0157753 0)
(0.408876 -0.0203803 0)
(0.399208 -0.0260734 0)
(0.386311 -0.0329681 0)
(0.369134 -0.0410733 0)
(0.346333 -0.0501869 0)
(0.316285 -0.0597143 0)
(0.277185 -0.0684345 0)
(0.227536 -0.0741347 0)
(0.166731 -0.0735395 0)
(0.0984852 -0.0627452 0)
(0.0284574 -0.0434416 0)
(0.277084 0.00117451 0)
(0.276204 0.00242834 0)
(0.275592 0.00274974 0)
(0.275451 0.00271062 0)
(0.275657 0.00256295 0)
(0.276045 0.00235694 0)
(0.276535 0.00212181 0)
(0.277094 0.00188955 0)
(0.27769 0.00167727 0)
(0.278297 0.00148861 0)
(0.278899 0.00132252 0)
(0.279486 0.00117714 0)
(0.280051 0.00105017 0)
(0.280591 0.000938876 0)
(0.281102 0.000840412 0)
(0.281584 0.000752007 0)
(0.282034 0.000670992 0)
(0.28245 0.00059469 0)
(0.282831 0.000520334 0)
(0.283173 0.000444905 0)
(0.28347 0.000364988 0)
(0.283716 0.000276499 0)
(0.283902 0.000174432 0)
(0.284015 5.22147e-05 0)
(0.28404 -9.80653e-05 0)
(0.283956 -0.000285546 0)
(0.283733 -0.000521825 0)
(0.283329 -0.000822109 0)
(0.282692 -0.00120591 0)
(0.281753 -0.00169786 0)
(0.280421 -0.00232857 0)
(0.278577 -0.00313545 0)
(0.276066 -0.00416307 0)
(0.272687 -0.00546258 0)
(0.268184 -0.0070893 0)
(0.262226 -0.00909707 0)
(0.2544 -0.0115273 0)
(0.244195 -0.0143895 0)
(0.231003 -0.0176311 0)
(0.214141 -0.0210913 0)
(0.192916 -0.0244448 0)
(0.166781 -0.0271382 0)
(0.135612 -0.0283672 0)
(0.100217 -0.0270765 0)
(0.0629855 -0.0220818 0)
(0.0300779 -0.0121052 0)
(0.00549157 -0.00190188 0)
(0.0996627 0.00133854 0)
(0.101321 0.00222146 0)
(0.103223 0.0020487 0)
(0.105655 0.00164999 0)
(0.107913 0.00129887 0)
(0.10977 0.00101275 0)
(0.111323 0.000783105 0)
(0.112663 0.00060667 0)
(0.113822 0.000474858 0)
(0.114819 0.000376303 0)
(0.11568 0.000301876 0)
(0.11643 0.000245211 0)
(0.117087 0.000201688 0)
(0.117665 0.000167728 0)
(0.118177 0.000140642 0)
(0.118631 0.000118348 0)
(0.119033 9.9253e-05 0)
(0.119388 8.19896e-05 0)
(0.119699 6.54017e-05 0)
(0.119966 4.83341e-05 0)
(0.120188 2.96454e-05 0)
(0.12036 7.95095e-06 0)
(0.120476 -1.84465e-05 0)
(0.120526 -5.23556e-05 0)
(0.12049 -9.66792e-05 0)
(0.12035 -0.000153675 0)
(0.120079 -0.000226054 0)
(0.119642 -0.000317989 0)
(0.118995 -0.00043497 0)
(0.11808 -0.000583821 0)
(0.116822 -0.00077244 0)
(0.115128 -0.00100973 0)
(0.112881 -0.00130478 0)
(0.109941 -0.00166578 0)
(0.106138 -0.00209738 0)
(0.101285 -0.00259706 0)
(0.0951758 -0.00314893 0)
(0.0876158 -0.00371598 0)
(0.0784516 -0.00423109 0)
(0.0676318 -0.00459169 0)
(0.0552881 -0.00466829 0)
(0.0418325 -0.00434015 0)
(0.0280197 -0.00356375 0)
(0.0149413 -0.0023903 0)
(0.00415521 -0.000779426 0)
(-0.00175447 0.00191093 0)
(-0.00239156 0.0037141 0)
(1.84514 1.01162 0)
(1.59029 0.590289 0)
(1.13577 0.31342 0)
(0.895835 0.157927 0)
(0.83298 0.0675967 0)
(0.79239 0.0139473 0)
(2.46423 0.545003 0)
(2.64574 0.347574 0)
(2.64318 0.248689 0)
(2.61126 0.207789 0)
(2.59015 0.18086 0)
(2.56087 0.162472 0)
(2.39121 0.0843188 0)
(2.66796 0.0274779 0)
(2.81696 0.0243274 0)
(2.891 0.0426521 0)
(2.93938 0.0590862 0)
(2.9717 0.074403 0)
(2.40025 -0.0325249 0)
(2.67463 0.0513749 0)
(2.81906 0.0818681 0)
(2.88837 0.0902651 0)
(2.93701 0.102006 0)
(2.97457 0.119329 0)
(2.5061 -0.495198 0)
(2.70276 -0.256612 0)
(2.73241 -0.12449 0)
(2.75125 -0.0594456 0)
(2.79173 -0.00970881 0)
(2.82843 0.0340359 0)
(1.91351 -1.0206 0)
(1.71174 -0.596945 0)
(1.32732 -0.320923 0)
(1.16145 -0.165036 0)
(1.18081 -0.0656435 0)
(1.24626 0.0068186 0)
(-0.000403995 0.000322928 0)
(-0.00236868 0.000630341 0)
(-0.005054 0.00079952 0)
(-0.00801409 0.000885052 0)
(-0.0109658 0.000923177 0)
(-0.0136954 0.000885366 0)
(-0.0159318 0.000740108 0)
(-0.0174039 0.000481154 0)
(-0.0179591 0.000153051 0)
(-0.017662 -0.000151483 0)
(-0.0168334 -0.000340515 0)
(-0.015912 -0.000372278 0)
(-0.0153017 -0.000264912 0)
(-0.0152472 -7.20414e-05 0)
(-0.0157992 0.000145691 0)
(-0.0168419 0.000330264 0)
(-0.0181339 0.000435302 0)
(-0.0193848 0.000436889 0)
(-0.0203482 0.000347049 0)
(-0.0209036 0.00021253 0)
(-0.0210738 8.71043e-05 0)
(-0.0209595 -1.41622e-06 0)
(-0.0206571 -6.04291e-05 0)
(-0.0201941 -0.000113976 0)
(-0.0195486 -0.000177792 0)
(-0.0186952 -0.000250329 0)
(-0.0176362 -0.000320782 0)
(-0.0164017 -0.00038071 0)
(-0.0150328 -0.000427392 0)
(-0.0135708 -0.00046043 0)
(-0.0120566 -0.000479268 0)
(-0.0105304 -0.000484303 0)
(-0.00902712 -0.000477964 0)
(-0.00757169 -0.000464043 0)
(-0.00617785 -0.000446422 0)
(-0.00485002 -0.000428468 0)
(-0.00358508 -0.000412953 0)
(-0.00237325 -0.000401849 0)
(-0.00119909 -0.000395847 0)
(-4.46429e-05 -0.000393149 0)
(0.00110557 -0.000390475 0)
(0.00225676 -0.000384417 0)
(0.00340185 -0.000369533 0)
(0.00449313 -0.000327097 0)
(0.00540959 -0.00023285 0)
(0.00611759 -0.000145939 0)
(0.00667366 -0.000238571 0)
(-0.00160689 0.00294291 0)
(-0.00747237 0.0049038 0)
(-0.0142082 0.00558746 0)
(-0.0209192 0.00567551 0)
(-0.027113 0.00537391 0)
(-0.0324269 0.00463471 0)
(-0.0364678 0.00343301 0)
(-0.0389327 0.00188664 0)
(-0.0397622 0.000292196 0)
(-0.039249 -0.000949756 0)
(-0.0379844 -0.00151764 0)
(-0.0367424 -0.00132688 0)
(-0.0362003 -0.000548092 0)
(-0.0367242 0.000502133 0)
(-0.0382954 0.00149199 0)
(-0.0405907 0.00215197 0)
(-0.0431046 0.00232881 0)
(-0.0453091 0.00201833 0)
(-0.0468243 0.00137402 0)
(-0.0475333 0.000642996 0)
(-0.0475654 3.47835e-05 0)
(-0.0471525 -0.000385322 0)
(-0.0464572 -0.000687504 0)
(-0.0455165 -0.000979851 0)
(-0.0442815 -0.00131559 0)
(-0.0427075 -0.0016739 0)
(-0.0408081 -0.00200308 0)
(-0.0386447 -0.00226864 0)
(-0.0362911 -0.00246279 0)
(-0.0338149 -0.00258727 0)
(-0.031281 -0.00264262 0)
(-0.0287542 -0.00263292 0)
(-0.026293 -0.00257083 0)
(-0.0239402 -0.00247457 0)
(-0.0217213 -0.00236164 0)
(-0.0196477 -0.00224615 0)
(-0.0177196 -0.00213937 0)
(-0.0159258 -0.00205138 0)
(-0.0142443 -0.00199089 0)
(-0.0126444 -0.00195863 0)
(-0.0110967 -0.00194291 0)
(-0.00957874 -0.00192869 0)
(-0.00807579 -0.00190317 0)
(-0.00660594 -0.00181425 0)
(-0.00526601 -0.00151328 0)
(-0.00427653 -0.000979265 0)
(-0.00332856 -0.000730974 0)
(-0.00323176 0.00917602 0)
(-0.0134583 0.0133793 0)
(-0.0237425 0.0140472 0)
(-0.0331207 0.0134741 0)
(-0.0412977 0.0121426 0)
(-0.0480789 0.0100157 0)
(-0.0531915 0.00712627 0)
(-0.0563947 0.00376428 0)
(-0.0576341 0.000516643 0)
(-0.0572194 -0.00186838 0)
(-0.0558591 -0.00279571 0)
(-0.0545924 -0.00213216 0)
(-0.0543532 -0.00029193 0)
(-0.0555832 0.00198503 0)
(-0.0581621 0.00395818 0)
(-0.0615827 0.00508658 0)
(-0.0651221 0.00512595 0)
(-0.0680719 0.00416363 0)
(-0.0699566 0.00259515 0)
(-0.0706887 0.000968089 0)
(-0.0705442 -0.000294188 0)
(-0.0699303 -0.00110286 0)
(-0.0691152 -0.0016569 0)
(-0.068126 -0.0022115 0)
(-0.0668406 -0.00288025 0)
(-0.0651576 -0.00360408 0)
(-0.0630874 -0.00425826 0)
(-0.0607235 -0.00476636 0)
(-0.058167 -0.00512006 0)
(-0.0554953 -0.00533178 0)
(-0.0527782 -0.00540477 0)
(-0.0500924 -0.00534473 0)
(-0.0475113 -0.00517564 0)
(-0.0450892 -0.00493409 0)
(-0.0428586 -0.00465508 0)
(-0.040836 -0.00436611 0)
(-0.039026 -0.0040897 0)
(-0.0374209 -0.00384822 0)
(-0.0359944 -0.00366388 0)
(-0.0347016 -0.0035437 0)
(-0.0334948 -0.00346758 0)
(-0.0323404 -0.00340926 0)
(-0.0311948 -0.0033669 0)
(-0.0299914 -0.00326796 0)
(-0.0287972 -0.00287858 0)
(-0.0278704 -0.00222031 0)
(-0.0255575 -0.00167872 0)
(-0.00525379 0.0195462 0)
(-0.0197036 0.0255656 0)
(-0.0320903 0.0249703 0)
(-0.0422936 0.0228899 0)
(-0.0508275 0.0200507 0)
(-0.0579471 0.0163067 0)
(-0.0636148 0.011617 0)
(-0.0675941 0.00630228 0)
(-0.0696287 0.00115337 0)
(-0.0697753 -0.00269011 0)
(-0.068612 -0.00416722 0)
(-0.0673717 -0.00291537 0)
(-0.0674349 0.000371921 0)
(-0.0694674 0.00430304 0)
(-0.0732821 0.00753398 0)
(-0.0781479 0.0091763 0)
(-0.0830687 0.00890269 0)
(-0.0870782 0.00695399 0)
(-0.0895281 0.00407505 0)
(-0.0903517 0.00125167 0)
(-0.0900764 -0.000767442 0)
(-0.0894376 -0.00187105 0)
(-0.088895 -0.00250744 0)
(-0.0884243 -0.00321479 0)
(-0.0877169 -0.00421951 0)
(-0.0865265 -0.00537711 0)
(-0.0848498 -0.00640936 0)
(-0.0828514 -0.00716504 0)
(-0.0806887 -0.00765716 0)
(-0.0784458 -0.00793467 0)
(-0.0761848 -0.00800369 0)
(-0.0739918 -0.00785901 0)
(-0.0719609 -0.00753235 0)
(-0.0701602 -0.00708418 0)
(-0.0686267 -0.00657139 0)
(-0.0673812 -0.00603534 0)
(-0.0664377 -0.00551058 0)
(-0.0657986 -0.00503777 0)
(-0.0654377 -0.00465906 0)
(-0.0652951 -0.00439204 0)
(-0.0653125 -0.00421446 0)
(-0.0654607 -0.00411508 0)
(-0.0656575 -0.00412751 0)
(-0.0657275 -0.00416667 0)
(-0.0657268 -0.00390287 0)
(-0.0659868 -0.00329482 0)
(-0.0653184 -0.00279925 0)
(-0.00816366 0.035182 0)
(-0.0254688 0.0403726 0)
(-0.0363474 0.0361283 0)
(-0.0437762 0.0316853 0)
(-0.0498311 0.0272924 0)
(-0.0552601 0.022258 0)
(-0.0603404 0.0162068 0)
(-0.0649199 0.00922625 0)
(-0.0684794 0.00213817 0)
(-0.07051 -0.00347131 0)
(-0.0710141 -0.00574975 0)
(-0.0708093 -0.0036895 0)
(-0.0717674 0.00168724 0)
(-0.0751273 0.00794024 0)
(-0.0808015 0.0128242 0)
(-0.0878018 0.0150362 0)
(-0.0947794 0.0142171 0)
(-0.100403 0.0108411 0)
(-0.10375 0.00610838 0)
(-0.104757 0.0016274 0)
(-0.104346 -0.00129388 0)
(-0.103818 -0.00245732 0)
(-0.103994 -0.00278516 0)
(-0.10472 -0.00338925 0)
(-0.105276 -0.00471815 0)
(-0.105106 -0.00643486 0)
(-0.104195 -0.00793513 0)
(-0.1029 -0.0089298 0)
(-0.101512 -0.00950871 0)
(-0.10011 -0.00981355 0)
(-0.0987154 -0.00984808 0)
(-0.0974237 -0.00956712 0)
(-0.0963678 -0.00900468 0)
(-0.0956352 -0.00826015 0)
(-0.0952591 -0.00742107 0)
(-0.0952572 -0.00654034 0)
(-0.0956538 -0.0056617 0)
(-0.0964651 -0.00484442 0)
(-0.0976637 -0.00415466 0)
(-0.0991775 -0.00362889 0)
(-0.100956 -0.00325841 0)
(-0.102995 -0.00304337 0)
(-0.105164 -0.00301625 0)
(-0.107167 -0.00307482 0)
(-0.109096 -0.00289513 0)
(-0.111536 -0.00242544 0)
(-0.113214 -0.00206304 0)
(-0.0119039 0.0521784 0)
(-0.026161 0.0483828 0)
(-0.0257998 0.0385025 0)
(-0.0238456 0.032957 0)
(-0.0232335 0.0283075 0)
(-0.0239549 0.0236791 0)
(-0.0262846 0.0184806 0)
(-0.0305088 0.0120488 0)
(-0.0364001 0.00469208 0)
(-0.0430011 -0.00170595 0)
(-0.0491707 -0.00441739 0)
(-0.0546227 -0.00179223 0)
(-0.0600299 0.0052944 0)
(-0.0668075 0.013739 0)
(-0.0755707 0.0203523 0)
(-0.0854074 0.0231951 0)
(-0.0948745 0.0216502 0)
(-0.102496 0.0162536 0)
(-0.107144 0.00872945 0)
(-0.10865 0.00175469 0)
(-0.108303 -0.0022329 0)
(-0.10818 -0.00282064 0)
(-0.109793 -0.00193669 0)
(-0.112785 -0.00189837 0)
(-0.115641 -0.00358085 0)
(-0.117195 -0.00624124 0)
(-0.117417 -0.00854925 0)
(-0.117067 -0.00986009 0)
(-0.116738 -0.0104452 0)
(-0.116464 -0.010704 0)
(-0.116145 -0.0106653 0)
(-0.115899 -0.0101878 0)
(-0.115954 -0.00929162 0)
(-0.116429 -0.00814759 0)
(-0.117327 -0.00689174 0)
(-0.118639 -0.00557929 0)
(-0.120396 -0.0042502 0)
(-0.12263 -0.00297988 0)
(-0.125312 -0.00186587 0)
(-0.128349 -0.000979171 0)
(-0.131681 -0.000341237 0)
(-0.135307 5.31447e-05 0)
(-0.139059 0.000211734 0)
(-0.142574 0.000211053 0)
(-0.145973 0.000211372 0)
(-0.14992 0.000260318 0)
(-0.153031 0.000333671 0)
(0.0388424 0.0625154 0)
(0.053888 0.0563485 0)
(0.0722231 0.0471939 0)
(0.0846451 0.0437826 0)
(0.0894792 0.0410975 0)
(0.0894566 0.0378315 0)
(0.0856585 0.0343799 0)
(0.0778903 0.0306131 0)
(0.0657822 0.0261121 0)
(0.0492601 0.0210157 0)
(0.0288619 0.0166972 0)
(0.00590905 0.0161792 0)
(-0.0154907 0.0219624 0)
(-0.0319532 0.0304825 0)
(-0.0455126 0.0365454 0)
(-0.0576346 0.0373511 0)
(-0.0684768 0.032309 0)
(-0.0776452 0.0224784 0)
(-0.0842749 0.0106974 0)
(-0.0878015 0.00111524 0)
(-0.0895101 -0.00292123 0)
(-0.0920594 -0.00146557 0)
(-0.0973421 0.00192725 0)
(-0.104821 0.00316458 0)
(-0.111976 0.000581483 0)
(-0.116737 -0.00424241 0)
(-0.11908 -0.00828815 0)
(-0.1203 -0.0100611 0)
(-0.121626 -0.0103561 0)
(-0.123022 -0.010382 0)
(-0.124069 -0.0103272 0)
(-0.124905 -0.00972279 0)
(-0.125998 -0.00844789 0)
(-0.127563 -0.00682908 0)
(-0.129531 -0.0051233 0)
(-0.131832 -0.0033818 0)
(-0.134508 -0.00160689 0)
(-0.137615 0.000115632 0)
(-0.141125 0.00164436 0)
(-0.144917 0.00286002 0)
(-0.148904 0.00370277 0)
(-0.153054 0.00418302 0)
(-0.15719 0.00436309 0)
(-0.160985 0.0043008 0)
(-0.16458 0.00400055 0)
(-0.168553 0.00352933 0)
(-0.171639 0.00323096 0)
(0.735259 -0.00586791 0)
(0.68507 -0.0091059 0)
(0.641204 -0.00594846 0)
(0.595987 9.74974e-05 0)
(0.546896 0.00643601 0)
(0.494796 0.011584 0)
(0.44067 0.0151883 0)
(0.385056 0.0173369 0)
(0.328438 0.0181501 0)
(0.271467 0.0177997 0)
(0.215264 0.0166211 0)
(0.161881 0.0152801 0)
(0.114975 0.0152385 0)
(0.0792981 0.0174896 0)
(0.0563595 0.0209639 0)
(0.0429424 0.0234018 0)
(0.0340799 0.0231719 0)
(0.0257511 0.0196121 0)
(0.0157897 0.0130285 0)
(0.00337172 0.00550076 0)
(-0.0131197 0.00285986 0)
(-0.0314261 0.00878309 0)
(-0.0485083 0.0163629 0)
(-0.0653709 0.0168773 0)
(-0.0804684 0.00948918 0)
(-0.0910918 -0.000157031 0)
(-0.0979288 -0.00643731 0)
(-0.103373 -0.00802831 0)
(-0.108744 -0.00747416 0)
(-0.114011 -0.00754663 0)
(-0.117954 -0.00836974 0)
(-0.12057 -0.00829207 0)
(-0.122908 -0.00673942 0)
(-0.125598 -0.00457197 0)
(-0.128511 -0.00248074 0)
(-0.131474 -0.000492196 0)
(-0.134568 0.0015672 0)
(-0.137954 0.00363161 0)
(-0.141661 0.00547197 0)
(-0.145556 0.00689059 0)
(-0.149501 0.00779368 0)
(-0.153414 0.00820162 0)
(-0.157131 0.00822231 0)
(-0.160429 0.00792338 0)
(-0.163478 0.0072658 0)
(-0.166681 0.00638228 0)
(-0.168973 0.00579138 0)
(2.50723 0.155022 0)
(2.44041 0.153659 0)
(2.36616 0.154602 0)
(2.2841 0.156614 0)
(2.1935 0.159015 0)
(2.09457 0.161026 0)
(1.98781 0.162046 0)
(1.87362 0.161746 0)
(1.75247 0.159953 0)
(1.62501 0.156569 0)
(1.49207 0.15153 0)
(1.35472 0.144748 0)
(1.2143 0.13613 0)
(1.07265 0.125733 0)
(0.932106 0.113829 0)
(0.795205 0.100812 0)
(0.664136 0.087067 0)
(0.540422 0.0728601 0)
(0.424862 0.058367 0)
(0.31808 0.0438574 0)
(0.221318 0.0303926 0)
(0.13892 0.020773 0)
(0.0782431 0.0175587 0)
(0.0400564 0.0175741 0)
(0.0160928 0.0141245 0)
(-0.00195188 0.00624892 0)
(-0.0216814 0.00131253 0)
(-0.0427845 0.00274363 0)
(-0.0620421 0.00424573 0)
(-0.0778395 0.00110573 0)
(-0.0890528 -0.0035533 0)
(-0.0965836 -0.0051801 0)
(-0.102208 -0.00347705 0)
(-0.107456 -0.000846378 0)
(-0.112238 0.00117523 0)
(-0.116213 0.00283792 0)
(-0.119689 0.00485561 0)
(-0.123208 0.00716771 0)
(-0.126974 0.00925184 0)
(-0.130855 0.0107473 0)
(-0.134664 0.0115581 0)
(-0.138281 0.0117573 0)
(-0.141581 0.0114858 0)
(-0.144445 0.0108209 0)
(-0.147045 0.00976399 0)
(-0.149582 0.00856762 0)
(-0.151113 0.00781965 0)
(2.98616 0.0933381 0)
(2.98694 0.114791 0)
(2.97912 0.13675 0)
(2.96402 0.158631 0)
(2.94084 0.180099 0)
(2.90874 0.200555 0)
(2.86707 0.219438 0)
(2.81507 0.236362 5.44537e-36)
(2.75193 0.251039 0)
(2.67693 0.263216 0)
(2.58953 0.272656 0)
(2.48939 0.279121 0)
(2.3764 0.28236 3.73112e-36)
(2.25073 0.282131 0)
(2.11295 0.278262 0)
(1.96407 0.270691 0)
(1.80551 0.259481 0)
(1.63903 0.244838 0)
(1.46663 0.227123 0)
(1.2906 0.206822 0)
(1.1136 0.184402 0)
(0.938786 0.160278 0)
(0.770035 0.135159 6.07548e-37)
(0.611542 0.110008 0)
(0.466536 0.0855195 0)
(0.336589 0.0620299 0)
(0.222289 0.040648 0)
(0.127386 0.024182 0)
(0.0583451 0.0146404 0)
(0.0161985 0.00880872 0)
(-0.00906685 0.00313459 0)
(-0.0315223 0.00252782 0)
(-0.0500245 0.00613062 0)
(-0.064075 0.00807644 0)
(-0.0745549 0.00744179 0)
(-0.0817881 0.00711699 0)
(-0.0869608 0.00852186 0)
(-0.0914501 0.0109784 2.79557e-36)
(-0.0959019 0.0132489 0)
(-0.100223 0.0146854 0)
(-0.104218 0.015249 0)
(-0.10785 0.0151361 9.24814e-37)
(-0.111139 0.014519 0)
(-0.114101 0.0134336 0)
(-0.116874 0.0119041 0)
(-0.119396 0.0103167 0)
(-0.120707 0.00948205 0)
(2.99798 0.138106 0)
(3.01151 0.156799 0)
(3.02149 0.175806 0)
(3.03029 0.195311 0)
(3.03769 0.215137 0)
(3.0432 0.235154 0)
(3.04634 0.255315 0)
(3.04627 0.275537 -5.02179e-36)
(3.04174 0.295646 0)
(3.03128 0.315385 0)
(3.01334 0.334415 0)
(2.98631 0.352309 0)
(2.94859 0.368555 -3.00704e-36)
(2.89863 0.38259 0)
(2.83504 0.393833 0)
(2.75655 0.401721 0)
(2.66216 0.405754 0)
(2.55119 0.405539 0)
(2.42343 0.400802 0)
(2.27932 0.39139 0)
(2.11993 0.377261 0)
(1.94697 0.358444 0)
(1.76251 0.335093 -2.80687e-37)
(1.5691 0.307639 0)
(1.36973 0.276808 0)
(1.16773 0.2434 0)
(0.966912 0.207959 0)
(0.772133 0.17087 0)
(0.589446 0.133059 0)
(0.425309 0.0962273 0)
(0.284793 0.0624561 0)
(0.170692 0.0352974 0)
(0.0880532 0.018874 0)
(0.0381727 0.0128809 0)
(0.011266 0.0115705 0)
(-0.00621227 0.012002 0)
(-0.0201944 0.0147701 0)
(-0.0308355 0.0180348 -4.06048e-36)
(-0.0389773 0.0198494 0)
(-0.0452796 0.0200877 0)
(-0.0501596 0.0195005 0)
(-0.0540833 0.0186452 -1.2455e-36)
(-0.0575287 0.0176411 0)
(-0.0608401 0.0162313 0)
(-0.0643495 0.0142714 0)
(-0.0676194 0.012086 0)
(-0.0697767 0.0113474 0)
(2.8515 0.0691812 0)
(2.86825 0.0980288 0)
(2.88554 0.12448 0)
(2.9043 0.150051 0)
(2.92387 0.175052 0)
(2.94424 0.199759 0)
(2.96551 0.224442 0)
(2.98741 0.24926 0)
(3.00935 0.274303 0)
(3.03056 0.299624 0)
(3.05012 0.3252 0)
(3.06687 0.350872 0)
(3.07947 0.376329 0)
(3.08644 0.401156 0)
(3.08612 0.424902 0)
(3.07668 0.447104 0)
(3.05608 0.467272 0)
(3.02217 0.48485 0)
(2.97283 0.499159 0)
(2.90626 0.509412 0)
(2.82116 0.514874 0)
(2.71676 0.515059 0)
(2.59265 0.509795 0)
(2.44858 0.499103 0)
(2.28449 0.482975 0)
(2.10086 0.461143 0)
(1.89932 0.432931 0)
(1.68321 0.397413 0)
(1.45775 0.35417 0)
(1.22989 0.30424 0)
(1.00772 0.250282 0)
(0.799341 0.195778 0)
(0.612208 0.144455 0)
(0.452418 0.0998644 0)
(0.323397 0.0645757 0)
(0.225201 0.0399133 0)
(0.155727 0.0259851 0)
(0.111089 0.0206967 0)
(0.0846702 0.0201469 0)
(0.069268 0.0209665 0)
(0.0596565 0.021648 0)
(0.0529945 0.0218611 0)
(0.0477339 0.0217012 0)
(0.0434488 0.0208906 0)
(0.0386711 0.0196938 0)
(0.0355014 0.0163364 0)
(0.0294124 0.0159306 0)
(1.3153 0.0578315 0)
(1.39594 0.0912521 0)
(1.49377 0.116378 0)
(1.60069 0.137247 0)
(1.71085 0.156512 0)
(1.82238 0.175833 0)
(1.93441 0.195915 0)
(2.04599 0.216996 0)
(2.15616 0.239242 0)
(2.2641 0.262815 0)
(2.369 0.287806 0)
(2.46998 0.314147 0)
(2.56614 0.34159 0)
(2.65662 0.369826 0)
(2.74055 0.398614 0)
(2.81681 0.427778 0)
(2.88404 0.45714 0)
(2.94044 0.486388 0)
(2.98399 0.51486 0)
(3.01263 0.54152 0)
(3.02461 0.565291 0)
(3.01839 0.585435 0)
(2.9924 0.601722 0)
(2.94465 0.61427 0)
(2.87259 0.62297 0)
(2.77346 0.626762 0)
(2.64532 0.623358 0)
(2.48821 0.609772 0)
(2.30471 0.583481 0)
(2.09982 0.543559 0)
(1.88045 0.491186 0)
(1.65476 0.42935 0)
(1.43133 0.362172 0)
(1.21839 0.294371 0)
(1.02311 0.230567 0)
(0.850751 0.174378 0)
(0.7042 0.127881 0)
(0.584189 0.0916638 0)
(0.489523 0.0651492 0)
(0.417431 0.0469466 0)
(0.364155 0.0352521 0)
(0.325808 0.0281638 0)
(0.298487 0.0241519 0)
(0.279695 0.0216273 0)
(0.26498 0.0206055 0)
(0.25729 0.0173647 0)
(0.243591 0.0196744 0)
(0.0826264 -0.0669879 0)
(0.150176 -0.0642651 0)
(0.23326 -0.0454496 0)
(0.325686 -0.0301745 0)
(0.424346 -0.0146692 0)
(0.53153 0.00368963 0)
(0.648308 0.0248103 0)
(0.774572 0.0482108 0)
(0.909727 0.0737315 0)
(1.05246 0.101444 0)
(1.2012 0.131437 0)
(1.3542 0.163589 0)
(1.50974 0.1975 0)
(1.66637 0.232736 0)
(1.82278 0.269129 0)
(1.97748 0.306721 0)
(2.12874 0.345717 0)
(2.27437 0.386245 0)
(2.41178 0.427802 0)
(2.53859 0.469138 0)
(2.65302 0.508976 0)
(2.75375 0.54667 0)
(2.83931 0.582546 0)
(2.90722 0.617742 0)
(2.95348 0.653045 0)
(2.97282 0.687316 0)
(2.9602 0.716898 0)
(2.91256 0.736488 0)
(2.82974 0.741043 0)
(2.71432 0.727408 0)
(2.57085 0.694913 0)
(2.40549 0.645248 0)
(2.22556 0.582026 0)
(2.03892 0.510127 0)
(1.85324 0.434879 0)
(1.67534 0.361242 0)
(1.51066 0.293161 0)
(1.36299 0.233239 0)
(1.23432 0.182727 0)
(1.12498 0.141712 0)
(1.03391 0.109478 0)
(0.959278 0.0848341 0)
(0.898401 0.0665576 0)
(0.849585 0.0531034 0)
(0.807494 0.0441852 0)
(0.778777 0.0361137 0)
(0.734403 0.0345982 0)
(-0.0318351 -0.0834434 0)
(-0.0605487 -0.0764702 0)
(-0.064193 -0.0682981 0)
(-0.0590252 -0.066642 0)
(-0.046202 -0.0635499 0)
(-0.0242243 -0.0589176 0)
(0.00784093 -0.0536701 0)
(0.0506449 -0.0478002 0)
(0.106565 -0.0401017 0)
(0.178199 -0.0290295 0)
(0.265741 -0.013492 0)
(0.368726 0.00679002 0)
(0.486576 0.0312175 0)
(0.619248 0.0591429 0)
(0.766508 0.0902862 0)
(0.926694 0.124754 0)
(1.09764 0.163249 0)
(1.27639 0.206469 0)
(1.45896 0.253837 0)
(1.64179 0.303265 0)
(1.82305 0.352622 0)
(2.00184 0.400917 0)
(2.17722 0.449145 0)
(2.34676 0.500429 0)
(2.50491 0.557728 0)
(2.64338 0.620642 0)
(2.75385 0.68421 0)
(2.83066 0.740394 0)
(2.87177 0.781466 0)
(2.87784 0.802198 0)
(2.85101 0.800152 0)
(2.79467 0.775448 0)
(2.71356 0.730561 0)
(2.61349 0.669829 0)
(2.50078 0.59865 0)
(2.38167 0.522605 0)
(2.26195 0.446732 0)
(2.14644 0.375023 0)
(2.03873 0.3102 0)
(1.94107 0.253751 0)
(1.85446 0.206172 0)
(1.77895 0.167238 0)
(1.71346 0.136331 0)
(1.6575 0.112492 0)
(1.6061 0.0950649 0)
(1.56854 0.0826526 0)
(1.50605 0.0744785 0)
(-0.0149047 -0.039558 0)
(-0.0486069 -0.0472219 0)
(-0.0747968 -0.0478857 0)
(-0.0961173 -0.0492234 0)
(-0.11375 -0.0510401 0)
(-0.127372 -0.0529195 0)
(-0.136405 -0.0551569 0)
(-0.140589 -0.057901 0)
(-0.139649 -0.0605536 0)
(-0.132636 -0.0618092 0)
(-0.117617 -0.0603633 0)
(-0.0920082 -0.0559642 0)
(-0.0538547 -0.0495624 0)
(-0.00334881 -0.0421713 0)
(0.0631025 -0.0331952 0)
(0.150641 -0.0208502 0)
(0.25978 -0.00207288 0)
(0.388656 0.0262935 0)
(0.533934 0.0637156 0)
(0.691256 0.106528 0)
(0.861498 0.151046 0)
(1.04641 0.194747 0)
(1.24747 0.239378 0)
(1.46396 0.291709 0)
(1.68852 0.358188 0)
(1.90799 0.440039 0)
(2.10938 0.530711 0)
(2.28484 0.618378 0)
(2.43229 0.692656 0)
(2.55175 0.746949 0)
(2.64305 0.777464 0)
(2.70642 0.782795 0)
(2.74331 0.764075 0)
(2.75641 0.724671 0)
(2.74925 0.669399 0)
(2.72596 0.603672 0)
(2.69093 0.532839 0)
(2.64843 0.461644 0)
(2.6022 0.393814 0)
(2.55521 0.331921 0)
(2.50963 0.277495 0)
(2.46683 0.23125 0)
(2.42723 0.193259 0)
(2.39144 0.163409 0)
(2.3565 0.14082 0)
(2.33014 0.126891 0)
(2.28242 0.114785 0)
(-0.00758114 -0.0147281 0)
(-0.0289863 -0.020965 0)
(-0.0497958 -0.0245382 0)
(-0.0702927 -0.0277408 0)
(-0.0907888 -0.0307945 0)
(-0.111268 -0.0339241 0)
(-0.131533 -0.0375616 0)
(-0.151511 -0.042017 0)
(-0.17119 -0.047 0)
(-0.190168 -0.0516576 0)
(-0.207157 -0.0552605 0)
(-0.220003 -0.0580701 0)
(-0.226554 -0.0614482 0)
(-0.225747 -0.0666934 0)
(-0.217728 -0.0732589 0)
(-0.202582 -0.0780479 0)
(-0.178992 -0.0764395 0)
(-0.142425 -0.0642478 0)
(-0.0836282 -0.0408736 0)
(2.01711e-05 -0.0114674 0)
(0.0971006 0.0143001 0)
(0.216095 0.0300072 0)
(0.373977 0.040753 0)
(0.574313 0.0657765 0)
(0.802394 0.120922 0)
(1.0395 0.208106 0)
(1.26629 0.314856 0)
(1.47549 0.42189 0)
(1.6711 0.516396 0)
(1.85588 0.592368 0)
(2.02763 0.646058 0)
(2.18292 0.675438 0)
(2.31935 0.680773 0)
(2.43566 0.66443 0)
(2.53157 0.630238 0)
(2.60791 0.58265 0)
(2.66655 0.526412 0)
(2.70996 0.466211 0)
(2.74077 0.406063 0)
(2.76157 0.349043 0)
(2.77474 0.297288 0)
(2.78234 0.252167 0)
(2.78592 0.214314 0)
(2.78681 0.184333 0)
(2.78523 0.161365 0)
(2.78342 0.148607 0)
(2.7758 0.136446 0)
(-0.00260621 -0.00205865 0)
(-0.0122701 -0.0049026 0)
(-0.0232047 -0.00770807 0)
(-0.0354131 -0.0100392 0)
(-0.0488783 -0.012011 0)
(-0.0637082 -0.0139205 0)
(-0.0800779 -0.0161603 0)
(-0.0982679 -0.0191056 0)
(-0.118583 -0.0228474 0)
(-0.141149 -0.0270296 0)
(-0.165687 -0.0311287 0)
(-0.191485 -0.0351297 0)
(-0.217705 -0.039936 0)
(-0.243845 -0.0467772 0)
(-0.269929 -0.0558306 0)
(-0.296112 -0.065188 0)
(-0.321494 -0.0713192 0)
(-0.342196 -0.0715908 0)
(-0.350402 -0.0681601 0)
(-0.337474 -0.0694163 0)
(-0.29912 -0.0846031 0)
(-0.236211 -0.116086 0)
(-0.154418 -0.15407 0)
(-0.0578353 -0.173585 0)
(0.0805976 -0.143758 0)
(0.280464 -0.0482926 0)
(0.477968 0.078076 0)
(0.645342 0.198621 0)
(0.812219 0.301195 0)
(0.993286 0.385215 0)
(1.18498 0.448742 0)
(1.37983 0.490463 0)
(1.57143 0.510972 0)
(1.75418 0.511955 0)
(1.92333 0.496351 0)
(2.07554 0.467767 0)
(2.20962 0.43003 0)
(2.32573 0.386945 0)
(2.42468 0.341879 0)
(2.50788 0.297638 0)
(2.57719 0.256386 0)
(2.63466 0.219675 0)
(2.6825 0.188384 0)
(2.72217 0.163406 0)
(2.7574 0.144192 0)
(2.78289 0.133922 0)
(2.82295 0.124879 0)
(-5.73129e-05 0.00164753 0)
(-0.00199043 0.00105637 0)
(-0.00512033 -0.000363442 0)
(-0.00953145 -0.00151505 0)
(-0.0149899 -0.00229564 0)
(-0.0213647 -0.00285847 0)
(-0.0287225 -0.00338334 0)
(-0.0373322 -0.00403772 0)
(-0.0475783 -0.00495947 0)
(-0.0598203 -0.00618383 0)
(-0.0743157 -0.00758543 0)
(-0.0912994 -0.00907666 0)
(-0.111165 -0.0110057 0)
(-0.134537 -0.014279 0)
(-0.162085 -0.0198124 0)
(-0.194147 -0.0274873 0)
(-0.23027 -0.0355214 0)
(-0.268742 -0.0416073 0)
(-0.306457 -0.0463309 0)
(-0.339862 -0.0558408 0)
(-0.367739 -0.0790011 0)
(-0.395407 -0.119782 0)
(-0.434882 -0.169223 0)
(-0.489751 -0.201914 0)
(-0.530926 -0.190553 0)
(-0.504849 -0.131002 0)
(-0.381711 -0.036788 0)
(-0.207519 0.0674956 0)
(-0.0760655 0.156925 0)
(0.0842742 0.217045 0)
(0.257721 0.260429 0)
(0.449397 0.290334 0)
(0.653844 0.309066 0)
(0.862123 0.317572 0)
(1.06684 0.313683 0)
(1.26107 0.298567 0)
(1.44027 0.276707 0)
(1.60218 0.251117 0)
(1.74576 0.223728 0)
(1.87124 0.196288 0)
(1.97983 0.170323 0)
(2.07312 0.146973 0)
(2.15356 0.126937 0)
(2.22226 0.110807 0)
(2.28599 0.0985709 0)
(2.33214 0.0913599 0)
(2.41167 0.0869368 0)
(0.000740855 0.000925001 0)
(0.00181886 0.000918765 0)
(0.0023465 0.000587888 0)
(0.00214267 0.000356398 0)
(0.0014191 0.000242149 0)
(0.000384816 0.000189856 0)
(-0.000888713 0.000162042 0)
(-0.0024476 0.000152963 0)
(-0.00439528 0.000170485 0)
(-0.00680196 0.000209804 0)
(-0.00962814 0.000262344 0)
(-0.0127735 0.000368098 0)
(-0.0163026 0.000651649 0)
(-0.0207073 0.00125741 0)
(-0.0269807 0.00208099 0)
(-0.036337 0.00239245 0)
(-0.0495745 0.00115086 0)
(-0.0666636 -0.00131287 0)
(-0.0872702 -0.00276229 0)
(-0.111977 -0.00286751 0)
(-0.144472 -0.00793042 0)
(-0.19579 -0.0278994 0)
(-0.285331 -0.0625913 0)
(-0.427055 -0.0919253 0)
(-0.608685 -0.0909093 0)
(-0.788083 -0.0553259 0)
(-0.910576 -0.0044307 0)
(-0.935811 0.0377539 0)
(-0.8665 0.0623106 0)
(-0.754173 0.077257 0)
(-0.60085 0.0902081 0)
(-0.420897 0.102241 0)
(-0.226504 0.113389 0)
(-0.0332336 0.121062 0)
(0.157706 0.116611 0)
(0.352386 0.104669 0)
(0.542067 0.092202 0)
(0.716582 0.0804446 0)
(0.872131 0.0691563 0)
(1.00862 0.0584627 0)
(1.12704 0.0487323 0)
(1.22867 0.0402602 0)
(1.31594 0.0332612 0)
(1.38974 0.0277441 0)
(1.4578 0.0240677 0)
(1.50558 0.0212854 0)
(1.58846 0.0215833 0)
)
;

boundaryField
{
    inlet
    {
        type            fixedProfile;
        profile         csvFile;
        profileCoeffs
        {
            nHeaderLine     0;
            refColumn       0;
            componentColumns 3(1 2 3);
            separator       ",";
            mergeSeparators 0;
            file            "0/Uprofile.csv";
        }
        direction       (0 1 0);
        origin          -1;
        value           nonuniform List<vector> 
20
(
(0.0975 0 0)
(0.2775 0 0)
(0.4375 0 0)
(0.5775 0 0)
(0.6975 0 0)
(0.7975 0 0)
(0.8775 0 0)
(0.9375 0 0)
(0.9775 0 0)
(0.9975 0 0)
(0.9975 0 0)
(0.9775 0 0)
(0.9375 0 0)
(0.8775 0 0)
(0.7975 0 0)
(0.6975 0 0)
(0.5775 0 0)
(0.4375 0 0)
(0.2775 0 0)
(0.0975 0 0)
)
;
    }
    outlet
    {
        type            zeroGradient;
    }
    upperWall
    {
        type            noSlip;
    }
    lowerWall
    {
        type            noSlip;
    }
    frontAndBack
    {
        type            empty;
    }
}


// ************************************************************************* //
