/*--------------------------------*- C++ -*----------------------------------*\
| =========                 |                                                 |
| \\      /  F ield         | OpenFOAM: The Open Source CFD Toolbox           |
|  \\    /   O peration     | Version:  2406                                  |
|   \\  /    A nd           | Website:  www.openfoam.com                      |
|    \\/     M anipulation  |                                                 |
\*---------------------------------------------------------------------------*/
FoamFile
{
    version     2.0;
    format      ascii;
    arch        "LSB;label=32;scalar=64";
    class       surfaceScalarField;
    location    "73";
    object      phi;
}
// * * * * * * * * * * * * * * * * * * * * * * * * * * * * * * * * * * * * * //

dimensions      [0 3 -1 0 0 0 0];

oriented        oriented;

internalField   nonuniform List<scalar> 
3880
(
0.00988701
-0.000137012
0.0100154
-0.000128389
0.0100953
-7.99147e-05
0.0101475
-5.21881e-05
0.0101843
-3.67445e-05
0.0102103
-2.60395e-05
0.0102289
-1.86003e-05
0.0102427
-1.37699e-05
0.0102533
-1.06118e-05
-8.41373e-06
0.0102617
0.0277069
-9.39252e-05
0.0277292
-0.00015067
0.0277777
-0.00012837
0.0278262
-0.000100749
0.0278699
-8.0429e-05
0.0279075
-6.35966e-05
0.0279386
-4.97561e-05
0.0279642
-3.93114e-05
0.0279852
-3.16571e-05
-2.59062e-05
0.0280027
0.0437119
-5.58088e-05
0.043679
-0.000117731
0.0436741
-0.000123559
0.0436856
-0.000112225
0.043705
-9.98229e-05
0.043728
-8.65822e-05
0.0437514
-7.31806e-05
0.0437735
-6.13388e-05
0.0437934
-5.16092e-05
-4.36735e-05
0.0438112
0.0577281
-3.38584e-05
0.0576925
-8.21981e-05
0.0576677
-9.87675e-05
0.0576549
-9.9416e-05
0.0576509
-9.57861e-05
0.0576535
-8.92293e-05
0.0576607
-8.03226e-05
0.0576703
-7.09075e-05
0.0576808
-6.21989e-05
-5.44569e-05
0.0576916
0.0697376
-2.14178e-05
0.0697116
-5.62841e-05
0.0696865
-7.36e-05
0.0696663
-7.92516e-05
0.069651
-8.05133e-05
0.0696406
-7.87741e-05
0.0696345
-7.42549e-05
0.0696319
-6.82554e-05
0.0696317
-6.19742e-05
-5.58995e-05
0.0696331
0.0797426
-1.40008e-05
0.0797248
-3.84621e-05
0.0797041
-5.29605e-05
0.0796845
-5.95752e-05
0.0796666
-6.26203e-05
0.079651
-6.32185e-05
0.0796382
-6.14371e-05
0.079628
-5.80764e-05
0.0796201
-5.40664e-05
-4.98802e-05
0.0796141
0.0877451
-9.14053e-06
0.0877324
-2.56943e-05
0.0877159
-3.65081e-05
0.0876986
-4.22579e-05
0.0876814
-4.54055e-05
0.0876649
-4.67383e-05
0.0876498
-4.62924e-05
0.0876362
-4.45478e-05
0.0876243
-4.21511e-05
-3.94768e-05
0.0876139
0.0937464
-5.57109e-06
0.0937366
-1.58461e-05
0.093723
-2.29365e-05
0.0937078
-2.70306e-05
0.0936918
-2.9454e-05
0.0936758
-3.06807e-05
0.0936602
-3.07339e-05
0.0936456
-2.98902e-05
0.093632
-2.85566e-05
-2.69878e-05
0.0936195
0.0977471
-2.64909e-06
0.0977388
-7.57611e-06
0.097727
-1.10739e-05
0.0977131
-1.31819e-05
0.0976981
-1.44777e-05
0.0976826
-1.51787e-05
0.0976672
-1.52971e-05
0.0976523
-1.49609e-05
0.0976381
-1.43661e-05
-1.36405e-05
0.0976247
0.0997473
4.01265e-10
0.0997398
1.06704e-09
0.0997287
1.13179e-09
0.0997155
1.95772e-09
0.099701
3.04323e-09
0.0996859
2.69124e-09
0.0996706
1.62477e-09
0.0996556
1.73178e-09
0.0996412
2.95537e-09
3.56742e-09
0.0996276
0.0997474
2.6492e-06
0.0997398
7.57677e-06
0.0997287
1.10775e-05
0.0997155
1.31872e-05
0.099701
1.44822e-05
0.0996859
1.51826e-05
0.0996706
1.53013e-05
0.0996556
1.49659e-05
0.0996412
1.43717e-05
1.36461e-05
0.0996276
0.0977471
5.57195e-06
0.0977388
1.58483e-05
0.097727
2.29389e-05
0.0977131
2.70345e-05
0.0976981
2.94595e-05
0.0976826
3.06857e-05
0.0976672
3.07374e-05
0.0976523
2.98938e-05
0.0976381
2.85618e-05
2.69937e-05
0.0976247
0.0937464
9.14092e-06
0.0937366
2.56955e-05
0.093723
3.65114e-05
0.0937078
4.22619e-05
0.0936918
4.54094e-05
0.0936758
4.67423e-05
0.0936602
4.62969e-05
0.0936456
4.45523e-05
0.093632
4.21554e-05
3.94808e-05
0.0936195
0.0877451
1.40017e-05
0.0877324
3.84637e-05
0.0877159
5.29626e-05
0.0876986
5.95782e-05
0.0876814
6.26242e-05
0.0876649
6.3223e-05
0.0876498
6.14413e-05
0.0876363
5.80804e-05
0.0876243
5.40701e-05
4.98837e-05
0.0876139
0.0797426
2.14184e-05
0.0797248
5.62856e-05
0.0797041
7.36019e-05
0.0796845
7.92538e-05
0.0796666
8.05168e-05
0.079651
7.87787e-05
0.0796382
7.42595e-05
0.079628
6.82589e-05
0.0796201
6.19767e-05
5.59022e-05
0.0796141
0.0697376
3.38588e-05
0.0697117
8.2199e-05
0.0696865
9.87693e-05
0.0696663
9.94183e-05
0.0696511
9.57889e-05
0.0696406
8.92333e-05
0.0696345
8.03274e-05
0.0696319
7.09112e-05
0.0696317
6.22009e-05
5.44586e-05
0.0696331
0.0577281
5.58096e-05
0.0576925
0.000117732
0.0576677
0.00012356
0.0576549
0.000112226
0.0576509
9.9826e-05
0.0576535
8.65866e-05
0.0576607
7.31845e-05
0.0576703
6.13412e-05
0.0576808
5.16106e-05
4.36754e-05
0.0576916
0.0437119
9.39256e-05
0.043679
0.000150671
0.0436741
0.000128373
0.0436856
0.000100751
0.043705
8.04304e-05
0.043728
6.35992e-05
0.0437514
4.97601e-05
0.0437735
3.93142e-05
0.0437934
3.16576e-05
2.59063e-05
0.0438112
0.0277069
0.000137012
0.0277292
0.000128391
0.0277777
7.99147e-05
0.0278262
5.21881e-05
0.0278699
3.6746e-05
0.0279075
2.6042e-05
0.0279386
1.8602e-05
0.0279642
1.37704e-05
0.0279852
1.0612e-05
8.41436e-06
0.0280027
0.00988701
0.0100154
0.0100953
0.0101475
0.0101843
0.0102103
0.0102289
0.0102427
0.0102533
0.0102617
0.0102685
-6.80553e-06
0.0102741
-5.60242e-06
0.0102788
-4.68957e-06
0.0102828
-3.98376e-06
0.0102862
-3.4249e-06
0.0102892
-2.97243e-06
0.0102918
-2.60067e-06
0.0102941
-2.29327e-06
0.0102961
-2.03836e-06
0.0102979
-1.82591e-06
0.0102996
-1.64703e-06
0.0103011
-1.49419e-06
0.0103024
-1.36161e-06
0.0103037
-1.24517e-06
0.0103048
-1.14214e-06
0.0103059
-1.05067e-06
0.0103068
-9.6936e-07
0.0103077
-8.97002e-07
0.0103086
-8.32421e-07
0.0103093
-7.74476e-07
0.0103101
-7.22094e-07
0.0103107
-6.7434e-07
0.0103114
-6.30462e-07
0.0103119
-5.89898e-07
0.0103125
-5.52259e-07
0.010313
-5.17282e-07
0.0103135
-4.84784e-07
0.010314
-4.54614e-07
0.0103144
-4.26627e-07
0.0103148
-4.00664e-07
0.0103152
-3.76551e-07
0.0103155
-3.54112e-07
0.0103158
-3.33168e-07
0.0103162
-3.13558e-07
-2.95144e-07
0.0103165
0.0280174
-2.14615e-05
0.0280297
-1.79848e-05
0.0280403
-1.52504e-05
0.0280494
-1.30791e-05
0.0280573
-1.13275e-05
0.0280642
-9.89007e-06
0.0280703
-8.69544e-06
0.0280757
-7.69639e-06
0.0280805
-6.85888e-06
0.0280848
-6.15446e-06
0.0280888
-5.5576e-06
0.0280923
-5.04603e-06
0.0280955
-4.60178e-06
0.0280985
-4.21148e-06
0.0281012
-3.86581e-06
0.0281037
-3.55829e-06
0.0281061
-3.28417e-06
0.0281082
-3.03946e-06
0.0281102
-2.82047e-06
0.028112
-2.62365e-06
0.0281138
-2.44567e-06
0.0281154
-2.28355e-06
0.0281169
-2.13484e-06
0.0281183
-1.99762e-06
0.0281196
-1.87048e-06
0.0281208
-1.75241e-06
0.028122
-1.64269e-06
0.0281231
-1.54074e-06
0.0281241
-1.44602e-06
0.028125
-1.35802e-06
0.0281259
-1.27617e-06
0.0281268
-1.19993e-06
0.0281276
-1.12874e-06
0.0281283
-1.0621e-06
-9.99561e-07
0.028129
0.0438269
-3.71452e-05
0.0438407
-3.17769e-05
0.0438528
-2.73828e-05
0.0438635
-2.37837e-05
0.043873
-2.0811e-05
0.0438814
-1.83254e-05
0.0438889
-1.62264e-05
0.0438957
-1.44455e-05
0.0439018
-1.29333e-05
0.0439072
-1.16476e-05
0.0439122
-1.05491e-05
0.0439168
-9.60158e-06
0.043921
-8.77484e-06
0.0439248
-8.04561e-06
0.0439283
-7.39732e-06
0.0439316
-6.81842e-06
0.0439346
-6.30042e-06
0.0439374
-5.83631e-06
0.04394
-5.41964e-06
0.0439424
-5.04416e-06
0.0439447
-4.70397e-06
0.0439468
-4.39376e-06
0.0439488
-4.10907e-06
0.0439506
-3.84633e-06
0.0439523
-3.60287e-06
0.043954
-3.37673e-06
0.0439555
-3.16646e-06
0.0439569
-2.97088e-06
0.0439583
-2.78895e-06
0.0439595
-2.61966e-06
0.0439607
-2.46202e-06
0.0439618
-2.31499e-06
0.0439629
-2.17761e-06
0.0439638
-2.04895e-06
-1.9282e-06
0.0439648
0.0577021
-4.76339e-05
0.057712
-4.16982e-05
0.0577213
-3.6617e-05
0.0577298
-3.23064e-05
0.0577376
-2.86438e-05
0.0577448
-2.55069e-05
0.0577514
-2.28011e-05
0.0577574
-2.04622e-05
0.0577629
-1.8444e-05
0.057768
-1.67051e-05
0.0577726
-1.52029e-05
0.0577769
-1.38953e-05
0.0577809
-1.27453e-05
0.0577845
-1.17235e-05
0.057788
-1.08089e-05
0.0577911
-9.98708e-06
0.0577941
-9.24751e-06
0.0577968
-8.58151e-06
0.0577994
-7.98091e-06
0.0578018
-7.43759e-06
0.057804
-6.94369e-06
0.0578061
-6.49206e-06
0.0578081
-6.07658e-06
0.0578099
-5.6924e-06
0.0578117
-5.33582e-06
0.0578133
-5.00413e-06
0.0578148
-4.69527e-06
0.0578162
-4.40758e-06
0.0578176
-4.13957e-06
0.0578189
-3.8898e-06
0.0578201
-3.65684e-06
0.0578212
-3.43926e-06
0.0578222
-3.23568e-06
0.0578232
-3.04483e-06
-2.86555e-06
0.0578242
0.0696356
-5.01755e-05
0.0696389
-4.4912e-05
0.0696424
-4.02e-05
0.0696462
-3.60575e-05
0.06965
-3.24328e-05
0.0696537
-2.92476e-05
0.0696573
-2.64352e-05
0.0696608
-2.39522e-05
0.0696642
-2.17699e-05
0.0696673
-1.98601e-05
0.0696703
-1.81888e-05
0.0696731
-1.67177e-05
0.0696758
-1.54105e-05
0.0696783
-1.42376e-05
0.0696807
-1.31778e-05
0.0696829
-1.22172e-05
0.069685
-1.1346e-05
0.069687
-1.05562e-05
0.0696888
-9.83964e-06
0.0696906
-9.18809e-06
0.0696922
-8.59304e-06
0.0696938
-8.04658e-06
0.0696952
-7.54188e-06
0.0696966
-7.07353e-06
0.0696979
-6.63744e-06
0.0696992
-6.23066e-06
0.0697003
-5.85095e-06
0.0697014
-5.49651e-06
0.0697024
-5.16565e-06
0.0697034
-4.85673e-06
0.0697043
-4.56806e-06
0.0697052
-4.29797e-06
0.069706
-4.04481e-06
0.0697067
-3.80708e-06
-3.58344e-06
0.0697074
0.0796096
-4.56984e-05
0.0796064
-4.16635e-05
0.0796041
-3.7911e-05
0.0796025
-3.45125e-05
0.0796016
-3.14642e-05
0.079601
-2.87233e-05
0.0796008
-2.62488e-05
0.0796009
-2.40183e-05
0.0796012
-2.20217e-05
0.0796015
-2.02473e-05
0.079602
-1.8674e-05
0.0796026
-1.72728e-05
0.0796032
-1.60136e-05
0.0796038
-1.48709e-05
0.0796045
-1.38271e-05
0.0796051
-1.28711e-05
0.0796058
-1.1996e-05
0.0796064
-1.11962e-05
0.079607
-1.04654e-05
0.0796076
-9.79682e-06
0.0796082
-9.1827e-06
0.0796088
-8.61569e-06
0.0796093
-8.08935e-06
0.0796099
-7.59858e-06
0.0796104
-7.13963e-06
0.0796109
-6.70984e-06
0.0796113
-6.3073e-06
0.0796117
-5.93044e-06
0.0796122
-5.57775e-06
0.0796125
-5.24768e-06
0.0796129
-4.93859e-06
0.0796133
-4.64876e-06
0.0796136
-4.37655e-06
0.0796139
-4.12041e-06
-3.87896e-06
0.0796142
0.0876049
-3.66813e-05
0.0875971
-3.38862e-05
0.0875904
-3.12143e-05
0.0875847
-2.87439e-05
0.0875797
-2.64898e-05
0.0875754
-2.44293e-05
0.0875717
-2.2537e-05
0.0875685
-2.08023e-05
0.0875657
-1.92255e-05
0.0875632
-1.78055e-05
0.0875611
-1.6532e-05
0.0875592
-1.53858e-05
0.0875575
-1.43447e-05
0.087556
-1.33897e-05
0.0875547
-1.25075e-05
0.0875535
-1.1691e-05
0.0875525
-1.09363e-05
0.0875515
-1.02405e-05
0.0875507
-9.60022e-06
0.0875499
-9.0104e-06
0.0875492
-8.46533e-06
0.0875485
-7.95915e-06
0.0875479
-7.48666e-06
0.0875473
-7.04377e-06
0.0875468
-6.62755e-06
0.0875464
-6.23603e-06
0.0875459
-5.86789e-06
0.0875455
-5.52204e-06
0.0875451
-5.19741e-06
0.0875448
-4.8928e-06
0.0875444
-4.60684e-06
0.0875441
-4.33809e-06
0.0875438
-4.08508e-06
0.0875436
-3.84645e-06
-3.621e-06
0.0875433
0.0936081
-2.52944e-05
0.0935978
-2.35601e-05
0.0935884
-2.18734e-05
0.09358
-2.02957e-05
0.0935723
-1.88437e-05
0.0935654
-1.75044e-05
0.0935591
-1.62614e-05
0.0935534
-1.51087e-05
0.0935483
-1.40496e-05
0.0935435
-1.30868e-05
0.0935392
-1.22162e-05
0.0935353
-1.14266e-05
0.0935316
-1.07034e-05
0.0935283
-1.00338e-05
0.0935252
-9.40948e-06
0.0935223
-8.82622e-06
0.0935196
-8.28251e-06
0.0935172
-7.77749e-06
0.0935149
-7.30954e-06
0.0935128
-6.87586e-06
0.0935108
-6.47279e-06
0.0935089
-6.09643e-06
0.0935072
-5.74327e-06
0.0935055
-5.41056e-06
0.093504
-5.09641e-06
0.0935026
-4.79964e-06
0.0935012
-4.51949e-06
0.0934999
-4.25538e-06
0.0934988
-4.00671e-06
0.0934976
-3.77272e-06
0.0934966
-3.55247e-06
0.0934956
-3.34493e-06
0.0934946
-3.14905e-06
0.0934938
-2.96381e-06
-2.78833e-06
0.0934929
0.0976123
-1.28419e-05
0.0976007
-1.20133e-05
0.0975901
-1.12001e-05
0.0975802
-1.04354e-05
0.0975711
-9.72888e-06
0.0975626
-9.07475e-06
0.0975548
-8.46465e-06
0.0975476
-7.89567e-06
0.0975409
-7.36983e-06
0.0975347
-6.88925e-06
0.097529
-6.45255e-06
0.0975236
-6.05443e-06
0.0975186
-5.68774e-06
0.0975139
-5.34618e-06
0.0975095
-5.02562e-06
0.0975054
-4.72427e-06
0.0975016
-4.44171e-06
0.097498
-4.17783e-06
0.0974946
-3.93208e-06
0.0974914
-3.70324e-06
0.0974884
-3.48953e-06
0.0974856
-3.28904e-06
0.097483
-3.10006e-06
0.0974805
-2.92126e-06
0.0974782
-2.75175e-06
0.097476
-2.59101e-06
0.0974739
-2.43872e-06
0.0974719
-2.29467e-06
0.0974701
-2.15856e-06
0.0974683
-2.03003e-06
0.0974667
-1.90861e-06
0.0974651
-1.79376e-06
0.0974637
-1.68492e-06
0.0974623
-1.58156e-06
-1.4832e-06
0.097461
0.0996147
2.74537e-09
0.0996027
1.53073e-09
0.0995915
1.40422e-09
0.0995811
2.64492e-09
0.0995714
4.3694e-09
0.0995623
5.69992e-09
0.0995538
6.41706e-09
0.0995459
6.83709e-09
0.0995385
7.40701e-09
0.0995316
8.35824e-09
0.0995252
9.71701e-09
0.0995191
1.13947e-08
0.0995134
1.3249e-08
0.099508
1.51655e-08
0.099503
1.70533e-08
0.0994982
1.88706e-08
0.0994938
2.06438e-08
0.0994896
2.2437e-08
0.0994856
2.43503e-08
0.0994819
2.64653e-08
0.0994784
2.88329e-08
0.0994751
3.14653e-08
0.0994719
3.43382e-08
0.099469
3.74143e-08
0.0994662
4.06583e-08
0.0994635
4.40537e-08
0.099461
4.76123e-08
0.0994587
5.13651e-08
0.0994565
5.53603e-08
0.0994544
5.96452e-08
0.0994524
6.42638e-08
0.0994506
6.92467e-08
0.0994488
7.46129e-08
0.0994471
8.03687e-08
8.65135e-08
0.0994456
0.0996147
1.28466e-05
0.0996027
1.20169e-05
0.0995915
1.1204e-05
0.0995811
1.0441e-05
0.0995714
9.73706e-06
0.0995623
9.08524e-06
0.0995538
8.47682e-06
0.0995459
7.90914e-06
0.0995385
7.3847e-06
0.0995316
6.90603e-06
0.0995252
6.47187e-06
0.0995191
6.07683e-06
0.0995134
5.71366e-06
0.099508
5.37578e-06
0.099503
5.05894e-06
0.0994982
4.76122e-06
0.0994938
4.48221e-06
0.0994896
4.22191e-06
0.0994856
3.97995e-06
0.0994819
3.75525e-06
0.0994784
3.54615e-06
0.0994751
3.35077e-06
0.0994719
3.16736e-06
0.099469
2.99454e-06
0.0994662
2.83135e-06
0.0994635
2.67724e-06
0.0994611
2.53194e-06
0.0994587
2.39525e-06
0.0994565
2.26699e-06
0.0994544
2.14687e-06
0.0994524
2.03451e-06
0.0994506
1.9294e-06
0.0994488
1.83105e-06
0.0994472
1.73891e-06
1.65254e-06
0.0994456
0.0976123
2.52992e-05
0.0976007
2.35635e-05
0.0975901
2.18769e-05
0.0975802
2.03012e-05
0.0975711
1.88516e-05
0.0975626
1.75143e-05
0.0975548
1.62725e-05
0.0975476
1.51212e-05
0.097541
1.40636e-05
0.0975348
1.31029e-05
0.097529
1.22349e-05
0.0975236
1.14481e-05
0.0975186
1.07279e-05
0.0975139
1.00616e-05
0.0975095
9.44064e-06
0.0975054
8.86079e-06
0.0975016
8.32054e-06
0.097498
7.81905e-06
0.0974946
7.35481e-06
0.0974915
6.92509e-06
0.0974885
6.52633e-06
0.0974857
6.15466e-06
0.097483
5.80657e-06
0.0974806
5.47932e-06
0.0974782
5.17099e-06
0.097476
4.8804e-06
0.0974739
4.6068e-06
0.097472
4.34966e-06
0.0974701
4.10841e-06
0.0974684
3.88235e-06
0.0974668
3.67061e-06
0.0974652
3.47218e-06
0.0974638
3.28605e-06
0.0974624
3.11123e-06
2.94685e-06
0.0974611
0.0936081
3.66853e-05
0.0935978
3.38903e-05
0.0935884
3.12189e-05
0.09358
2.87494e-05
0.0935723
2.64965e-05
0.0935654
2.44373e-05
0.0935591
2.25465e-05
0.0935534
2.08136e-05
0.0935483
1.92388e-05
0.0935435
1.78208e-05
0.0935392
1.65495e-05
0.0935353
1.54055e-05
0.0935316
1.43669e-05
0.0935283
1.34145e-05
0.0935252
1.25352e-05
0.0935223
1.17218e-05
0.0935197
1.09704e-05
0.0935172
1.02781e-05
0.0935149
9.64124e-06
0.0935128
9.05504e-06
0.0935108
8.51376e-06
0.093509
8.01163e-06
0.0935072
7.54348e-06
0.0935056
7.1053e-06
0.0935041
6.69416e-06
0.0935026
6.30813e-06
0.0935013
5.94587e-06
0.0935
5.60632e-06
0.0934989
5.28839e-06
0.0934978
4.99093e-06
0.0934967
4.71256e-06
0.0934957
4.45189e-06
0.0934948
4.20747e-06
0.0934939
3.97799e-06
3.76227e-06
0.0934931
0.0876049
4.5702e-05
0.0875971
4.16678e-05
0.0875904
3.7916e-05
0.0875847
3.45178e-05
0.0875797
3.14697e-05
0.0875754
2.87295e-05
0.0875717
2.62563e-05
0.0875685
2.40279e-05
0.0875657
2.20334e-05
0.0875632
2.0261e-05
0.0875611
1.86894e-05
0.0875592
1.72899e-05
0.0875575
1.60324e-05
0.0875561
1.48918e-05
0.0875548
1.38505e-05
0.0875536
1.28972e-05
0.0875525
1.20251e-05
0.0875516
1.12283e-05
0.0875507
1.05007e-05
0.0875499
9.83516e-06
0.0875492
9.22417e-06
0.0875486
8.66045e-06
0.087548
8.13761e-06
0.0875474
7.65068e-06
0.0875469
7.19593e-06
0.0875465
6.77077e-06
0.087546
6.37321e-06
0.0875456
6.00173e-06
0.0875453
5.65474e-06
0.0875449
5.33073e-06
0.0875446
5.02799e-06
0.0875443
4.74491e-06
0.0875441
4.4798e-06
0.0875438
4.23121e-06
3.99779e-06
0.0875436
0.0796096
5.01793e-05
0.0796064
4.49169e-05
0.0796041
4.0205e-05
0.0796025
3.60618e-05
0.0796016
3.24367e-05
0.079601
2.92519e-05
0.0796008
2.6441e-05
0.0796009
2.396e-05
0.0796012
2.17795e-05
0.0796016
1.98713e-05
0.079602
1.82013e-05
0.0796026
1.67313e-05
0.0796032
1.54253e-05
0.0796038
1.42539e-05
0.0796045
1.31961e-05
0.0796052
1.22378e-05
0.0796058
1.13691e-05
0.0796065
1.05818e-05
0.0796071
9.86785e-06
0.0796077
9.21877e-06
0.0796083
8.62617e-06
0.0796089
8.08218e-06
0.0796094
7.58016e-06
0.07961
7.11471e-06
0.0796105
6.6819e-06
0.079611
6.27871e-06
0.0796115
5.90296e-06
0.0796119
5.55274e-06
0.0796123
5.2264e-06
0.0796127
4.92219e-06
0.0796131
4.63849e-06
0.0796135
4.37356e-06
0.0796139
4.12588e-06
0.0796142
3.89392e-06
3.67646e-06
0.0796145
0.0696356
4.76372e-05
0.0696389
4.17032e-05
0.0696424
3.66219e-05
0.0696462
3.23098e-05
0.06965
2.86459e-05
0.0696537
2.55092e-05
0.0696574
2.28048e-05
0.0696608
2.04678e-05
0.0696642
1.84512e-05
0.0696673
1.67133e-05
0.0696703
1.52119e-05
0.0696731
1.3905e-05
0.0696758
1.27558e-05
0.0696783
1.17351e-05
0.0696807
1.0822e-05
0.0696829
1.00018e-05
0.069685
9.26414e-06
0.069687
8.60006e-06
0.0696889
8.00139e-06
0.0696907
7.45986e-06
0.0696923
6.96774e-06
0.0696939
6.51783e-06
0.0696954
6.10424e-06
0.0696967
5.72206e-06
0.0696981
5.36781e-06
0.0696993
5.03863e-06
0.0697005
4.73261e-06
0.0697016
4.44789e-06
0.0697026
4.18311e-06
0.0697036
3.93663e-06
0.0697045
3.70718e-06
0.0697054
3.49318e-06
0.0697062
3.29345e-06
0.069707
3.10658e-06
2.93164e-06
0.0697078
0.0577021
3.71483e-05
0.057712
3.17806e-05
0.0577213
2.73857e-05
0.0577298
2.37853e-05
0.0577376
2.08117e-05
0.0577448
1.83264e-05
0.0577514
1.62282e-05
0.0577574
1.44486e-05
0.0577629
1.29373e-05
0.057768
1.16524e-05
0.0577726
1.05544e-05
0.0577769
9.6074e-06
0.0577809
8.78115e-06
0.0577846
8.05266e-06
0.057788
7.40519e-06
0.0577912
6.82742e-06
0.0577941
6.3106e-06
0.0577969
5.84786e-06
0.0577994
5.43241e-06
0.0578019
5.0582e-06
0.0578041
4.71907e-06
0.0578062
4.41001e-06
0.0578082
4.12636e-06
0.05781
3.86489e-06
0.0578118
3.62273e-06
0.0578134
3.3982e-06
0.057815
3.18956e-06
0.0578164
2.9959e-06
0.0578178
2.81585e-06
0.0578191
2.64868e-06
0.0578203
2.49307e-06
0.0578214
2.34832e-06
0.0578225
2.21316e-06
0.0578235
2.08701e-06
1.96877e-06
0.0578245
0.0438269
2.1463e-05
0.0438407
1.79872e-05
0.0438528
1.52521e-05
0.0438635
1.30791e-05
0.043873
1.13266e-05
0.0438814
9.8893e-06
0.0438889
8.69548e-06
0.0438957
7.69725e-06
0.0439018
6.86036e-06
0.0439073
6.15632e-06
0.0439123
5.55976e-06
0.0439168
5.04843e-06
0.043921
4.60445e-06
0.0439248
4.21447e-06
0.0439284
3.86925e-06
0.0439316
3.56231e-06
0.0439346
3.2889e-06
0.0439374
3.04494e-06
0.0439401
2.82669e-06
0.0439425
2.63051e-06
0.0439447
2.45309e-06
0.0439469
2.29145e-06
0.0439488
2.14323e-06
0.0439507
2.00652e-06
0.0439524
1.87999e-06
0.0439541
1.76263e-06
0.0439556
1.65374e-06
0.0439571
1.55268e-06
0.0439584
1.45893e-06
0.0439597
1.3719e-06
0.0439609
1.29108e-06
0.043962
1.21586e-06
0.0439631
1.14576e-06
0.0439641
1.08024e-06
1.01892e-06
0.043965
0.0280174
6.8064e-06
0.0280297
5.60293e-06
0.0280403
4.68944e-06
0.0280494
3.98311e-06
0.0280573
3.42409e-06
0.0280642
2.9717e-06
0.0280703
2.60017e-06
0.0280757
2.29298e-06
0.0280805
2.03832e-06
0.0280849
1.82608e-06
0.0280888
1.64739e-06
0.0280923
1.49462e-06
0.0280956
1.36209e-06
0.0280985
1.24568e-06
0.0281013
1.14279e-06
0.0281038
1.0515e-06
0.0281061
9.70506e-07
0.0281082
8.98435e-07
0.0281102
8.34165e-07
0.0281121
7.76408e-07
0.0281138
7.24193e-07
0.0281154
6.76497e-07
0.0281169
6.32715e-07
0.0281183
5.92209e-07
0.0281197
5.54728e-07
0.0281209
5.19906e-07
0.0281221
4.87668e-07
0.0281232
4.57735e-07
0.0281242
4.30059e-07
0.0281252
4.04351e-07
0.0281261
3.80548e-07
0.0281269
3.58352e-07
0.0281277
3.37711e-07
0.0281285
3.18354e-07
3.00269e-07
0.0281292
0.0102685
0.0102741
0.0102788
0.0102828
0.0102862
0.0102892
0.0102918
0.0102941
0.0102961
0.0102979
0.0102996
0.0103011
0.0103024
0.0103037
0.0103048
0.0103059
0.0103068
0.0103077
0.0103086
0.0103093
0.0103101
0.0103107
0.0103114
0.010312
0.0103125
0.010313
0.0103135
0.010314
0.0103144
0.0103148
0.0103152
0.0103156
0.0103159
0.0103162
0.0103165
0.0103167
-2.77808e-07
0.010317
-2.61461e-07
0.0103172
-2.46031e-07
0.0103175
-2.31466e-07
0.0103177
-2.1772e-07
0.0103179
-2.04757e-07
0.0103181
-1.92536e-07
0.0103183
-1.81024e-07
0.0103184
-1.70175e-07
-1.59953e-07
0.0103186
0.0281297
-9.40739e-07
0.0281303
-8.85322e-07
0.0281309
-8.33056e-07
0.0281315
-7.83737e-07
0.028132
-7.37192e-07
0.0281325
-6.93274e-07
0.0281329
-6.51841e-07
0.0281334
-6.12761e-07
0.0281338
-5.75897e-07
-5.41113e-07
0.0281341
0.0439657
-1.81464e-06
0.0439665
-1.70768e-06
0.0439672
-1.60681e-06
0.043968
-1.51162e-06
0.0439687
-1.42177e-06
0.0439693
-1.33696e-06
0.0439699
-1.25689e-06
0.0439705
-1.18132e-06
0.043971
-1.10997e-06
-1.0426e-06
0.0439715
0.0578251
-2.69684e-06
0.0578259
-2.53786e-06
0.0578267
-2.38789e-06
0.0578274
-2.24633e-06
0.0578281
-2.11265e-06
0.0578287
-1.98641e-06
0.0578294
-1.86717e-06
0.0578299
-1.75455e-06
0.0578305
-1.64814e-06
-1.54757e-06
0.057831
0.0697081
-3.37272e-06
0.0697088
-3.17393e-06
0.0697094
-2.98624e-06
0.0697099
-2.80894e-06
0.0697104
-2.64142e-06
0.0697109
-2.48312e-06
0.0697114
-2.3335e-06
0.0697118
-2.19207e-06
0.0697123
-2.05834e-06
-1.9318e-06
0.0697126
0.0796145
-3.65105e-06
0.0796147
-3.43569e-06
0.079615
-3.23206e-06
0.0796152
-3.03948e-06
0.0796154
-2.85732e-06
0.0796156
-2.68503e-06
0.0796158
-2.52204e-06
0.079616
-2.36782e-06
0.0796162
-2.22181e-06
-2.08349e-06
0.0796163
0.0875431
-3.40771e-06
0.0875428
-3.20574e-06
0.0875426
-3.0144e-06
0.0875424
-2.83313e-06
0.0875422
-2.66141e-06
0.087542
-2.49875e-06
0.0875418
-2.34465e-06
0.0875417
-2.19862e-06
0.0875415
-2.06015e-06
-1.92873e-06
0.0875414
0.0934921
-2.62186e-06
0.0934914
-2.46381e-06
0.0934907
-2.3137e-06
0.09349
-2.17112e-06
0.0934894
-2.03573e-06
0.0934888
-1.90717e-06
0.0934883
-1.78508e-06
0.0934877
-1.66907e-06
0.0934872
-1.55875e-06
-1.45371e-06
0.0934868
0.0974597
-1.38946e-06
0.0974586
-1.30004e-06
0.0974575
-1.2147e-06
0.0974564
-1.13322e-06
0.0974555
-1.05542e-06
0.0974545
-9.81118e-07
0.0974537
-9.10106e-07
0.0974528
-8.42168e-07
0.097452
-7.77072e-07
-7.14585e-07
0.0974513
0.0994441
9.3043e-08
0.0994427
9.99555e-08
0.0994414
1.07254e-07
0.0994401
1.1495e-07
0.0994389
1.23062e-07
0.0994378
1.31615e-07
0.0994368
1.40637e-07
0.0994358
1.50158e-07
0.0994348
1.60205e-07
1.70804e-07
0.0994339
0.0994441
1.57154e-06
0.0994427
1.49561e-06
0.0994414
1.42452e-06
0.0994402
1.35808e-06
0.099439
1.29614e-06
0.0994379
1.23857e-06
0.0994368
1.18521e-06
0.0994359
1.1359e-06
0.0994349
1.09045e-06
1.04868e-06
0.099434
0.0974599
2.79219e-06
0.0974587
2.64665e-06
0.0974576
2.50979e-06
0.0974566
2.38123e-06
0.0974556
2.26065e-06
0.0974547
2.14772e-06
0.0974539
2.04212e-06
0.0974531
1.94351e-06
0.0974523
1.85153e-06
1.76581e-06
0.0974516
0.0934924
3.55934e-06
0.0934916
3.36839e-06
0.093491
3.18876e-06
0.0934903
3.01989e-06
0.0934897
2.86131e-06
0.0934892
2.71253e-06
0.0934886
2.5731e-06
0.0934881
2.44251e-06
0.0934877
2.3203e-06
2.20598e-06
0.0934872
0.0875433
3.77845e-06
0.0875431
3.57222e-06
0.0875429
3.37835e-06
0.0875428
3.19611e-06
0.0875426
3.02496e-06
0.0875425
2.86428e-06
0.0875423
2.71357e-06
0.0875422
2.57223e-06
0.0875421
2.43982e-06
2.31573e-06
0.087542
0.0796148
3.4723e-06
0.0796151
3.28059e-06
0.0796154
3.10041e-06
0.0796156
2.93118e-06
0.0796159
2.77217e-06
0.0796161
2.62292e-06
0.0796164
2.4828e-06
0.0796166
2.35141e-06
0.0796168
2.22815e-06
2.11265e-06
0.079617
0.0697085
2.76749e-06
0.0697091
2.61348e-06
0.0697098
2.46876e-06
0.0697104
2.33288e-06
0.0697109
2.20516e-06
0.0697115
2.08531e-06
0.069712
1.97272e-06
0.0697125
1.86716e-06
0.0697129
1.76808e-06
1.67527e-06
0.0697134
0.0578254
1.85807e-06
0.0578263
1.754e-06
0.0578271
1.65641e-06
0.0578278
1.56456e-06
0.0578286
1.47844e-06
0.0578293
1.39739e-06
0.0578299
1.32148e-06
0.0578305
1.25008e-06
0.0578311
1.1833e-06
1.12051e-06
0.0578317
0.0439659
9.61377e-07
0.0439668
9.07368e-07
0.0439676
8.56596e-07
0.0439683
8.08906e-07
0.0439691
7.64076e-07
0.0439697
7.22002e-07
0.0439704
6.82488e-07
0.043971
6.45449e-07
0.0439715
6.10693e-07
5.78138e-07
0.0439721
0.0281299
2.83231e-07
0.0281305
2.67275e-07
0.0281311
2.52212e-07
0.0281317
2.3811e-07
0.0281323
2.24802e-07
0.0281328
2.12366e-07
0.0281332
2.0064e-07
0.0281337
1.89705e-07
0.0281341
1.79397e-07
1.69795e-07
0.0281345
0.0103168
0.0103171
0.0103173
0.0103176
0.0103178
0.010318
0.0103182
0.0103184
0.0103186
0.0103187
0.0103187
-1.50309e-07
0.0103189
-1.41205e-07
0.010319
-1.32595e-07
0.0103191
-1.24445e-07
0.0103193
-1.16715e-07
0.0103194
-1.09382e-07
0.0103195
-1.0241e-07
0.0103196
-9.5787e-08
0.0103197
-8.94849e-08
0.0103197
-8.34954e-08
0.0103198
-7.77954e-08
0.0103199
-7.23787e-08
0.01032
-6.72233e-08
0.01032
-6.23234e-08
0.0103201
-5.76568e-08
0.0103201
-5.32176e-08
0.0103202
-4.89836e-08
0.0103202
-4.49503e-08
0.0103203
-4.10963e-08
0.0103203
-3.74193e-08
0.0103203
-3.39001e-08
0.0103204
-3.05393e-08
0.0103204
-2.73208e-08
0.0103204
-2.42483e-08
0.0103204
-2.13068e-08
0.0103205
-1.85042e-08
0.0103205
-1.5825e-08
0.0103205
-1.32775e-08
0.0103205
-1.08449e-08
0.0103205
-8.53472e-09
0.0103205
-6.32745e-09
0.0103205
-4.22991e-09
0.0103205
-2.2199e-09
0.0103205
-3.08448e-10
1.51968e-09
0.0103205
0.0281345
-5.08271e-07
0.0281348
-4.77237e-07
0.0281351
-4.47878e-07
0.0281354
-4.20071e-07
0.0281357
-3.93703e-07
0.028136
-3.68671e-07
0.0281362
-3.44884e-07
0.0281364
-3.22265e-07
0.0281367
-3.0074e-07
0.0281369
-2.80251e-07
0.028137
-2.60739e-07
0.0281372
-2.42155e-07
0.0281374
-2.24447e-07
0.0281375
-2.0757e-07
0.0281376
-1.91473e-07
0.0281378
-1.76113e-07
0.0281379
-1.61444e-07
0.028138
-1.47422e-07
0.0281381
-1.34005e-07
0.0281382
-1.21158e-07
0.0281382
-1.08846e-07
0.0281383
-9.70388e-08
0.0281384
-8.57109e-08
0.0281384
-7.48418e-08
0.0281384
-6.44118e-08
0.0281385
-5.44083e-08
0.0281385
-4.48152e-08
0.0281385
-3.56232e-08
0.0281386
-2.68179e-08
0.0281386
-1.83903e-08
0.0281386
-1.03257e-08
0.0281386
-2.61664e-09
0.0281386
4.74802e-09
0.0281386
1.17705e-08
1.84529e-08
0.0281385
0.043972
-9.78935e-07
0.0439724
-9.18734e-07
0.0439728
-8.61749e-07
0.0439732
-8.07748e-07
0.0439736
-7.56516e-07
0.0439739
-7.07858e-07
0.0439742
-6.61599e-07
0.0439745
-6.17581e-07
0.0439748
-5.75669e-07
0.0439751
-5.35739e-07
0.0439753
-4.97678e-07
0.0439755
-4.61383e-07
0.0439757
-4.26756e-07
0.0439759
-3.93701e-07
0.0439761
-3.62127e-07
0.0439762
-3.31943e-07
0.0439764
-3.03062e-07
0.0439765
-2.754e-07
0.0439766
-2.48881e-07
0.0439767
-2.2343e-07
0.0439768
-1.98984e-07
0.0439769
-1.75484e-07
0.043977
-1.52882e-07
0.043977
-1.31133e-07
0.0439771
-1.10202e-07
0.0439771
-9.006e-08
0.0439771
-7.06809e-08
0.0439771
-5.20421e-08
0.0439771
-3.41256e-08
0.0439771
-1.69126e-08
0.0439771
-3.8879e-10
0.0439771
1.5459e-08
0.0439771
3.06376e-08
0.0439771
4.51495e-08
5.89917e-08
0.043977
0.0578314
-1.45245e-06
0.0578319
-1.36242e-06
0.0578323
-1.27712e-06
0.0578327
-1.19622e-06
0.0578331
-1.11941e-06
0.0578334
-1.0464e-06
0.0578337
-9.76933e-07
0.057834
-9.10787e-07
0.0578343
-8.47752e-07
0.0578345
-7.87644e-07
0.0578348
-7.30289e-07
0.057835
-6.75529e-07
0.0578352
-6.23212e-07
0.0578353
-5.73194e-07
0.0578355
-5.2533e-07
0.0578357
-4.79488e-07
0.0578358
-4.35535e-07
0.0578359
-3.93348e-07
0.057836
-3.52811e-07
0.0578361
-3.13819e-07
0.0578362
-2.76274e-07
0.0578362
-2.40093e-07
0.0578363
-2.052e-07
0.0578363
-1.71534e-07
0.0578364
-1.39039e-07
0.0578364
-1.07671e-07
0.0578364
-7.73922e-08
0.0578364
-4.81727e-08
0.0578364
-1.99857e-08
0.0578364
7.18754e-09
0.0578363
3.33639e-08
0.0578363
5.85517e-08
0.0578362
8.27533e-08
0.0578362
1.0596e-07
1.28159e-07
0.0578361
0.069713
-1.81199e-06
0.0697133
-1.69845e-06
0.0697137
-1.59075e-06
0.0697139
-1.48847e-06
0.0697142
-1.39123e-06
0.0697145
-1.29871e-06
0.0697147
-1.21058e-06
0.0697149
-1.12657e-06
0.0697151
-1.04642e-06
0.0697153
-9.69892e-07
0.0697155
-8.96772e-07
0.0697156
-8.26852e-07
0.0697158
-7.59935e-07
0.0697159
-6.95833e-07
0.069716
-6.34364e-07
0.0697161
-5.75353e-07
0.0697162
-5.18635e-07
0.0697162
-4.64055e-07
0.0697163
-4.11469e-07
0.0697163
-3.60745e-07
0.0697164
-3.11766e-07
0.0697164
-2.64427e-07
0.0697164
-2.18635e-07
0.0697164
-1.74314e-07
0.0697164
-1.31396e-07
0.0697164
-8.98266e-08
0.0697164
-4.95611e-08
0.0697163
-1.05635e-08
0.0697163
2.71929e-08
0.0697162
6.37267e-08
0.0697162
9.9047e-08
0.0697161
1.33154e-07
0.069716
1.66035e-07
0.0697159
1.97665e-07
2.28005e-07
0.0697158
0.0796165
-1.95234e-06
0.0796166
-1.82785e-06
0.0796167
-1.70956e-06
0.0796168
-1.59702e-06
0.0796169
-1.48986e-06
0.079617
-1.38771e-06
0.0796171
-1.29024e-06
0.0796171
-1.19716e-06
0.0796172
-1.1082e-06
0.0796173
-1.02311e-06
0.0796173
-9.41637e-07
0.0796173
-8.63559e-07
0.0796174
-7.88652e-07
0.0796174
-7.16705e-07
0.0796174
-6.47512e-07
0.0796174
-5.80882e-07
0.0796174
-5.16631e-07
0.0796174
-4.54592e-07
0.0796174
-3.94607e-07
0.0796174
-3.36537e-07
0.0796173
-2.80256e-07
0.0796173
-2.25654e-07
0.0796172
-1.72634e-07
0.0796172
-1.21116e-07
0.0796171
-7.10293e-08
0.0796171
-2.23198e-08
0.079617
2.50576e-08
0.0796169
7.11338e-08
0.0796168
1.15931e-07
0.0796167
1.59457e-07
0.0796166
2.01708e-07
0.0796165
2.42666e-07
0.0796164
2.82298e-07
0.0796163
3.2055e-07
3.5735e-07
0.0796162
0.0875412
-1.80386e-06
0.0875411
-1.68507e-06
0.0875409
-1.57191e-06
0.0875408
-1.46399e-06
0.0875407
-1.36095e-06
0.0875405
-1.26246e-06
0.0875404
-1.16822e-06
0.0875403
-1.07797e-06
0.0875402
-9.91468e-07
0.0875401
-9.0846e-07
0.08754
-8.28724e-07
0.0875398
-7.52037e-07
0.0875397
-6.78185e-07
0.0875396
-6.06959e-07
0.0875395
-5.38164e-07
0.0875394
-4.71611e-07
0.0875393
-4.07128e-07
0.0875392
-3.44554e-07
0.0875391
-2.83745e-07
0.087539
-2.24572e-07
0.0875388
-1.66921e-07
0.0875387
-1.10692e-07
0.0875386
-5.58014e-08
0.0875385
-2.17829e-09
0.0875384
5.0234e-08
0.0875383
1.0148e-07
0.0875381
1.51591e-07
0.087538
2.00585e-07
0.0875379
2.48465e-07
0.0875377
2.95223e-07
0.0875376
3.40832e-07
0.0875375
3.85247e-07
0.0875373
4.28405e-07
0.0875372
4.70219e-07
5.10573e-07
0.087537
0.0934863
-1.35356e-06
0.0934859
-1.25792e-06
0.0934855
-1.16643e-06
0.0934851
-1.0788e-06
0.0934847
-9.94746e-07
0.0934844
-9.14016e-07
0.093484
-8.36388e-07
0.0934837
-7.61657e-07
0.0934834
-6.89628e-07
0.0934831
-6.20113e-07
0.0934829
-5.52928e-07
0.0934826
-4.87893e-07
0.0934823
-4.24835e-07
0.0934821
-3.63584e-07
0.0934819
-3.03981e-07
0.0934816
-2.45874e-07
0.0934814
-1.89127e-07
0.0934812
-1.33615e-07
0.093481
-7.9226e-08
0.0934808
-2.58637e-08
0.0934806
2.65553e-08
0.0934804
7.81014e-08
0.0934802
1.28831e-07
0.0934801
1.7879e-07
0.0934799
2.28009e-07
0.0934797
2.76508e-07
0.0934795
3.24292e-07
0.0934794
3.71354e-07
0.0934792
4.17672e-07
0.093479
4.63207e-07
0.0934789
5.07903e-07
0.0934787
5.51682e-07
0.0934785
5.94443e-07
0.0934784
6.3606e-07
6.76372e-07
0.0934782
0.0974506
-6.54477e-07
0.0974499
-5.96535e-07
0.0974493
-5.4056e-07
0.0974487
-4.86377e-07
0.0974482
-4.33828e-07
0.0974476
-3.82776e-07
0.0974471
-3.3309e-07
0.0974467
-2.84654e-07
0.0974462
-2.3735e-07
0.0974458
-1.91069e-07
0.0974454
-1.45698e-07
0.097445
-1.01131e-07
0.0974446
-5.72599e-08
0.0974443
-1.39852e-08
0.0974439
2.87895e-08
0.0974436
7.11495e-08
0.0974433
1.13175e-07
0.097443
1.54931e-07
0.0974427
1.9648e-07
0.0974425
2.37866e-07
0.0974422
2.7913e-07
0.097442
3.20297e-07
0.0974417
3.61385e-07
0.0974415
4.02399e-07
0.0974413
4.43337e-07
0.0974411
4.84181e-07
0.0974409
5.24903e-07
0.0974407
5.6546e-07
0.0974405
6.05797e-07
0.0974403
6.45836e-07
0.0974402
6.85488e-07
0.09744
7.24635e-07
0.0974398
7.6314e-07
0.0974397
8.0083e-07
8.37506e-07
0.0974395
0.0994331
1.81978e-07
0.0994323
1.93744e-07
0.0994316
2.06119e-07
0.0994309
2.19119e-07
0.0994302
2.32759e-07
0.0994296
2.47057e-07
0.099429
2.62029e-07
0.0994284
2.77697e-07
0.0994279
2.94081e-07
0.0994274
3.11205e-07
0.0994269
3.29091e-07
0.0994265
3.47758e-07
0.099426
3.67226e-07
0.0994256
3.87511e-07
0.0994252
4.08625e-07
0.0994249
4.30576e-07
0.0994245
4.53368e-07
0.0994242
4.77002e-07
0.0994239
5.0147e-07
0.0994236
5.26764e-07
0.0994234
5.52866e-07
0.0994231
5.79754e-07
0.0994228
6.07397e-07
0.0994226
6.35759e-07
0.0994224
6.64792e-07
0.0994222
6.94439e-07
0.099422
7.24633e-07
0.0994218
7.55292e-07
0.0994216
7.8632e-07
0.0994214
8.17607e-07
0.0994213
8.4902e-07
0.0994211
8.80409e-07
0.099421
9.11595e-07
0.0994208
9.42374e-07
9.72503e-07
0.0994207
0.0994332
1.01041e-06
0.0994324
9.75452e-07
0.0994317
9.43645e-07
0.099431
9.14851e-07
0.0994303
8.88936e-07
0.0994297
8.65805e-07
0.0994291
8.45356e-07
0.0994286
8.2752e-07
0.0994281
8.12214e-07
0.0994276
7.99378e-07
0.0994271
7.88933e-07
0.0994267
7.80819e-07
0.0994263
7.74957e-07
0.0994259
7.71284e-07
0.0994255
7.69719e-07
0.0994252
7.702e-07
0.0994249
7.72648e-07
0.0994246
7.77003e-07
0.0994243
7.83184e-07
0.099424
7.91135e-07
0.0994238
8.00774e-07
0.0994235
8.1204e-07
0.0994233
8.24845e-07
0.0994231
8.39119e-07
0.0994229
8.54764e-07
0.0994228
8.71695e-07
0.0994226
8.89793e-07
0.0994224
9.08953e-07
0.0994223
9.29034e-07
0.0994222
9.49899e-07
0.099422
9.71376e-07
0.0994219
9.93291e-07
0.0994218
1.01543e-06
0.0994217
1.03756e-06
1.05942e-06
0.0994216
0.0974509
1.686e-06
0.0974503
1.61174e-06
0.0974497
1.54274e-06
0.0974491
1.47871e-06
0.0974486
1.41942e-06
0.0974481
1.36464e-06
0.0974476
1.3142e-06
0.0974472
1.26792e-06
0.0974468
1.22565e-06
0.0974464
1.18723e-06
0.097446
1.15252e-06
0.0974457
1.12136e-06
0.0974453
1.09362e-06
0.097445
1.06915e-06
0.0974448
1.0478e-06
0.0974445
1.02944e-06
0.0974443
1.01394e-06
0.097444
1.00117e-06
0.0974438
9.91012e-07
0.0974436
9.83347e-07
0.0974435
9.7806e-07
0.0974433
9.75038e-07
0.0974432
9.74165e-07
0.097443
9.75326e-07
0.0974429
9.78398e-07
0.0974428
9.83255e-07
0.0974427
9.8976e-07
0.0974426
9.97771e-07
0.0974425
1.00713e-06
0.0974424
1.01766e-06
0.0974424
1.02919e-06
0.0974423
1.04151e-06
0.0974423
1.05439e-06
0.0974423
1.0676e-06
1.08085e-06
0.0974422
0.0934868
2.09909e-06
0.0934864
1.99917e-06
0.093486
1.90585e-06
0.0934857
1.81874e-06
0.0934854
1.73752e-06
0.0934851
1.66191e-06
0.0934848
1.59165e-06
0.0934845
1.52649e-06
0.0934843
1.46622e-06
0.0934841
1.41063e-06
0.0934839
1.35951e-06
0.0934837
1.31266e-06
0.0934835
1.2699e-06
0.0934833
1.23102e-06
0.0934832
1.19585e-06
0.0934831
1.1642e-06
0.0934829
1.13593e-06
0.0934828
1.11084e-06
0.0934827
1.0888e-06
0.0934826
1.06965e-06
0.0934826
1.05325e-06
0.0934825
1.03946e-06
0.0934824
1.02814e-06
0.0934824
1.01915e-06
0.0934824
1.01235e-06
0.0934823
1.0076e-06
0.0934823
1.00474e-06
0.0934823
1.00362e-06
0.0934823
1.00407e-06
0.0934823
1.0059e-06
0.0934824
1.00894e-06
0.0934824
1.01295e-06
0.0934824
1.01774e-06
0.0934825
1.02305e-06
1.02863e-06
0.0934825
0.0875419
2.19954e-06
0.0875418
2.09072e-06
0.0875417
1.9889e-06
0.0875416
1.89362e-06
0.0875415
1.80458e-06
0.0875415
1.72139e-06
0.0875414
1.64383e-06
0.0875414
1.57154e-06
0.0875413
1.50436e-06
0.0875413
1.44197e-06
0.0875413
1.38422e-06
0.0875413
1.33083e-06
0.0875412
1.28165e-06
0.0875412
1.23641e-06
0.0875412
1.19499e-06
0.0875412
1.15712e-06
0.0875413
1.12271e-06
0.0875413
1.0915e-06
0.0875413
1.0634e-06
0.0875413
1.03818e-06
0.0875414
1.01577e-06
0.0875414
9.95923e-07
0.0875415
9.78587e-07
0.0875415
9.63536e-07
0.0875416
9.50707e-07
0.0875416
9.39871e-07
0.0875417
9.30963e-07
0.0875418
9.23742e-07
0.0875419
9.18128e-07
0.087542
9.13864e-07
0.0875421
9.10852e-07
0.0875422
9.08807e-07
0.0875423
9.07613e-07
0.0875424
9.06959e-07
9.0671e-07
0.0875425
0.0796172
2.00436e-06
0.0796174
1.90295e-06
0.0796176
1.8079e-06
0.0796177
1.71894e-06
0.0796179
1.63563e-06
0.0796181
1.55774e-06
0.0796182
1.48489e-06
0.0796184
1.41691e-06
0.0796185
1.35346e-06
0.0796187
1.29442e-06
0.0796188
1.23947e-06
0.079619
1.18851e-06
0.0796191
1.14126e-06
0.0796192
1.09763e-06
0.0796194
1.05734e-06
0.0796195
1.02032e-06
0.0796197
9.86303e-07
0.0796198
9.55227e-07
0.0796199
9.26837e-07
0.0796201
9.01088e-07
0.0796202
8.77733e-07
0.0796203
8.56739e-07
0.0796205
8.37866e-07
0.0796206
8.21089e-07
0.0796208
8.06173e-07
0.0796209
7.93092e-07
0.0796211
7.81606e-07
0.0796212
7.71686e-07
0.0796214
7.63077e-07
0.0796215
7.55738e-07
0.0796217
7.49396e-07
0.0796218
7.43994e-07
0.079622
7.39242e-07
0.0796222
7.35071e-07
7.31184e-07
0.0796224
0.0697138
1.58818e-06
0.0697142
1.50665e-06
0.0697146
1.43017e-06
0.0697149
1.35859e-06
0.0697153
1.29145e-06
0.0697156
1.22867e-06
0.0697159
1.16982e-06
0.0697162
1.11486e-06
0.0697165
1.06341e-06
0.0697168
1.01548e-06
0.069717
9.70697e-07
0.0697173
9.29115e-07
0.0697175
8.90373e-07
0.0697178
8.54534e-07
0.069718
8.21249e-07
0.0697182
7.90589e-07
0.0697185
7.6221e-07
0.0697187
7.36196e-07
0.0697189
7.12205e-07
0.0697191
6.90334e-07
0.0697193
6.70248e-07
0.0697195
6.52055e-07
0.0697197
6.35426e-07
0.0697199
6.20479e-07
0.0697201
6.06886e-07
0.0697203
5.94772e-07
0.0697205
5.838e-07
0.0697207
5.74097e-07
0.0697209
5.6531e-07
0.0697211
5.57561e-07
0.0697213
5.50476e-07
0.0697215
5.44174e-07
0.0697217
5.38262e-07
0.0697219
5.32865e-07
5.27584e-07
0.0697221
0.0578322
1.06184e-06
0.0578327
1.00666e-06
0.0578332
9.55117e-07
0.0578336
9.06622e-07
0.057834
8.61344e-07
0.0578344
8.18722e-07
0.0578348
7.78967e-07
0.0578352
7.41548e-07
0.0578356
7.06714e-07
0.0578359
6.73957e-07
0.0578362
6.43553e-07
0.0578365
6.15007e-07
0.0578368
5.8861e-07
0.0578371
5.63873e-07
0.0578374
5.41096e-07
0.0578377
5.19789e-07
0.0578379
5.00262e-07
0.0578382
4.82021e-07
0.0578384
4.65389e-07
0.0578387
4.49871e-07
0.0578389
4.35801e-07
0.0578391
4.22686e-07
0.0578394
4.10873e-07
0.0578396
3.99868e-07
0.0578398
3.90029e-07
0.05784
3.80854e-07
0.0578402
3.72711e-07
0.0578404
3.65081e-07
0.0578406
3.58339e-07
0.0578408
3.51941e-07
0.0578411
3.46269e-07
0.0578413
3.40755e-07
0.0578415
3.35791e-07
0.0578417
3.30797e-07
3.26194e-07
0.0578419
0.0439726
5.47594e-07
0.0439731
5.18985e-07
0.0439735
4.9213e-07
0.043974
4.66969e-07
0.0439744
4.43336e-07
0.0439748
4.21193e-07
0.0439752
4.00392e-07
0.0439755
3.80918e-07
0.0439759
3.62638e-07
0.0439762
3.45555e-07
0.0439765
3.29545e-07
0.0439768
3.14623e-07
0.0439771
3.00668e-07
0.0439774
2.877e-07
0.0439776
2.75599e-07
0.0439779
2.64389e-07
0.0439781
2.53947e-07
0.0439784
2.44301e-07
0.0439786
2.3533e-07
0.0439788
2.27068e-07
0.043979
2.19392e-07
0.0439793
2.12343e-07
0.0439795
2.05802e-07
0.0439797
1.99815e-07
0.0439799
1.9426e-07
0.04398
1.8919e-07
0.0439802
1.84478e-07
0.0439804
1.80175e-07
0.0439806
1.76148e-07
0.0439808
1.72445e-07
0.043981
1.6892e-07
0.0439811
1.65623e-07
0.0439813
1.624e-07
0.0439815
1.59312e-07
1.56214e-07
0.0439817
0.0281349
1.60735e-07
0.0281353
1.52298e-07
0.0281356
1.44321e-07
0.028136
1.36891e-07
0.0281363
1.29853e-07
0.0281366
1.23301e-07
0.0281369
1.17087e-07
0.0281371
1.11311e-07
0.0281374
1.05831e-07
0.0281376
1.00753e-07
0.0281379
9.59383e-08
0.0281381
9.14947e-08
0.0281383
8.72836e-08
0.0281385
8.34141e-08
0.0281387
7.97471e-08
0.0281389
7.63918e-08
0.0281391
7.3209e-08
0.0281392
7.03086e-08
0.0281394
6.7552e-08
0.0281396
6.50501e-08
0.0281397
6.26655e-08
0.0281399
6.05119e-08
0.02814
5.84518e-08
0.0281402
5.66021e-08
0.0281403
5.48242e-08
0.0281404
5.32374e-08
0.0281406
5.17011e-08
0.0281407
5.03328e-08
0.0281408
4.89884e-08
0.0281409
4.77834e-08
0.0281411
4.65683e-08
0.0281412
4.54575e-08
0.0281413
4.42975e-08
0.0281414
4.3205e-08
4.20457e-08
0.0281415
0.0103189
0.0103191
0.0103192
0.0103193
0.0103195
0.0103196
0.0103197
0.0103198
0.0103199
0.01032
0.0103201
0.0103202
0.0103203
0.0103204
0.0103205
0.0103205
0.0103206
0.0103207
0.0103207
0.0103208
0.0103209
0.0103209
0.010321
0.010321
0.0103211
0.0103212
0.0103212
0.0103213
0.0103213
0.0103214
0.0103214
0.0103214
0.0103215
0.0103215
0.0103216
0.0103205
3.2504e-09
0.0103205
4.94916e-09
0.0103205
6.5686e-09
0.0103205
7.92336e-09
0.0103205
8.75025e-09
0.0103205
1.08201e-08
0.0103205
1.30792e-08
0.0103204
1.27017e-08
0.0103204
3.05328e-08
6.50856e-08
0.0281385
2.47964e-08
0.0281385
3.08068e-08
0.0281385
3.64454e-08
0.0281384
4.15316e-08
0.0281384
4.62838e-08
0.0281384
5.17792e-08
0.0281383
5.75862e-08
0.0281383
6.72277e-08
0.0281382
8.75545e-08
1.25453e-07
0.043977
7.21635e-08
0.0439769
8.46461e-08
0.0439769
9.63787e-08
0.0439768
1.07366e-07
0.0439767
1.1775e-07
0.0439767
1.28001e-07
0.0439766
1.3894e-07
0.0439765
1.5299e-07
0.0439764
1.73711e-07
2.12117e-07
0.057836
1.49326e-07
0.0578359
1.6943e-07
0.0578358
1.88419e-07
0.0578358
2.06237e-07
0.0578356
2.22943e-07
0.0578355
2.38958e-07
0.0578354
2.54591e-07
0.0578353
2.7108e-07
0.0578352
2.91191e-07
3.25373e-07
0.0697157
2.57006e-07
0.0697156
2.84594e-07
0.0697155
3.10671e-07
0.0697153
3.35164e-07
0.0697152
3.58056e-07
0.0697151
3.79152e-07
0.0697149
3.98529e-07
0.0697148
4.1741e-07
0.0697146
4.35193e-07
4.63053e-07
0.079616
3.92603e-07
0.0796159
4.26189e-07
0.0796157
4.57956e-07
0.0796156
4.87714e-07
0.0796154
5.1524e-07
0.0796153
5.40305e-07
0.0796151
5.6243e-07
0.0796149
5.8159e-07
0.0796148
5.97589e-07
6.17146e-07
0.0875369
5.49323e-07
0.0875367
5.86286e-07
0.0875365
6.21228e-07
0.0875364
6.53875e-07
0.0875362
6.83878e-07
0.087536
7.10633e-07
0.0875359
7.33424e-07
0.0875357
7.52101e-07
0.0875355
7.65215e-07
7.75453e-07
0.093478
7.1518e-07
0.0934779
7.52238e-07
0.0934777
7.87245e-07
0.0934775
8.19819e-07
0.0934774
8.49454e-07
0.0934772
8.75473e-07
0.093477
8.97022e-07
0.0934769
9.12963e-07
0.0934767
9.23042e-07
9.22844e-07
0.0974393
8.72915e-07
0.0974392
9.06762e-07
0.097439
9.38676e-07
0.0974389
9.6821e-07
0.0974387
9.94784e-07
0.0974386
1.0176e-06
0.0974385
1.03564e-06
0.0974383
1.0478e-06
0.0974382
1.05354e-06
1.04309e-06
0.0994206
1.0017e-06
0.0994204
1.02962e-06
0.0994203
1.05587e-06
0.0994202
1.07995e-06
0.0994201
1.10124e-06
0.09942
1.11888e-06
0.0994199
1.13206e-06
0.0994198
1.1391e-06
0.0994197
1.14035e-06
1.12047e-06
0.0994216
1.08071e-06
0.0994215
1.10106e-06
0.0994214
1.12008e-06
0.0994214
1.13724e-06
0.0994213
1.15197e-06
0.0994213
1.16352e-06
0.0994212
1.17099e-06
0.0994212
1.17284e-06
0.0994212
1.16937e-06
1.14267e-06
0.0974422
1.09385e-06
0.0974422
1.10625e-06
0.0974422
1.11767e-06
0.0974422
1.12767e-06
0.0974423
1.13569e-06
0.0974423
1.14103e-06
0.0974423
1.14319e-06
0.0974423
1.14061e-06
0.0974424
1.1331e-06
1.10336e-06
0.0934826
1.03418e-06
0.0934826
1.03943e-06
0.0934827
1.04403e-06
0.0934828
1.04761e-06
0.0934829
1.04977e-06
0.093483
1.05016e-06
0.0934831
1.04812e-06
0.0934832
1.04235e-06
0.0934833
1.0327e-06
1.00451e-06
0.0875426
9.06537e-07
0.0875428
9.06294e-07
0.0875429
9.05645e-07
0.0875431
9.04514e-07
0.0875432
9.02499e-07
0.0875434
8.99333e-07
0.0875435
8.95122e-07
0.0875437
8.88842e-07
0.0875438
8.78431e-07
8.56916e-07
0.0796225
7.27517e-07
0.0796227
7.238e-07
0.0796229
7.20065e-07
0.0796231
7.1605e-07
0.0796233
7.11765e-07
0.0796235
7.07626e-07
0.0796237
7.03225e-07
0.0796239
6.97616e-07
0.079624
6.90131e-07
6.78766e-07
0.0697223
5.2258e-07
0.0697225
5.17518e-07
0.0697227
5.12641e-07
0.0697229
5.07761e-07
0.0697231
5.03511e-07
0.0697234
4.99495e-07
0.0697236
4.96496e-07
0.0697238
4.95102e-07
0.069724
4.91244e-07
4.91826e-07
0.0578421
3.21425e-07
0.0578423
3.16972e-07
0.0578425
3.12433e-07
0.0578427
3.08576e-07
0.0578429
3.05057e-07
0.0578431
3.02869e-07
0.0578432
3.03091e-07
0.0578434
3.0453e-07
0.0578436
3.06572e-07
3.17569e-07
0.0439818
1.53187e-07
0.043982
1.50144e-07
0.0439822
1.4731e-07
0.0439823
1.44807e-07
0.0439825
1.43242e-07
0.0439826
1.42811e-07
0.0439828
1.44494e-07
0.043983
1.49323e-07
0.0439831
1.5539e-07
1.71538e-07
0.0281416
4.09399e-08
0.0281418
3.97179e-08
0.0281419
3.84934e-08
0.028142
3.7672e-08
0.0281421
3.79483e-08
0.0281422
3.71088e-08
0.0281423
3.89171e-08
0.0281424
4.7595e-08
0.0281425
4.79184e-08
5.72482e-08
0.0103216
0.0103217
0.0103217
0.0103217
0.0103218
0.0103218
0.0103218
0.0103219
0.0103219
)
;

boundaryField
{
    inlet
    {
        type            calculated;
        value           nonuniform List<scalar> 
20
(
-0.00975
-0.02775
-0.04375
-0.05775
-0.06975
-0.07975
-0.08775
-0.09375
-0.09775
-0.09975
-0.09975
-0.09775
-0.09375
-0.08775
-0.07975
-0.06975
-0.05775
-0.04375
-0.02775
-0.00975
)
;
    }
    outlet
    {
        type            calculated;
        value           nonuniform List<scalar> 
20
(
0.0103204
0.0281381
0.0439763
0.0578351
0.0697145
0.0796146
0.0875354
0.0934766
0.0974381
0.0994197
0.0994211
0.0974424
0.0934834
0.087544
0.0796242
0.0697241
0.0578438
0.0439833
0.0281426
0.010322
)
;
    }
    upperWall
    {
        type            calculated;
        value           uniform 0;
    }
    lowerWall
    {
        type            calculated;
        value           uniform 0;
    }
    frontAndBack
    {
        type            empty;
    }
}


// ************************************************************************* //
