/*--------------------------------*- C++ -*----------------------------------*\
| =========                 |                                                 |
| \\      /  F ield         | OpenFOAM: The Open Source CFD Toolbox           |
|  \\    /   O peration     | Version:  2406                                  |
|   \\  /    A nd           | Website:  www.openfoam.com                      |
|    \\/     M anipulation  |                                                 |
\*---------------------------------------------------------------------------*/
FoamFile
{
    version     2.0;
    format      ascii;
    arch        "LSB;label=32;scalar=64";
    class       volVectorField;
    location    "73";
    object      U;
}
// * * * * * * * * * * * * * * * * * * * * * * * * * * * * * * * * * * * * * //

dimensions      [0 1 -1 0 0 0 0];

internalField   nonuniform List<vector> 
2000
(
(0.0975662 -0.000646704 0)
(0.0994892 -0.000549996 0)
(0.100639 -0.000288854 0)
(0.101257 -0.000167119 0)
(0.101677 -0.000107727 0)
(0.101986 -6.76546e-05 0)
(0.102207 -4.25885e-05 0)
(0.102366 -2.89023e-05 0)
(0.102485 -2.11373e-05 0)
(0.102579 -1.60941e-05 0)
(0.275933 -0.00124607 0)
(0.276849 -0.00169902 0)
(0.277639 -0.0012653 0)
(0.27806 -0.000878613 0)
(0.278477 -0.000638741 0)
(0.278893 -0.000468788 0)
(0.279244 -0.000344164 0)
(0.279526 -0.000258751 0)
(0.279756 -0.000201155 0)
(0.279947 -0.000160488 0)
(0.436131 -0.000775423 0)
(0.436602 -0.00140118 0)
(0.436884 -0.00135218 0)
(0.436829 -0.00115373 0)
(0.436916 -0.000973507 0)
(0.437148 -0.000805441 0)
(0.4374 -0.00065274 0)
(0.43763 -0.000528126 0)
(0.437839 -0.000431995 0)
(0.438027 -0.000357463 0)
(0.576342 -0.000429172 0)
(0.576768 -0.000968213 0)
(0.576942 -0.00111621 0)
(0.576664 -0.00109071 0)
(0.576487 -0.00102175 0)
(0.576492 -0.000924994 0)
(0.576564 -0.000810313 0)
(0.576653 -0.000698049 0)
(0.576753 -0.000599373 0)
(0.576862 -0.00051515 0)
(0.696476 -0.000262517 0)
(0.696915 -0.000665196 0)
(0.697137 -0.000847246 0)
(0.696839 -0.000895247 0)
(0.696556 -0.000894564 0)
(0.696428 -0.000860512 0)
(0.696367 -0.000797719 0)
(0.696328 -0.000721944 0)
(0.696312 -0.000646196 0)
(0.696319 -0.00057525 0)
(0.796564 -0.000170763 0)
(0.797004 -0.000457847 0)
(0.797285 -0.000618565 0)
(0.797031 -0.00068669 0)
(0.796736 -0.000714604 0)
(0.796561 -0.000714434 0)
(0.796439 -0.000687609 0)
(0.796329 -0.000644083 0)
(0.796236 -0.000594468 0)
(0.796166 -0.000543941 0)
(0.876624 -0.000112741 0)
(0.877055 -0.000311703 0)
(0.877374 -0.00043723 0)
(0.877167 -0.000501684 0)
(0.876888 -0.000535867 0)
(0.876708 -0.000548582 0)
(0.876569 -0.00054039 0)
(0.87643 -0.000517386 0)
(0.8763 -0.000487243 0)
(0.876187 -0.000454252 0)
(0.936663 -7.20723e-05 0)
(0.937084 -0.00020269 0)
(0.937423 -0.000291023 0)
(0.93725 -0.00034121 0)
(0.936991 -0.00037063 0)
(0.936817 -0.000384981 0)
(0.936677 -0.000384586 0)
(0.936531 -0.00037312 0)
(0.936386 -0.000355703 0)
(0.936254 -0.000335455 0)
(0.976687 -4.03937e-05 0)
(0.9771 -0.000114612 0)
(0.977449 -0.000166782 0)
(0.977297 -0.000198105 0)
(0.977051 -0.000217402 0)
(0.976884 -0.000227785 0)
(0.976747 -0.000229412 0)
(0.9766 -0.000224255 0)
(0.976451 -0.000215253 0)
(0.976311 -0.000204299 0)
(0.996698 -1.30332e-05 0)
(0.997107 -3.71186e-05 0)
(0.99746 -5.43419e-05 0)
(0.997318 -6.49442e-05 0)
(0.997079 -7.16248e-05 0)
(0.996915 -7.53589e-05 0)
(0.99678 -7.6186e-05 0)
(0.996634 -7.47275e-05 0)
(0.996484 -7.1943e-05 0)
(0.996342 -6.84724e-05 0)
(0.996699 1.30378e-05 0)
(0.997107 3.71322e-05 0)
(0.99746 5.43721e-05 0)
(0.997318 6.49912e-05 0)
(0.997079 7.16777e-05 0)
(0.996915 7.54048e-05 0)
(0.99678 7.62235e-05 0)
(0.996634 7.47704e-05 0)
(0.996484 7.20018e-05 0)
(0.996342 6.85375e-05 0)
(0.976687 4.03984e-05 0)
(0.9771 0.000114626 0)
(0.977449 0.000166811 0)
(0.977297 0.00019815 0)
(0.977051 0.000217455 0)
(0.976884 0.000227831 0)
(0.976747 0.000229449 0)
(0.9766 0.000224296 0)
(0.976451 0.000215307 0)
(0.976311 0.000204358 0)
(0.936663 7.20787e-05 0)
(0.937084 0.000202706 0)
(0.937423 0.000291054 0)
(0.93725 0.000341252 0)
(0.936991 0.000370676 0)
(0.936817 0.000385025 0)
(0.936677 0.000384627 0)
(0.936531 0.000373162 0)
(0.936386 0.000355751 0)
(0.936254 0.000335504 0)
(0.876624 0.000112748 0)
(0.877055 0.000311719 0)
(0.877374 0.000437254 0)
(0.877167 0.000501716 0)
(0.876888 0.000535907 0)
(0.876708 0.000548624 0)
(0.876569 0.000540431 0)
(0.87643 0.000517427 0)
(0.8763 0.000487284 0)
(0.876187 0.000454291 0)
(0.796564 0.000170771 0)
(0.797004 0.000457862 0)
(0.797285 0.000618589 0)
(0.797031 0.000686717 0)
(0.796736 0.000714638 0)
(0.796561 0.000714477 0)
(0.796439 0.000687655 0)
(0.796329 0.000644123 0)
(0.796236 0.000594499 0)
(0.796166 0.00054397 0)
(0.696476 0.000262522 0)
(0.696915 0.000665209 0)
(0.697137 0.00084726 0)
(0.696839 0.000895268 0)
(0.696556 0.000894599 0)
(0.696428 0.000860558 0)
(0.696367 0.000797765 0)
(0.696328 0.000721978 0)
(0.696312 0.000646219 0)
(0.696319 0.000575273 0)
(0.576342 0.000429178 0)
(0.576768 0.000968225 0)
(0.576942 0.00111623 0)
(0.576664 0.00109072 0)
(0.576487 0.00102178 0)
(0.576492 0.000925036 0)
(0.576564 0.000810358 0)
(0.576653 0.000698079 0)
(0.576753 0.000599388 0)
(0.576862 0.000515167 0)
(0.436131 0.00077543 0)
(0.436602 0.00140119 0)
(0.436884 0.00135219 0)
(0.436829 0.00115374 0)
(0.436916 0.000973529 0)
(0.437148 0.000805476 0)
(0.437399 0.000652781 0)
(0.43763 0.000528154 0)
(0.437839 0.000432005 0)
(0.438027 0.000357473 0)
(0.275933 0.00124607 0)
(0.276849 0.00169903 0)
(0.277639 0.00126531 0)
(0.27806 0.000878627 0)
(0.278477 0.000638757 0)
(0.278893 0.000468812 0)
(0.279244 0.000344194 0)
(0.279526 0.000258771 0)
(0.279756 0.00020116 0)
(0.279947 0.000160491 0)
(0.0975662 0.000646705 0)
(0.0994892 0.000550006 0)
(0.100639 0.000288857 0)
(0.101257 0.000167116 0)
(0.101677 0.000107734 0)
(0.101986 6.76707e-05 0)
(0.102207 4.2598e-05 0)
(0.102366 2.89008e-05 0)
(0.102485 2.11351e-05 0)
(0.102579 1.60972e-05 0)
(0.102654 -1.25921e-05 0)
(0.102715 -1.01279e-05 0)
(0.102766 -8.3545e-06 0)
(0.102809 -7.02935e-06 0)
(0.102846 -6.00324e-06 0)
(0.102878 -5.18644e-06 0)
(0.102905 -4.52438e-06 0)
(0.10293 -3.98367e-06 0)
(0.102951 -3.54104e-06 0)
(0.102971 -3.17702e-06 0)
(0.102988 -2.87343e-06 0)
(0.103003 -2.61446e-06 0)
(0.103018 -2.38844e-06 0)
(0.103031 -2.18805e-06 0)
(0.103043 -2.00935e-06 0)
(0.103054 -1.8504e-06 0)
(0.103064 -1.70956e-06 0)
(0.103073 -1.58504e-06 0)
(0.103082 -1.47449e-06 0)
(0.10309 -1.37539e-06 0)
(0.103097 -1.28536e-06 0)
(0.103104 -1.20251e-06 0)
(0.103111 -1.12551e-06 0)
(0.103117 -1.05364e-06 0)
(0.103122 -9.86532e-07 0)
(0.103128 -9.24072e-07 0)
(0.103133 -8.66147e-07 0)
(0.103137 -8.12616e-07 0)
(0.103142 -7.63188e-07 0)
(0.103146 -7.17509e-07 0)
(0.10315 -6.75139e-07 0)
(0.103153 -6.3566e-07 0)
(0.103157 -5.9868e-07 0)
(0.10316 -5.63891e-07 0)
(0.103163 -5.31062e-07 0)
(0.280106 -0.000130427 0)
(0.28024 -0.000107728 0)
(0.280354 -9.0379e-05 0)
(0.280452 -7.68988e-05 0)
(0.280536 -6.61945e-05 0)
(0.28061 -5.75138e-05 0)
(0.280674 -5.03708e-05 0)
(0.280732 -4.44511e-05 0)
(0.280782 -3.95292e-05 0)
(0.280828 -3.54178e-05 0)
(0.280869 -3.19515e-05 0)
(0.280906 -2.89899e-05 0)
(0.28094 -2.64221e-05 0)
(0.280971 -2.41684e-05 0)
(0.280999 -2.21742e-05 0)
(0.281025 -2.04024e-05 0)
(0.281049 -1.88256e-05 0)
(0.281072 -1.74206e-05 0)
(0.281092 -1.61655e-05 0)
(0.281111 -1.50388e-05 0)
(0.281129 -1.40203e-05 0)
(0.281146 -1.30924e-05 0)
(0.281161 -1.22405e-05 0)
(0.281176 -1.14535e-05 0)
(0.28119 -1.07236e-05 0)
(0.281202 -1.00454e-05 0)
(0.281214 -9.41518e-06 0)
(0.281225 -8.82976e-06 0)
(0.281236 -8.28632e-06 0)
(0.281246 -7.78182e-06 0)
(0.281255 -7.31305e-06 0)
(0.281264 -6.87664e-06 0)
(0.281272 -6.46932e-06 0)
(0.28128 -6.08802e-06 0)
(0.281287 -5.7301e-06 0)
(0.438195 -0.000298583 0)
(0.438342 -0.00025174 0)
(0.438471 -0.000214419 0)
(0.438584 -0.0001845 0)
(0.438685 -0.000160204 0)
(0.438774 -0.000140171 0)
(0.438854 -0.000123458 0)
(0.438925 -0.000109428 0)
(0.438989 -9.76238e-05 0)
(0.439046 -8.76629e-05 0)
(0.439098 -7.92029e-05 0)
(0.439146 -7.19421e-05 0)
(0.43919 -6.56331e-05 0)
(0.43923 -6.00887e-05 0)
(0.439266 -5.51758e-05 0)
(0.4393 -5.08018e-05 0)
(0.439331 -4.68984e-05 0)
(0.43936 -4.34098e-05 0)
(0.439387 -4.02846e-05 0)
(0.439412 -3.74739e-05 0)
(0.439436 -3.49314e-05 0)
(0.439458 -3.2616e-05 0)
(0.439478 -3.04928e-05 0)
(0.439497 -2.85344e-05 0)
(0.439515 -2.67205e-05 0)
(0.439532 -2.50362e-05 0)
(0.439547 -2.34707e-05 0)
(0.439562 -2.20156e-05 0)
(0.439576 -2.0663e-05 0)
(0.439589 -1.94056e-05 0)
(0.439601 -1.82357e-05 0)
(0.439613 -1.71455e-05 0)
(0.439624 -1.61275e-05 0)
(0.439634 -1.51746e-05 0)
(0.439643 -1.42805e-05 0)
(0.576969 -0.000443485 0)
(0.577072 -0.00038298 0)
(0.577168 -0.000332454 0)
(0.577257 -0.000290447 0)
(0.577339 -0.000255349 0)
(0.577414 -0.000225729 0)
(0.577482 -0.000200519 0)
(0.577545 -0.000178986 0)
(0.577603 -0.000160596 0)
(0.577655 -0.000144885 0)
(0.577704 -0.000131408 0)
(0.577748 -0.000119749 0)
(0.57779 -0.000109551 0)
(0.577828 -0.000100538 0)
(0.577863 -9.25112e-05 0)
(0.577896 -8.53303e-05 0)
(0.577927 -7.88936e-05 0)
(0.577955 -7.31168e-05 0)
(0.577981 -6.79225e-05 0)
(0.578006 -6.32359e-05 0)
(0.578029 -5.89858e-05 0)
(0.578051 -5.51079e-05 0)
(0.578071 -5.15474e-05 0)
(0.57809 -4.82607e-05 0)
(0.578108 -4.52146e-05 0)
(0.578125 -4.23845e-05 0)
(0.578141 -3.9752e-05 0)
(0.578156 -3.73023e-05 0)
(0.578169 -3.50223e-05 0)
(0.578183 -3.28996e-05 0)
(0.578195 -3.09218e-05 0)
(0.578206 -2.90763e-05 0)
(0.578217 -2.73512e-05 0)
(0.578228 -2.57353e-05 0)
(0.578237 -2.42185e-05 0)
(0.696341 -0.000510198 0)
(0.696371 -0.000451775 0)
(0.696406 -0.000400493 0)
(0.696443 -0.000356135 0)
(0.696481 -0.000317857 0)
(0.696519 -0.000284644 0)
(0.696556 -0.000255671 0)
(0.696591 -0.000230378 0)
(0.696625 -0.00020837 0)
(0.696658 -0.000189275 0)
(0.696688 -0.000172684 0)
(0.696717 -0.000158173 0)
(0.696745 -0.000145355 0)
(0.696771 -0.000133922 0)
(0.696795 -0.000123653 0)
(0.696818 -0.000114394 0)
(0.69684 -0.000106038 0)
(0.69686 -9.84932e-05 0)
(0.696879 -9.16737e-05 0)
(0.696897 -8.54922e-05 0)
(0.696914 -7.98631e-05 0)
(0.69693 -7.47077e-05 0)
(0.696945 -6.99589e-05 0)
(0.69696 -6.55628e-05 0)
(0.696973 -6.14786e-05 0)
(0.696986 -5.7676e-05 0)
(0.696997 -5.41324e-05 0)
(0.697009 -5.08292e-05 0)
(0.697019 -4.77497e-05 0)
(0.697029 -4.48777e-05 0)
(0.697039 -4.2197e-05 0)
(0.697047 -3.96915e-05 0)
(0.697056 -3.73458e-05 0)
(0.697064 -3.51454e-05 0)
(0.697071 -3.30775e-05 0)
(0.796115 -0.000494452 0)
(0.796077 -0.000447496 0)
(0.79605 -0.000404407 0)
(0.796031 -0.00036579 0)
(0.796019 -0.000331462 0)
(0.796012 -0.000300868 0)
(0.796009 -0.000273499 0)
(0.796008 -0.000249051 0)
(0.79601 -0.000227347 0)
(0.796013 -0.000208196 0)
(0.796018 -0.000191319 0)
(0.796023 -0.000176373 0)
(0.796029 -0.000163015 0)
(0.796035 -0.000150962 0)
(0.796041 -0.000140015 0)
(0.796048 -0.000130045 0)
(0.796054 -0.000120964 0)
(0.796061 -0.0001127 0)
(0.796067 -0.00010518 0)
(0.796073 -9.83227e-05 0)
(0.796079 -9.20438e-05 0)
(0.796085 -8.62637e-05 0)
(0.796091 -8.09135e-05 0)
(0.796096 -7.59384e-05 0)
(0.796101 -7.12977e-05 0)
(0.796106 -6.69618e-05 0)
(0.796111 -6.29088e-05 0)
(0.796115 -5.91209e-05 0)
(0.79612 -5.55813e-05 0)
(0.796124 -5.22732e-05 0)
(0.796127 -4.9179e-05 0)
(0.796131 -4.62812e-05 0)
(0.796134 -4.35627e-05 0)
(0.796138 -4.10076e-05 0)
(0.796141 -3.86019e-05 0)
(0.87609 -0.000420207 0)
(0.876007 -0.00038651 0)
(0.875935 -0.000354544 0)
(0.875873 -0.00032515 0)
(0.87582 -0.000298451 0)
(0.875774 -0.000274159 0)
(0.875734 -0.000251969 0)
(0.8757 -0.000231743 0)
(0.87567 -0.00021346 0)
(0.875644 -0.000197077 0)
(0.875621 -0.000182448 0)
(0.875601 -0.000169337 0)
(0.875583 -0.000157479 0)
(0.875567 -0.00014665 0)
(0.875553 -0.000136695 0)
(0.875541 -0.000127524 0)
(0.87553 -0.000119085 0)
(0.87552 -0.000111337 0)
(0.875511 -0.000104231 0)
(0.875502 -9.77062e-05 0)
(0.875495 -9.16942e-05 0)
(0.875488 -8.61263e-05 0)
(0.875482 -8.09427e-05 0)
(0.875476 -7.60959e-05 0)
(0.875471 -7.15518e-05 0)
(0.875466 -6.72869e-05 0)
(0.875461 -6.32846e-05 0)
(0.875457 -5.95313e-05 0)
(0.875453 -5.60138e-05 0)
(0.875449 -5.27178e-05 0)
(0.875446 -4.96275e-05 0)
(0.875443 -4.67266e-05 0)
(0.87544 -4.39988e-05 0)
(0.875437 -4.14291e-05 0)
(0.875434 -3.90041e-05 0)
(0.936135 -0.000313743 0)
(0.936027 -0.000291623 0)
(0.935929 -0.000270188 0)
(0.93584 -0.000250181 0)
(0.93576 -0.000231791 0)
(0.935687 -0.000214852 0)
(0.935621 -0.000199163 0)
(0.935561 -0.000184655 0)
(0.935507 -0.000171363 0)
(0.935458 -0.000159313 0)
(0.935413 -0.000148444 0)
(0.935372 -0.00013861 0)
(0.935334 -0.000129626 0)
(0.935299 -0.000121332 0)
(0.935267 -0.000113622 0)
(0.935237 -0.000106443 0)
(0.935209 -9.97705e-05 0)
(0.935184 -9.35909e-05 0)
(0.93516 -8.78801e-05 0)
(0.935138 -8.26005e-05 0)
(0.935117 -7.77045e-05 0)
(0.935098 -7.31424e-05 0)
(0.93508 -6.88698e-05 0)
(0.935063 -6.48522e-05 0)
(0.935047 -6.10655e-05 0)
(0.935033 -5.74943e-05 0)
(0.935019 -5.41287e-05 0)
(0.935006 -5.09608e-05 0)
(0.934993 -4.79822e-05 0)
(0.934982 -4.5183e-05 0)
(0.934971 -4.25517e-05 0)
(0.934961 -4.00752e-05 0)
(0.934951 -3.77406e-05 0)
(0.934942 -3.55356e-05 0)
(0.934933 -3.34494e-05 0)
(0.976182 -0.000192252 0)
(0.976063 -0.000179759 0)
(0.975952 -0.000167507 0)
(0.975849 -0.000155988 0)
(0.975754 -0.000145348 0)
(0.975667 -0.000135498 0)
(0.975586 -0.000126311 0)
(0.975511 -0.000117746 0)
(0.975442 -0.000109834 0)
(0.975377 -0.000102611 0)
(0.975318 -9.60551e-05 0)
(0.975262 -9.00854e-05 0)
(0.97521 -8.45937e-05 0)
(0.975162 -7.94836e-05 0)
(0.975116 -7.46926e-05 0)
(0.975074 -7.01934e-05 0)
(0.975034 -6.59795e-05 0)
(0.974997 -6.20492e-05 0)
(0.974962 -5.83942e-05 0)
(0.97493 -5.49955e-05 0)
(0.974899 -5.18262e-05 0)
(0.97487 -4.88572e-05 0)
(0.974843 -4.6062e-05 0)
(0.974817 -4.34205e-05 0)
(0.974793 -4.09192e-05 0)
(0.97477 -3.855e-05 0)
(0.974749 -3.63084e-05 0)
(0.974729 -3.41909e-05 0)
(0.97471 -3.21934e-05 0)
(0.974692 -3.03105e-05 0)
(0.974675 -2.8535e-05 0)
(0.974659 -2.68591e-05 0)
(0.974644 -2.52743e-05 0)
(0.974629 -2.37727e-05 0)
(0.974616 -2.23473e-05 0)
(0.996209 -6.46115e-05 0)
(0.996085 -6.05752e-05 0)
(0.995969 -5.65907e-05 0)
(0.995861 -5.28275e-05 0)
(0.99576 -4.93435e-05 0)
(0.995667 -4.61142e-05 0)
(0.995579 -4.30976e-05 0)
(0.995497 -4.02773e-05 0)
(0.995421 -3.76627e-05 0)
(0.995349 -3.52659e-05 0)
(0.995283 -3.30814e-05 0)
(0.99522 -3.10836e-05 0)
(0.995162 -2.92373e-05 0)
(0.995106 -2.7511e-05 0)
(0.995054 -2.58848e-05 0)
(0.995005 -2.43507e-05 0)
(0.994959 -2.29075e-05 0)
(0.994916 -2.15556e-05 0)
(0.994875 -2.02924e-05 0)
(0.994837 -1.9112e-05 0)
(0.994801 -1.80054e-05 0)
(0.994767 -1.6963e-05 0)
(0.994734 -1.59763e-05 0)
(0.994704 -1.50393e-05 0)
(0.994675 -1.41477e-05 0)
(0.994648 -1.32994e-05 0)
(0.994622 -1.24931e-05 0)
(0.994598 -1.17276e-05 0)
(0.994576 -1.10016e-05 0)
(0.994554 -1.0313e-05 0)
(0.994534 -9.65914e-06 0)
(0.994515 -9.03723e-06 0)
(0.994496 -8.44425e-06 0)
(0.994479 -7.87751e-06 0)
(0.994463 -7.33459e-06 0)
(0.996209 6.46632e-05 0)
(0.996085 6.06087e-05 0)
(0.995969 5.6623e-05 0)
(0.995861 5.28814e-05 0)
(0.99576 4.9429e-05 0)
(0.995667 4.62259e-05 0)
(0.995579 4.32252e-05 0)
(0.995497 4.04149e-05 0)
(0.995421 3.78119e-05 0)
(0.995349 3.54333e-05 0)
(0.995283 3.32752e-05 0)
(0.99522 3.13106e-05 0)
(0.995162 2.95018e-05 0)
(0.995106 2.78144e-05 0)
(0.995054 2.62263e-05 0)
(0.995005 2.47286e-05 0)
(0.994959 2.33205e-05 0)
(0.994916 2.20041e-05 0)
(0.994875 2.07788e-05 0)
(0.994837 1.96405e-05 0)
(0.994801 1.85812e-05 0)
(0.994767 1.75917e-05 0)
(0.994735 1.66628e-05 0)
(0.994704 1.57874e-05 0)
(0.994675 1.49608e-05 0)
(0.994648 1.41804e-05 0)
(0.994623 1.34451e-05 0)
(0.994599 1.27545e-05 0)
(0.994576 1.21082e-05 0)
(0.994554 1.15051e-05 0)
(0.994534 1.09435e-05 0)
(0.994515 1.04213e-05 0)
(0.994497 9.93564e-06 0)
(0.99448 9.48408e-06 0)
(0.994464 9.06407e-06 0)
(0.976182 0.0001923 0)
(0.976063 0.000179794 0)
(0.975952 0.000167543 0)
(0.975849 0.000156043 0)
(0.975754 0.00014543 0)
(0.975667 0.000135602 0)
(0.975586 0.00012643 0)
(0.975511 0.000117877 0)
(0.975442 0.000109979 0)
(0.975377 0.000102776 0)
(0.975318 9.62457e-05 0)
(0.975262 9.03065e-05 0)
(0.97521 8.48486e-05 0)
(0.975162 7.97739e-05 0)
(0.975117 7.50187e-05 0)
(0.975074 7.05546e-05 0)
(0.975035 6.63757e-05 0)
(0.974997 6.2481e-05 0)
(0.974963 5.88636e-05 0)
(0.97493 5.55057e-05 0)
(0.974899 5.23817e-05 0)
(0.97487 4.94624e-05 0)
(0.974843 4.67213e-05 0)
(0.974818 4.41377e-05 0)
(0.974793 4.16978e-05 0)
(0.974771 3.93933e-05 0)
(0.974749 3.722e-05 0)
(0.974729 3.51746e-05 0)
(0.97471 3.32542e-05 0)
(0.974692 3.14537e-05 0)
(0.974676 2.9767e-05 0)
(0.97466 2.81863e-05 0)
(0.974645 2.67039e-05 0)
(0.974631 2.53117e-05 0)
(0.974617 2.40032e-05 0)
(0.936135 0.000313786 0)
(0.936027 0.000291661 0)
(0.935929 0.00027023 0)
(0.93584 0.000250238 0)
(0.93576 0.000231865 0)
(0.935687 0.000214942 0)
(0.935621 0.000199268 0)
(0.935561 0.000184774 0)
(0.935507 0.0001715 0)
(0.935458 0.000159471 0)
(0.935413 0.000148627 0)
(0.935372 0.000138818 0)
(0.935334 0.000129862 0)
(0.935299 0.000121598 0)
(0.935267 0.000113919 0)
(0.935237 0.000106773 0)
(0.93521 0.000100135 0)
(0.935184 9.39899e-05 0)
(0.93516 8.83156e-05 0)
(0.935138 8.30742e-05 0)
(0.935118 7.82192e-05 0)
(0.935099 7.37011e-05 0)
(0.935081 6.94761e-05 0)
(0.935064 6.55096e-05 0)
(0.935048 6.17779e-05 0)
(0.935033 5.82654e-05 0)
(0.935019 5.49627e-05 0)
(0.935007 5.18616e-05 0)
(0.934994 4.89545e-05 0)
(0.934983 4.62314e-05 0)
(0.934972 4.36815e-05 0)
(0.934962 4.12918e-05 0)
(0.934953 3.905e-05 0)
(0.934944 3.69436e-05 0)
(0.934935 3.49627e-05 0)
(0.87609 0.000420245 0)
(0.876007 0.000386552 0)
(0.875935 0.000354592 0)
(0.875873 0.000325206 0)
(0.87582 0.000298514 0)
(0.875774 0.00027423 0)
(0.875734 0.000252054 0)
(0.8757 0.000231847 0)
(0.87567 0.000213585 0)
(0.875644 0.000197224 0)
(0.875621 0.000182616 0)
(0.875601 0.000169524 0)
(0.875583 0.000157686 0)
(0.875568 0.00014688 0)
(0.875554 0.000136951 0)
(0.875541 0.00012781 0)
(0.87553 0.000119403 0)
(0.87552 0.000111688 0)
(0.875511 0.000104616 0)
(0.875503 9.81255e-05 0)
(0.875496 9.2148e-05 0)
(0.875489 8.66171e-05 0)
(0.875483 8.14722e-05 0)
(0.875477 7.66685e-05 0)
(0.875472 7.21706e-05 0)
(0.875467 6.7957e-05 0)
(0.875462 6.40093e-05 0)
(0.875458 6.03154e-05 0)
(0.875455 5.68604e-05 0)
(0.875451 5.36315e-05 0)
(0.875448 5.06113e-05 0)
(0.875445 4.77854e-05 0)
(0.875442 4.51363e-05 0)
(0.875439 4.2651e-05 0)
(0.875437 4.0315e-05 0)
(0.796115 0.000494487 0)
(0.796077 0.000447543 0)
(0.79605 0.000404459 0)
(0.796031 0.00036584 0)
(0.796019 0.000331509 0)
(0.796012 0.000300919 0)
(0.796009 0.000273564 0)
(0.796008 0.000249138 0)
(0.79601 0.000227456 0)
(0.796013 0.000208324 0)
(0.796018 0.000191462 0)
(0.796023 0.000176528 0)
(0.796029 0.000163184 0)
(0.796035 0.000151149 0)
(0.796042 0.000140224 0)
(0.796048 0.000130279 0)
(0.796055 0.000121226 0)
(0.796061 0.000112992 0)
(0.796068 0.0001055 0)
(0.796074 9.8671e-05 0)
(0.79608 9.24199e-05 0)
(0.796086 8.66684e-05 0)
(0.796092 8.13487e-05 0)
(0.796097 7.64072e-05 0)
(0.796102 7.18038e-05 0)
(0.796107 6.75093e-05 0)
(0.796112 6.35016e-05 0)
(0.796117 5.97623e-05 0)
(0.796121 5.62743e-05 0)
(0.796125 5.30205e-05 0)
(0.796129 4.99833e-05 0)
(0.796133 4.71452e-05 0)
(0.796137 4.44897e-05 0)
(0.79614 4.20013e-05 0)
(0.796144 3.96668e-05 0)
(0.696341 0.000510235 0)
(0.696371 0.000451826 0)
(0.696406 0.000400545 0)
(0.696443 0.000356175 0)
(0.696481 0.000317887 0)
(0.696519 0.000284676 0)
(0.696556 0.000255717 0)
(0.696591 0.000230445 0)
(0.696625 0.000208456 0)
(0.696658 0.000189374 0)
(0.696689 0.000172793 0)
(0.696718 0.000158289 0)
(0.696745 0.000145482 0)
(0.696771 0.000134062 0)
(0.696796 0.000123809 0)
(0.696819 0.000114571 0)
(0.69684 0.000106237 0)
(0.696861 9.87149e-05 0)
(0.69688 9.19186e-05 0)
(0.696898 8.57576e-05 0)
(0.696915 8.015e-05 0)
(0.696931 7.50148e-05 0)
(0.696946 7.02891e-05 0)
(0.696961 6.59168e-05 0)
(0.696974 6.18611e-05 0)
(0.696987 5.80886e-05 0)
(0.696999 5.45799e-05 0)
(0.69701 5.13122e-05 0)
(0.697021 4.82721e-05 0)
(0.697031 4.54394e-05 0)
(0.697041 4.28017e-05 0)
(0.69705 4.0339e-05 0)
(0.697058 3.80404e-05 0)
(0.697066 3.58878e-05 0)
(0.697074 3.3873e-05 0)
(0.576969 0.00044352 0)
(0.577072 0.000383029 0)
(0.577168 0.000332497 0)
(0.577257 0.000290473 0)
(0.577339 0.000255362 0)
(0.577414 0.000225744 0)
(0.577482 0.000200547 0)
(0.577545 0.000179031 0)
(0.577603 0.000160654 0)
(0.577655 0.000144952 0)
(0.577704 0.00013148 0)
(0.577749 0.000119826 0)
(0.57779 0.000109634 0)
(0.577828 0.000100631 0)
(0.577864 9.26151e-05 0)
(0.577896 8.54488e-05 0)
(0.577927 7.9027e-05 0)
(0.577956 7.32669e-05 0)
(0.577982 6.80876e-05 0)
(0.578007 6.34165e-05 0)
(0.57803 5.91799e-05 0)
(0.578052 5.53166e-05 0)
(0.578072 5.17701e-05 0)
(0.578091 4.85003e-05 0)
(0.578109 4.54715e-05 0)
(0.578126 4.26624e-05 0)
(0.578142 4.00514e-05 0)
(0.578157 3.76264e-05 0)
(0.578171 3.53709e-05 0)
(0.578184 3.32754e-05 0)
(0.578197 3.13242e-05 0)
(0.578209 2.9508e-05 0)
(0.57822 2.78122e-05 0)
(0.57823 2.62288e-05 0)
(0.57824 2.47451e-05 0)
(0.438195 0.000298606 0)
(0.438342 0.000251771 0)
(0.438471 0.000214441 0)
(0.438584 0.000184507 0)
(0.438685 0.000160201 0)
(0.438774 0.00014017 0)
(0.438854 0.000123465 0)
(0.438925 0.000109446 0)
(0.438989 9.76491e-05 0)
(0.439046 8.76935e-05 0)
(0.439099 7.92371e-05 0)
(0.439146 7.19805e-05 0)
(0.43919 6.56755e-05 0)
(0.43923 6.01365e-05 0)
(0.439267 5.52298e-05 0)
(0.439301 5.08641e-05 0)
(0.439332 4.69695e-05 0)
(0.439361 4.34912e-05 0)
(0.439388 4.03753e-05 0)
(0.439413 3.7574e-05 0)
(0.439436 3.50393e-05 0)
(0.439458 3.27319e-05 0)
(0.439479 3.06159e-05 0)
(0.439498 2.86663e-05 0)
(0.439516 2.68611e-05 0)
(0.439533 2.5188e-05 0)
(0.439549 2.36339e-05 0)
(0.439564 2.21922e-05 0)
(0.439578 2.08528e-05 0)
(0.439591 1.96103e-05 0)
(0.439603 1.84547e-05 0)
(0.439615 1.73805e-05 0)
(0.439626 1.63779e-05 0)
(0.439636 1.54425e-05 0)
(0.439646 1.45657e-05 0)
(0.280106 0.000130437 0)
(0.28024 0.00010774 0)
(0.280354 9.03841e-05 0)
(0.280452 7.68925e-05 0)
(0.280536 6.61829e-05 0)
(0.28061 5.75033e-05 0)
(0.280674 5.03653e-05 0)
(0.280732 4.44499e-05 0)
(0.280783 3.95323e-05 0)
(0.280828 3.54237e-05 0)
(0.280869 3.19606e-05 0)
(0.280906 2.90004e-05 0)
(0.28094 2.64347e-05 0)
(0.280971 2.41818e-05 0)
(0.281 2.21904e-05 0)
(0.281026 2.04215e-05 0)
(0.28105 1.885e-05 0)
(0.281072 1.74496e-05 0)
(0.281093 1.62001e-05 0)
(0.281112 1.50768e-05 0)
(0.28113 1.40622e-05 0)
(0.281146 1.3136e-05 0)
(0.281162 1.22868e-05 0)
(0.281177 1.15014e-05 0)
(0.28119 1.07752e-05 0)
(0.281203 1.01e-05 0)
(0.281215 9.47503e-06 0)
(0.281226 8.89389e-06 0)
(0.281237 8.35666e-06 0)
(0.281247 7.85692e-06 0)
(0.281256 7.39457e-06 0)
(0.281265 6.96297e-06 0)
(0.281274 6.56221e-06 0)
(0.281281 6.18602e-06 0)
(0.281289 5.83526e-06 0)
(0.102654 1.25961e-05 0)
(0.102715 1.01277e-05 0)
(0.102766 8.34994e-06 0)
(0.102809 7.02372e-06 0)
(0.102846 5.99844e-06 0)
(0.102878 5.18269e-06 0)
(0.102905 4.52102e-06 0)
(0.10293 3.98051e-06 0)
(0.102951 3.53823e-06 0)
(0.102971 3.17494e-06 0)
(0.102988 2.87189e-06 0)
(0.103004 2.61347e-06 0)
(0.103018 2.38758e-06 0)
(0.103031 2.18743e-06 0)
(0.103043 2.0089e-06 0)
(0.103054 1.85049e-06 0)
(0.103064 1.71019e-06 0)
(0.103073 1.58649e-06 0)
(0.103082 1.47644e-06 0)
(0.10309 1.3779e-06 0)
(0.103097 1.28792e-06 0)
(0.103104 1.2052e-06 0)
(0.103111 1.12798e-06 0)
(0.103117 1.05618e-06 0)
(0.103123 9.88975e-07 0)
(0.103128 9.26851e-07 0)
(0.103133 8.69098e-07 0)
(0.103138 8.16134e-07 0)
(0.103142 7.66996e-07 0)
(0.103146 7.21911e-07 0)
(0.10315 6.79767e-07 0)
(0.103154 6.40795e-07 0)
(0.103157 6.03948e-07 0)
(0.103161 5.69628e-07 0)
(0.103164 5.3694e-07 0)
(0.103166 -5.00038e-07 0)
(0.103169 -4.70721e-07 0)
(0.103171 -4.43041e-07 0)
(0.103174 -4.16953e-07 0)
(0.103176 -3.92393e-07 0)
(0.103178 -3.69307e-07 0)
(0.10318 -3.47606e-07 0)
(0.103182 -3.27217e-07 0)
(0.103183 -3.08027e-07 0)
(0.103185 -2.89963e-07 0)
(0.281294 -5.39328e-06 0)
(0.2813 -5.07582e-06 0)
(0.281306 -4.77625e-06 0)
(0.281312 -4.4935e-06 0)
(0.281317 -4.22663e-06 0)
(0.281322 -3.97486e-06 0)
(0.281327 -3.73743e-06 0)
(0.281331 -3.51362e-06 0)
(0.281336 -3.30264e-06 0)
(0.28134 -3.10371e-06 0)
(0.439652 -1.34397e-05 0)
(0.439661 -1.26477e-05 0)
(0.439669 -1.19008e-05 0)
(0.439676 -1.11961e-05 0)
(0.439683 -1.0531e-05 0)
(0.43969 -9.90324e-06 0)
(0.439696 -9.3109e-06 0)
(0.439702 -8.752e-06 0)
(0.439707 -8.22465e-06 0)
(0.439713 -7.72691e-06 0)
(0.578246 -2.2792e-05 0)
(0.578255 -2.14482e-05 0)
(0.578263 -2.0181e-05 0)
(0.57827 -1.89852e-05 0)
(0.578278 -1.78563e-05 0)
(0.578284 -1.67904e-05 0)
(0.578291 -1.5784e-05 0)
(0.578296 -1.48338e-05 0)
(0.578302 -1.39366e-05 0)
(0.578307 -1.30889e-05 0)
(0.697078 -3.11307e-05 0)
(0.697085 -2.92956e-05 0)
(0.697091 -2.75641e-05 0)
(0.697096 -2.59293e-05 0)
(0.697102 -2.43853e-05 0)
(0.697107 -2.29268e-05 0)
(0.697112 -2.1549e-05 0)
(0.697116 -2.02472e-05 0)
(0.697121 -1.90168e-05 0)
(0.697125 -1.78535e-05 0)
(0.796143 -3.63335e-05 0)
(0.796146 -3.41921e-05 0)
(0.796149 -3.21692e-05 0)
(0.796151 -3.02575e-05 0)
(0.796153 -2.84505e-05 0)
(0.796155 -2.67423e-05 0)
(0.796157 -2.51273e-05 0)
(0.796159 -2.36001e-05 0)
(0.796161 -2.21553e-05 0)
(0.796162 -2.07877e-05 0)
(0.875432 -3.67126e-05 0)
(0.875429 -3.45451e-05 0)
(0.875427 -3.2494e-05 0)
(0.875425 -3.05527e-05 0)
(0.875423 -2.87154e-05 0)
(0.875421 -2.69765e-05 0)
(0.875419 -2.53306e-05 0)
(0.875418 -2.37723e-05 0)
(0.875416 -2.22962e-05 0)
(0.875414 -2.08967e-05 0)
(0.934925 -3.1473e-05 0)
(0.934918 -2.9599e-05 0)
(0.93491 -2.78216e-05 0)
(0.934904 -2.61359e-05 0)
(0.934897 -2.45372e-05 0)
(0.934891 -2.30215e-05 0)
(0.934885 -2.15842e-05 0)
(0.93488 -2.02208e-05 0)
(0.934875 -1.89265e-05 0)
(0.93487 -1.76966e-05 0)
(0.974603 -2.09925e-05 0)
(0.974591 -1.97037e-05 0)
(0.97458 -1.84772e-05 0)
(0.974569 -1.731e-05 0)
(0.974559 -1.61995e-05 0)
(0.97455 -1.5143e-05 0)
(0.974541 -1.41374e-05 0)
(0.974532 -1.31798e-05 0)
(0.974524 -1.22667e-05 0)
(0.974517 -1.1395e-05 0)
(0.994448 -6.81362e-06 0)
(0.994434 -6.31305e-06 0)
(0.99442 -5.83169e-06 0)
(0.994407 -5.36847e-06 0)
(0.994395 -4.92238e-06 0)
(0.994384 -4.49232e-06 0)
(0.994373 -4.07713e-06 0)
(0.994363 -3.67551e-06 0)
(0.994353 -3.28615e-06 0)
(0.994344 -2.90765e-06 0)
(0.994448 8.67371e-06 0)
(0.994434 8.31131e-06 0)
(0.99442 7.97588e-06 0)
(0.994408 7.66644e-06 0)
(0.994396 7.38251e-06 0)
(0.994384 7.12336e-06 0)
(0.994373 6.88854e-06 0)
(0.994363 6.67722e-06 0)
(0.994354 6.48874e-06 0)
(0.994345 6.32213e-06 0)
(0.974605 2.27724e-05 0)
(0.974593 2.16151e-05 0)
(0.974582 2.05276e-05 0)
(0.974571 1.95073e-05 0)
(0.974561 1.85517e-05 0)
(0.974552 1.76586e-05 0)
(0.974543 1.68255e-05 0)
(0.974535 1.60499e-05 0)
(0.974527 1.53288e-05 0)
(0.974519 1.46595e-05 0)
(0.934927 3.3098e-05 0)
(0.93492 3.1343e-05 0)
(0.934913 2.96914e-05 0)
(0.934906 2.81391e-05 0)
(0.9349 2.66814e-05 0)
(0.934894 2.53149e-05 0)
(0.934889 2.40347e-05 0)
(0.934884 2.28373e-05 0)
(0.934879 2.17176e-05 0)
(0.934874 2.06717e-05 0)
(0.875434 3.81192e-05 0)
(0.875432 3.60528e-05 0)
(0.87543 3.41101e-05 0)
(0.875429 3.22832e-05 0)
(0.875427 3.05679e-05 0)
(0.875425 2.89572e-05 0)
(0.875424 2.74476e-05 0)
(0.875422 2.60318e-05 0)
(0.875421 2.47065e-05 0)
(0.87542 2.34645e-05 0)
(0.796147 3.74743e-05 0)
(0.79615 3.54142e-05 0)
(0.796152 3.34781e-05 0)
(0.796155 3.16588e-05 0)
(0.796158 2.995e-05 0)
(0.79616 2.83456e-05 0)
(0.796163 2.68402e-05 0)
(0.796165 2.54282e-05 0)
(0.796167 2.41043e-05 0)
(0.796169 2.28635e-05 0)
(0.697081 3.1981e-05 0)
(0.697088 3.02067e-05 0)
(0.697095 2.85382e-05 0)
(0.697101 2.69727e-05 0)
(0.697107 2.55003e-05 0)
(0.697112 2.41197e-05 0)
(0.697117 2.28217e-05 0)
(0.697122 2.1606e-05 0)
(0.697127 2.04637e-05 0)
(0.697132 1.93948e-05 0)
(0.57825 2.33557e-05 0)
(0.578258 2.20501e-05 0)
(0.578267 2.08255e-05 0)
(0.578275 1.96734e-05 0)
(0.578282 1.85927e-05 0)
(0.578289 1.75762e-05 0)
(0.578296 1.66236e-05 0)
(0.578302 1.57282e-05 0)
(0.578308 1.489e-05 0)
(0.578314 1.41025e-05 0)
(0.439655 1.37447e-05 0)
(0.439664 1.29728e-05 0)
(0.439672 1.22488e-05 0)
(0.43968 1.15673e-05 0)
(0.439687 1.09282e-05 0)
(0.439694 1.03267e-05 0)
(0.439701 9.76347e-06 0)
(0.439707 9.23373e-06 0)
(0.439713 8.73832e-06 0)
(0.439718 8.27254e-06 0)
(0.281296 5.50441e-06 0)
(0.281302 5.19522e-06 0)
(0.281308 4.90286e-06 0)
(0.281314 4.62973e-06 0)
(0.28132 4.37136e-06 0)
(0.281325 4.13047e-06 0)
(0.28133 3.90268e-06 0)
(0.281335 3.69081e-06 0)
(0.281339 3.49044e-06 0)
(0.281343 3.30441e-06 0)
(0.103167 5.06458e-07 0)
(0.103169 4.77384e-07 0)
(0.103172 4.50383e-07 0)
(0.103174 4.24667e-07 0)
(0.103177 4.00914e-07 0)
(0.103179 3.78298e-07 0)
(0.103181 3.57489e-07 0)
(0.103183 3.37624e-07 0)
(0.103185 3.19375e-07 0)
(0.103187 3.01868e-07 0)
(0.103187 -2.72912e-07 0)
(0.103188 -2.56816e-07 0)
(0.103189 -2.41577e-07 0)
(0.103191 -2.27161e-07 0)
(0.103192 -2.13486e-07 0)
(0.103193 -2.00537e-07 0)
(0.103194 -1.88246e-07 0)
(0.103195 -1.7661e-07 0)
(0.103196 -1.65566e-07 0)
(0.103197 -1.55118e-07 0)
(0.103198 -1.45205e-07 0)
(0.103198 -1.35833e-07 0)
(0.103199 -1.26941e-07 0)
(0.1032 -1.18537e-07 0)
(0.1032 -1.1056e-07 0)
(0.103201 -1.0302e-07 0)
(0.103201 -9.58563e-08 0)
(0.103202 -8.90841e-08 0)
(0.103202 -8.26449e-08 0)
(0.103203 -7.65588e-08 0)
(0.103203 -7.07702e-08 0)
(0.103203 -6.53031e-08 0)
(0.103204 -6.01132e-08 0)
(0.103204 -5.52296e-08 0)
(0.103204 -5.06001e-08 0)
(0.103204 -4.62781e-08 0)
(0.103205 -4.2199e-08 0)
(0.103205 -3.84082e-08 0)
(0.103205 -3.48378e-08 0)
(0.103205 -3.15289e-08 0)
(0.103205 -2.83959e-08 0)
(0.103205 -2.54738e-08 0)
(0.103205 -2.26618e-08 0)
(0.103205 -2.00202e-08 0)
(0.103205 -1.74909e-08 0)
(0.281343 -2.91601e-06 0)
(0.281347 -2.73875e-06 0)
(0.28135 -2.57111e-06 0)
(0.281353 -2.4124e-06 0)
(0.281356 -2.26191e-06 0)
(0.281359 -2.11908e-06 0)
(0.281361 -1.98335e-06 0)
(0.281363 -1.85433e-06 0)
(0.281366 -1.73157e-06 0)
(0.281368 -1.61479e-06 0)
(0.281369 -1.50365e-06 0)
(0.281371 -1.39791e-06 0)
(0.281373 -1.29725e-06 0)
(0.281374 -1.20145e-06 0)
(0.281376 -1.11018e-06 0)
(0.281377 -1.02325e-06 0)
(0.281378 -9.40323e-07 0)
(0.281379 -8.61206e-07 0)
(0.28138 -7.85605e-07 0)
(0.281381 -7.13357e-07 0)
(0.281382 -6.44211e-07 0)
(0.281383 -5.78055e-07 0)
(0.281383 -5.1469e-07 0)
(0.281384 -4.54057e-07 0)
(0.281384 -3.96003e-07 0)
(0.281385 -3.40507e-07 0)
(0.281385 -2.87437e-07 0)
(0.281385 -2.36787e-07 0)
(0.281385 -1.88411e-07 0)
(0.281386 -1.42295e-07 0)
(0.281386 -9.82754e-08 0)
(0.281386 -5.63338e-08 0)
(0.281386 -1.63092e-08 0)
(0.281386 2.17742e-08 0)
(0.281385 5.79999e-08 0)
(0.439718 -7.25685e-06 0)
(0.439722 -6.81257e-06 0)
(0.439726 -6.39222e-06 0)
(0.43973 -5.99404e-06 0)
(0.439734 -5.61643e-06 0)
(0.439738 -5.2579e-06 0)
(0.439741 -4.91718e-06 0)
(0.439744 -4.59309e-06 0)
(0.439747 -4.28464e-06 0)
(0.439749 -3.99092e-06 0)
(0.439752 -3.71113e-06 0)
(0.439754 -3.44451e-06 0)
(0.439756 -3.19036e-06 0)
(0.439758 -2.94798e-06 0)
(0.43976 -2.7167e-06 0)
(0.439762 -2.49586e-06 0)
(0.439763 -2.28481e-06 0)
(0.439764 -2.08293e-06 0)
(0.439766 -1.88966e-06 0)
(0.439767 -1.70443e-06 0)
(0.439768 -1.52678e-06 0)
(0.439769 -1.35627e-06 0)
(0.439769 -1.19254e-06 0)
(0.43977 -1.03527e-06 0)
(0.43977 -8.84214e-07 0)
(0.439771 -7.39143e-07 0)
(0.439771 -5.99863e-07 0)
(0.439771 -4.66216e-07 0)
(0.439771 -3.38041e-07 0)
(0.439771 -2.15194e-07 0)
(0.439771 -9.7524e-08 0)
(0.439771 1.50768e-08 0)
(0.439771 1.22708e-07 0)
(0.439771 2.254e-07 0)
(0.43977 3.2316e-07 0)
(0.578312 -1.22878e-05 0)
(0.578317 -1.153e-05 0)
(0.578321 -1.08124e-05 0)
(0.578325 -1.01322e-05 0)
(0.578329 -9.4868e-06 0)
(0.578332 -8.87364e-06 0)
(0.578336 -8.29056e-06 0)
(0.578339 -7.73562e-06 0)
(0.578341 -7.20706e-06 0)
(0.578344 -6.70333e-06 0)
(0.578346 -6.22302e-06 0)
(0.578349 -5.76477e-06 0)
(0.578351 -5.32737e-06 0)
(0.578353 -4.90958e-06 0)
(0.578354 -4.51024e-06 0)
(0.578356 -4.12821e-06 0)
(0.578357 -3.76241e-06 0)
(0.578359 -3.41177e-06 0)
(0.57836 -3.07532e-06 0)
(0.578361 -2.75216e-06 0)
(0.578361 -2.44147e-06 0)
(0.578362 -2.14252e-06 0)
(0.578363 -1.8547e-06 0)
(0.578363 -1.57746e-06 0)
(0.578364 -1.31036e-06 0)
(0.578364 -1.053e-06 0)
(0.578364 -8.05081e-07 0)
(0.578364 -5.66314e-07 0)
(0.578364 -3.3649e-07 0)
(0.578364 -1.15395e-07 0)
(0.578363 9.71194e-08 0)
(0.578363 3.01193e-07 0)
(0.578363 4.9686e-07 0)
(0.578362 6.8414e-07 0)
(0.578361 8.62948e-07 0)
(0.697128 -1.67527e-05 0)
(0.697132 -1.57104e-05 0)
(0.697135 -1.47224e-05 0)
(0.697138 -1.37849e-05 0)
(0.697141 -1.28944e-05 0)
(0.697143 -1.20476e-05 0)
(0.697146 -1.12417e-05 0)
(0.697148 -1.0474e-05 0)
(0.69715 -9.74205e-06 0)
(0.697152 -9.04383e-06 0)
(0.697154 -8.37727e-06 0)
(0.697155 -7.74053e-06 0)
(0.697157 -7.13178e-06 0)
(0.697158 -6.54936e-06 0)
(0.697159 -5.99159e-06 0)
(0.69716 -5.4569e-06 0)
(0.697161 -4.94376e-06 0)
(0.697162 -4.45076e-06 0)
(0.697163 -3.97656e-06 0)
(0.697163 -3.51994e-06 0)
(0.697164 -3.07979e-06 0)
(0.697164 -2.65516e-06 0)
(0.697164 -2.24517e-06 0)
(0.697164 -1.8491e-06 0)
(0.697164 -1.46633e-06 0)
(0.697164 -1.09635e-06 0)
(0.697164 -7.38703e-07 0)
(0.697163 -3.93079e-07 0)
(0.697163 -5.91642e-08 0)
(0.697163 2.63217e-07 0)
(0.697162 5.74237e-07 0)
(0.697161 8.73933e-07 0)
(0.697161 1.1623e-06 0)
(0.69716 1.43916e-06 0)
(0.697159 1.70432e-06 0)
(0.796164 -1.94919e-05 0)
(0.796165 -1.82632e-05 0)
(0.796166 -1.70969e-05 0)
(0.796168 -1.59885e-05 0)
(0.796169 -1.49342e-05 0)
(0.79617 -1.39302e-05 0)
(0.79617 -1.29734e-05 0)
(0.796171 -1.20606e-05 0)
(0.796172 -1.11893e-05 0)
(0.796172 -1.03568e-05 0)
(0.796173 -9.56078e-06 0)
(0.796173 -8.79898e-06 0)
(0.796174 -8.06924e-06 0)
(0.796174 -7.36949e-06 0)
(0.796174 -6.69774e-06 0)
(0.796174 -6.05208e-06 0)
(0.796174 -5.43074e-06 0)
(0.796174 -4.83201e-06 0)
(0.796174 -4.25438e-06 0)
(0.796174 -3.69641e-06 0)
(0.796173 -3.15686e-06 0)
(0.796173 -2.63459e-06 0)
(0.796173 -2.12865e-06 0)
(0.796172 -1.63819e-06 0)
(0.796172 -1.16251e-06 0)
(0.796171 -7.0101e-07 0)
(0.79617 -2.53241e-07 0)
(0.79617 1.81175e-07 0)
(0.796169 6.02493e-07 0)
(0.796168 1.01088e-06 0)
(0.796167 1.40637e-06 0)
(0.796166 1.78892e-06 0)
(0.796165 2.15829e-06 0)
(0.796163 2.51413e-06 0)
(0.796162 2.85588e-06 0)
(0.875413 -1.95686e-05 0)
(0.875411 -1.83068e-05 0)
(0.87541 -1.71066e-05 0)
(0.875409 -1.59637e-05 0)
(0.875407 -1.48742e-05 0)
(0.875406 -1.38345e-05 0)
(0.875405 -1.28415e-05 0)
(0.875404 -1.18922e-05 0)
(0.875402 -1.09839e-05 0)
(0.875401 -1.01141e-05 0)
(0.8754 -9.28028e-06 0)
(0.875399 -8.48014e-06 0)
(0.875398 -7.7114e-06 0)
(0.875397 -6.97188e-06 0)
(0.875396 -6.2595e-06 0)
(0.875395 -5.57226e-06 0)
(0.875393 -4.90834e-06 0)
(0.875392 -4.26602e-06 0)
(0.875391 -3.64373e-06 0)
(0.87539 -3.04008e-06 0)
(0.875389 -2.45381e-06 0)
(0.875388 -1.88384e-06 0)
(0.875387 -1.32921e-06 0)
(0.875386 -7.89132e-07 0)
(0.875384 -2.62929e-07 0)
(0.875383 2.49928e-07 0)
(0.875382 7.4985e-07 0)
(0.875381 1.23711e-06 0)
(0.875379 1.71188e-06 0)
(0.875378 2.17416e-06 0)
(0.875377 2.62383e-06 0)
(0.875375 3.06059e-06 0)
(0.875374 3.484e-06 0)
(0.875372 3.89335e-06 0)
(0.875371 4.28773e-06 0)
(0.934865 -1.65264e-05 0)
(0.934861 -1.54114e-05 0)
(0.934857 -1.43477e-05 0)
(0.934853 -1.33314e-05 0)
(0.934849 -1.23593e-05 0)
(0.934845 -1.14284e-05 0)
(0.934842 -1.05361e-05 0)
(0.934839 -9.67985e-06 0)
(0.934836 -8.85743e-06 0)
(0.934833 -8.0666e-06 0)
(0.93483 -7.30521e-06 0)
(0.934827 -6.57117e-06 0)
(0.934825 -5.86244e-06 0)
(0.934822 -5.17708e-06 0)
(0.93482 -4.51319e-06 0)
(0.934817 -3.86904e-06 0)
(0.934815 -3.24299e-06 0)
(0.934813 -2.63356e-06 0)
(0.934811 -2.03942e-06 0)
(0.934809 -1.45937e-06 0)
(0.934807 -8.92394e-07 0)
(0.934805 -3.376e-07 0)
(0.934803 2.05766e-07 0)
(0.934801 7.38306e-07 0)
(0.9348 1.26051e-06 0)
(0.934798 1.77271e-06 0)
(0.934796 2.27515e-06 0)
(0.934794 2.76788e-06 0)
(0.934793 3.25086e-06 0)
(0.934791 3.72385e-06 0)
(0.934789 4.18648e-06 0)
(0.934788 4.63814e-06 0)
(0.934786 5.07803e-06 0)
(0.934784 5.50509e-06 0)
(0.934783 5.91794e-06 0)
(0.974509 -1.05613e-05 0)
(0.974503 -9.7626e-06 0)
(0.974496 -8.99599e-06 0)
(0.97449 -8.25897e-06 0)
(0.974484 -7.5493e-06 0)
(0.974479 -6.86499e-06 0)
(0.974474 -6.20423e-06 0)
(0.974469 -5.56533e-06 0)
(0.974464 -4.94672e-06 0)
(0.97446 -4.34682e-06 0)
(0.974456 -3.76413e-06 0)
(0.974452 -3.19712e-06 0)
(0.974448 -2.64435e-06 0)
(0.974444 -2.10439e-06 0)
(0.974441 -1.57591e-06 0)
(0.974438 -1.05768e-06 0)
(0.974435 -5.48552e-07 0)
(0.974432 -4.75232e-08 0)
(0.974429 4.46288e-07 0)
(0.974426 9.33653e-07 0)
(0.974423 1.4152e-06 0)
(0.974421 1.89145e-06 0)
(0.974419 2.36279e-06 0)
(0.974416 2.82952e-06 0)
(0.974414 3.29179e-06 0)
(0.974412 3.74963e-06 0)
(0.97441 4.20296e-06 0)
(0.974408 4.65154e-06 0)
(0.974406 5.09499e-06 0)
(0.974404 5.53277e-06 0)
(0.974402 5.96413e-06 0)
(0.974401 6.38813e-06 0)
(0.974399 6.80356e-06 0)
(0.974397 7.20894e-06 0)
(0.974396 7.60245e-06 0)
(0.994335 -2.53874e-06 0)
(0.994327 -2.17819e-06 0)
(0.994319 -1.8249e-06 0)
(0.994312 -1.47788e-06 0)
(0.994305 -1.13625e-06 0)
(0.994299 -7.99207e-07 0)
(0.994293 -4.66013e-07 0)
(0.994287 -1.35935e-07 0)
(0.994281 1.91704e-07 0)
(0.994276 5.17623e-07 0)
(0.994271 8.42484e-07 0)
(0.994267 1.16698e-06 0)
(0.994262 1.49175e-06 0)
(0.994258 1.81742e-06 0)
(0.994254 2.14452e-06 0)
(0.994251 2.47358e-06 0)
(0.994247 2.80501e-06 0)
(0.994244 3.13918e-06 0)
(0.994241 3.47636e-06 0)
(0.994238 3.81676e-06 0)
(0.994235 4.16047e-06 0)
(0.994232 4.50756e-06 0)
(0.99423 4.85795e-06 0)
(0.994227 5.2115e-06 0)
(0.994225 5.56796e-06 0)
(0.994223 5.92697e-06 0)
(0.994221 6.28805e-06 0)
(0.994219 6.65059e-06 0)
(0.994217 7.01382e-06 0)
(0.994215 7.37683e-06 0)
(0.994214 7.73847e-06 0)
(0.994212 8.09743e-06 0)
(0.99421 8.45208e-06 0)
(0.994209 8.80057e-06 0)
(0.994208 9.14061e-06 0)
(0.994336 6.17665e-06 0)
(0.994328 6.05132e-06 0)
(0.994321 5.94549e-06 0)
(0.994313 5.85834e-06 0)
(0.994307 5.78946e-06 0)
(0.9943 5.73821e-06 0)
(0.994294 5.70438e-06 0)
(0.994289 5.6875e-06 0)
(0.994283 5.68746e-06 0)
(0.994278 5.70386e-06 0)
(0.994273 5.7366e-06 0)
(0.994269 5.78528e-06 0)
(0.994265 5.84977e-06 0)
(0.994261 5.92963e-06 0)
(0.994257 6.02469e-06 0)
(0.994254 6.13447e-06 0)
(0.99425 6.25877e-06 0)
(0.994247 6.39707e-06 0)
(0.994244 6.54915e-06 0)
(0.994242 6.71442e-06 0)
(0.994239 6.89262e-06 0)
(0.994237 7.08308e-06 0)
(0.994234 7.28543e-06 0)
(0.994232 7.49891e-06 0)
(0.99423 7.72299e-06 0)
(0.994228 7.95673e-06 0)
(0.994227 8.19941e-06 0)
(0.994225 8.44985e-06 0)
(0.994224 8.70709e-06 0)
(0.994222 8.96964e-06 0)
(0.994221 9.2362e-06 0)
(0.99422 9.50488e-06 0)
(0.994219 9.77392e-06 0)
(0.994218 1.00409e-05 0)
(0.994217 1.03035e-05 0)
(0.974512 1.40389e-05 0)
(0.974506 1.34645e-05 0)
(0.9745 1.29336e-05 0)
(0.974494 1.24443e-05 0)
(0.974488 1.19944e-05 0)
(0.974483 1.15825e-05 0)
(0.974478 1.12069e-05 0)
(0.974474 1.08666e-05 0)
(0.97447 1.05601e-05 0)
(0.974466 1.02866e-05 0)
(0.974462 1.00445e-05 0)
(0.974458 9.83316e-06 0)
(0.974455 9.65104e-06 0)
(0.974452 9.49732e-06 0)
(0.974449 9.37061e-06 0)
(0.974446 9.27008e-06 0)
(0.974444 9.19439e-06 0)
(0.974442 9.14281e-06 0)
(0.974439 9.11406e-06 0)
(0.974437 9.10745e-06 0)
(0.974435 9.12174e-06 0)
(0.974434 9.15626e-06 0)
(0.974432 9.20974e-06 0)
(0.974431 9.28144e-06 0)
(0.974429 9.37001e-06 0)
(0.974428 9.47459e-06 0)
(0.974427 9.59364e-06 0)
(0.974426 9.72614e-06 0)
(0.974425 9.87029e-06 0)
(0.974425 1.00248e-05 0)
(0.974424 1.01876e-05 0)
(0.974424 1.0357e-05 0)
(0.974423 1.05306e-05 0)
(0.974423 1.07062e-05 0)
(0.974423 1.08807e-05 0)
(0.93487 1.96948e-05 0)
(0.934866 1.87833e-05 0)
(0.934862 1.7933e-05 0)
(0.934859 1.71411e-05 0)
(0.934855 1.64041e-05 0)
(0.934852 1.572e-05 0)
(0.934849 1.50858e-05 0)
(0.934847 1.45001e-05 0)
(0.934844 1.39603e-05 0)
(0.934842 1.34651e-05 0)
(0.93484 1.30121e-05 0)
(0.934838 1.26e-05 0)
(0.934836 1.22265e-05 0)
(0.934834 1.18903e-05 0)
(0.934833 1.15894e-05 0)
(0.934831 1.13224e-05 0)
(0.93483 1.10874e-05 0)
(0.934829 1.08834e-05 0)
(0.934828 1.07084e-05 0)
(0.934827 1.05615e-05 0)
(0.934826 1.04408e-05 0)
(0.934825 1.03457e-05 0)
(0.934825 1.02742e-05 0)
(0.934824 1.02256e-05 0)
(0.934824 1.01979e-05 0)
(0.934824 1.01903e-05 0)
(0.934823 1.02009e-05 0)
(0.934823 1.02285e-05 0)
(0.934823 1.0271e-05 0)
(0.934823 1.03272e-05 0)
(0.934823 1.03945e-05 0)
(0.934824 1.04714e-05 0)
(0.934824 1.05551e-05 0)
(0.934824 1.06437e-05 0)
(0.934825 1.07339e-05 0)
(0.875419 2.23028e-05 0)
(0.875418 2.12147e-05 0)
(0.875417 2.01978e-05 0)
(0.875416 1.92463e-05 0)
(0.875416 1.83585e-05 0)
(0.875415 1.75293e-05 0)
(0.875414 1.67577e-05 0)
(0.875414 1.60392e-05 0)
(0.875414 1.53733e-05 0)
(0.875413 1.47557e-05 0)
(0.875413 1.41861e-05 0)
(0.875413 1.36603e-05 0)
(0.875413 1.31783e-05 0)
(0.875412 1.27359e-05 0)
(0.875412 1.23334e-05 0)
(0.875412 1.19666e-05 0)
(0.875413 1.16359e-05 0)
(0.875413 1.13374e-05 0)
(0.875413 1.10715e-05 0)
(0.875413 1.08347e-05 0)
(0.875413 1.06273e-05 0)
(0.875414 1.04459e-05 0)
(0.875414 1.02911e-05 0)
(0.875415 1.01592e-05 0)
(0.875415 1.0051e-05 0)
(0.875416 9.96283e-06 0)
(0.875417 9.89525e-06 0)
(0.875418 9.84455e-06 0)
(0.875418 9.81114e-06 0)
(0.875419 9.79108e-06 0)
(0.87542 9.78461e-06 0)
(0.875421 9.78749e-06 0)
(0.875422 9.79973e-06 0)
(0.875423 9.81676e-06 0)
(0.875425 9.83837e-06 0)
(0.796171 2.17008e-05 0)
(0.796173 2.06116e-05 0)
(0.796175 1.95915e-05 0)
(0.796177 1.86365e-05 0)
(0.796178 1.77431e-05 0)
(0.79618 1.69078e-05 0)
(0.796182 1.61276e-05 0)
(0.796183 1.53997e-05 0)
(0.796185 1.47215e-05 0)
(0.796186 1.40908e-05 0)
(0.796188 1.35051e-05 0)
(0.796189 1.29624e-05 0)
(0.79619 1.24605e-05 0)
(0.796192 1.19975e-05 0)
(0.796193 1.15714e-05 0)
(0.796194 1.11804e-05 0)
(0.796196 1.08227e-05 0)
(0.796197 1.04966e-05 0)
(0.796199 1.02003e-05 0)
(0.7962 9.93238e-06 0)
(0.796201 9.69124e-06 0)
(0.796203 9.4754e-06 0)
(0.796204 9.28344e-06 0)
(0.796205 9.11392e-06 0)
(0.796207 8.96546e-06 0)
(0.796208 8.83662e-06 0)
(0.79621 8.72596e-06 0)
(0.796211 8.63196e-06 0)
(0.796213 8.55307e-06 0)
(0.796214 8.48759e-06 0)
(0.796216 8.43381e-06 0)
(0.796218 8.3898e-06 0)
(0.796219 8.35371e-06 0)
(0.796221 8.32338e-06 0)
(0.796223 8.29685e-06 0)
(0.697136 1.83908e-05 0)
(0.69714 1.74521e-05 0)
(0.697144 1.65703e-05 0)
(0.697147 1.57465e-05 0)
(0.697151 1.49728e-05 0)
(0.697154 1.42509e-05 0)
(0.697157 1.35732e-05 0)
(0.697161 1.29419e-05 0)
(0.697163 1.23502e-05 0)
(0.697166 1.18006e-05 0)
(0.697169 1.12865e-05 0)
(0.697172 1.08107e-05 0)
(0.697174 1.03667e-05 0)
(0.697177 9.9577e-06 0)
(0.697179 9.57717e-06 0)
(0.697181 9.22835e-06 0)
(0.697184 8.90491e-06 0)
(0.697186 8.61017e-06 0)
(0.697188 8.33787e-06 0)
(0.69719 8.09147e-06 0)
(0.697192 7.86477e-06 0)
(0.697194 7.66138e-06 0)
(0.697196 7.47516e-06 0)
(0.697198 7.30982e-06 0)
(0.6972 7.15922e-06 0)
(0.697202 7.02717e-06 0)
(0.697204 6.90738e-06 0)
(0.697206 6.80372e-06 0)
(0.697208 6.7097e-06 0)
(0.69721 6.62918e-06 0)
(0.697212 6.55538e-06 0)
(0.697214 6.49215e-06 0)
(0.697216 6.43244e-06 0)
(0.697218 6.38018e-06 0)
(0.69722 6.32818e-06 0)
(0.578319 1.3366e-05 0)
(0.578324 1.2674e-05 0)
(0.578329 1.20271e-05 0)
(0.578334 1.14193e-05 0)
(0.578338 1.08512e-05 0)
(0.578342 1.03174e-05 0)
(0.578346 9.81898e-06 0)
(0.57835 9.35074e-06 0)
(0.578354 8.91445e-06 0)
(0.578357 8.50506e-06 0)
(0.578361 8.12466e-06 0)
(0.578364 7.76841e-06 0)
(0.578367 7.43858e-06 0)
(0.57837 7.13042e-06 0)
(0.578373 6.84628e-06 0)
(0.578375 6.58144e-06 0)
(0.578378 6.33834e-06 0)
(0.578381 6.11229e-06 0)
(0.578383 5.9058e-06 0)
(0.578386 5.71426e-06 0)
(0.578388 5.54025e-06 0)
(0.57839 5.37923e-06 0)
(0.578393 5.23389e-06 0)
(0.578395 5.09971e-06 0)
(0.578397 4.97949e-06 0)
(0.578399 4.86866e-06 0)
(0.578401 4.77006e-06 0)
(0.578403 4.679e-06 0)
(0.578405 4.59835e-06 0)
(0.578407 4.5232e-06 0)
(0.57841 4.45639e-06 0)
(0.578412 4.39285e-06 0)
(0.578414 4.3354e-06 0)
(0.578416 4.27893e-06 0)
(0.578418 4.2264e-06 0)
(0.439723 7.8373e-06 0)
(0.439728 7.42794e-06 0)
(0.439733 7.04552e-06 0)
(0.439738 6.68554e-06 0)
(0.439742 6.34932e-06 0)
(0.439746 6.0326e-06 0)
(0.43975 5.73702e-06 0)
(0.439754 5.45855e-06 0)
(0.439757 5.19914e-06 0)
(0.43976 4.95494e-06 0)
(0.439764 4.72808e-06 0)
(0.439767 4.51483e-06 0)
(0.43977 4.31743e-06 0)
(0.439772 4.13219e-06 0)
(0.439775 3.96138e-06 0)
(0.439778 3.80134e-06 0)
(0.43978 3.65436e-06 0)
(0.439783 3.51679e-06 0)
(0.439785 3.39099e-06 0)
(0.439787 3.2733e-06 0)
(0.439789 3.16616e-06 0)
(0.439792 3.06597e-06 0)
(0.439794 2.97522e-06 0)
(0.439796 2.89032e-06 0)
(0.439798 2.81385e-06 0)
(0.4398 2.74217e-06 0)
(0.439801 2.67792e-06 0)
(0.439803 2.61734e-06 0)
(0.439805 2.56309e-06 0)
(0.439807 2.51123e-06 0)
(0.439809 2.46446e-06 0)
(0.43981 2.41867e-06 0)
(0.439812 2.37663e-06 0)
(0.439814 2.33416e-06 0)
(0.439816 2.29433e-06 0)
(0.281347 3.12825e-06 0)
(0.281351 2.96487e-06 0)
(0.281355 2.80982e-06 0)
(0.281358 2.66612e-06 0)
(0.281361 2.5294e-06 0)
(0.281364 2.40285e-06 0)
(0.281367 2.28221e-06 0)
(0.28137 2.17081e-06 0)
(0.281373 2.06448e-06 0)
(0.281375 1.96667e-06 0)
(0.281377 1.87326e-06 0)
(0.28138 1.78778e-06 0)
(0.281382 1.70609e-06 0)
(0.281384 1.63177e-06 0)
(0.281386 1.56065e-06 0)
(0.281388 1.49634e-06 0)
(0.28139 1.43466e-06 0)
(0.281391 1.37922e-06 0)
(0.281393 1.32586e-06 0)
(0.281395 1.27823e-06 0)
(0.281396 1.23215e-06 0)
(0.281398 1.19133e-06 0)
(0.281399 1.1516e-06 0)
(0.281401 1.11673e-06 0)
(0.281402 1.08249e-06 0)
(0.281404 1.05274e-06 0)
(0.281405 1.02316e-06 0)
(0.281406 9.97676e-07 0)
(0.281408 9.71818e-07 0)
(0.281409 9.49563e-07 0)
(0.28141 9.26293e-07 0)
(0.281411 9.06044e-07 0)
(0.281412 8.84088e-07 0)
(0.281414 8.64604e-07 0)
(0.281415 8.42923e-07 0)
(0.103188 2.85798e-07 0)
(0.10319 2.70294e-07 0)
(0.103191 2.56082e-07 0)
(0.103193 2.42304e-07 0)
(0.103194 2.29714e-07 0)
(0.103195 2.1746e-07 0)
(0.103196 2.06316e-07 0)
(0.103198 1.95434e-07 0)
(0.103199 1.85597e-07 0)
(0.1032 1.75958e-07 0)
(0.103201 1.67301e-07 0)
(0.103202 1.58781e-07 0)
(0.103203 1.51183e-07 0)
(0.103203 1.4366e-07 0)
(0.103204 1.37001e-07 0)
(0.103205 1.30357e-07 0)
(0.103206 1.24521e-07 0)
(0.103206 1.18644e-07 0)
(0.103207 1.13523e-07 0)
(0.103208 1.08312e-07 0)
(0.103208 1.03809e-07 0)
(0.103209 9.91773e-08 0)
(0.10321 9.52141e-08 0)
(0.10321 9.1084e-08 0)
(0.103211 8.75945e-08 0)
(0.103211 8.38983e-08 0)
(0.103212 8.08211e-08 0)
(0.103212 7.74703e-08 0)
(0.103213 7.47e-08 0)
(0.103213 7.1571e-08 0)
(0.103214 6.89464e-08 0)
(0.103214 6.58611e-08 0)
(0.103215 6.31782e-08 0)
(0.103215 5.99164e-08 0)
(0.103216 5.70843e-08 0)
(0.103205 -1.51285e-08 0)
(0.103205 -1.2459e-08 0)
(0.103205 -9.6668e-09 0)
(0.103205 -8.64502e-09 0)
(0.103205 -1.16598e-08 0)
(0.103205 -2.71297e-09 0)
(0.103205 8.66147e-09 0)
(0.103205 -3.89224e-08 0)
(0.103204 9.59846e-08 0)
(0.103204 3.40585e-07 0)
(0.281385 9.23512e-08 0)
(0.281385 1.2504e-07 0)
(0.281385 1.55455e-07 0)
(0.281384 1.82039e-07 0)
(0.281384 2.07264e-07 0)
(0.281384 2.38689e-07 0)
(0.281383 2.66055e-07 0)
(0.281383 3.59433e-07 0)
(0.281382 5.18293e-07 0)
(0.281382 8.61597e-07 0)
(0.43977 4.15969e-07 0)
(0.43977 5.0378e-07 0)
(0.439769 5.86138e-07 0)
(0.439768 6.62268e-07 0)
(0.439768 7.33126e-07 0)
(0.439767 8.09004e-07 0)
(0.439766 8.93848e-07 0)
(0.439765 1.00804e-06 0)
(0.439764 1.22298e-06 0)
(0.439763 1.6277e-06 0)
(0.578361 1.03322e-06 0)
(0.57836 1.1947e-06 0)
(0.578359 1.34691e-06 0)
(0.578358 1.48971e-06 0)
(0.578357 1.62438e-06 0)
(0.578356 1.75465e-06 0)
(0.578355 1.88887e-06 0)
(0.578354 2.04296e-06 0)
(0.578352 2.25257e-06 0)
(0.578351 2.61665e-06 0)
(0.697158 1.95741e-06 0)
(0.697157 2.19798e-06 0)
(0.697155 2.42529e-06 0)
(0.697154 2.63887e-06 0)
(0.697153 2.83907e-06 0)
(0.697151 3.02657e-06 0)
(0.69715 3.2033e-06 0)
(0.697149 3.38337e-06 0)
(0.697147 3.57201e-06 0)
(0.697145 3.88599e-06 0)
(0.796161 3.18288e-06 0)
(0.79616 3.49418e-06 0)
(0.796158 3.78857e-06 0)
(0.796157 4.06476e-06 0)
(0.796155 4.32156e-06 0)
(0.796153 4.55704e-06 0)
(0.796152 4.76857e-06 0)
(0.79615 4.96143e-06 0)
(0.796149 5.13199e-06 0)
(0.796147 5.37115e-06 0)
(0.875369 4.66596e-06 0)
(0.875368 5.02654e-06 0)
(0.875366 5.36755e-06 0)
(0.875364 5.68669e-06 0)
(0.875363 5.98108e-06 0)
(0.875361 6.24636e-06 0)
(0.875359 6.47638e-06 0)
(0.875358 6.67059e-06 0)
(0.875356 6.81808e-06 0)
(0.875354 6.9695e-06 0)
(0.934781 6.31488e-06 0)
(0.934779 6.69375e-06 0)
(0.934778 7.05186e-06 0)
(0.934776 7.3859e-06 0)
(0.934774 7.69152e-06 0)
(0.934773 7.96227e-06 0)
(0.934771 8.19002e-06 0)
(0.93477 8.36737e-06 0)
(0.934768 8.48684e-06 0)
(0.934766 8.53878e-06 0)
(0.974394 7.98183e-06 0)
(0.974393 8.34434e-06 0)
(0.974391 8.68659e-06 0)
(0.97439 9.00436e-06 0)
(0.974388 9.29216e-06 0)
(0.974387 9.54236e-06 0)
(0.974385 9.74543e-06 0)
(0.974384 9.89047e-06 0)
(0.974383 9.9716e-06 0)
(0.974381 9.91882e-06 0)
(0.994206 9.46955e-06 0)
(0.994205 9.78412e-06 0)
(0.994204 1.00804e-05 0)
(0.994203 1.03537e-05 0)
(0.994202 1.05978e-05 0)
(0.994201 1.08043e-05 0)
(0.9942 1.0964e-05 0)
(0.994199 1.10618e-05 0)
(0.994198 1.10986e-05 0)
(0.994197 1.0945e-05 0)
(0.994216 1.05584e-05 0)
(0.994215 1.08025e-05 0)
(0.994215 1.10313e-05 0)
(0.994214 1.12399e-05 0)
(0.994213 1.1422e-05 0)
(0.994213 1.15695e-05 0)
(0.994212 1.16736e-05 0)
(0.994212 1.17186e-05 0)
(0.994212 1.17063e-05 0)
(0.994211 1.14689e-05 0)
(0.974422 1.10514e-05 0)
(0.974422 1.12145e-05 0)
(0.974422 1.13661e-05 0)
(0.974422 1.15012e-05 0)
(0.974422 1.16141e-05 0)
(0.974423 1.16974e-05 0)
(0.974423 1.17439e-05 0)
(0.974423 1.17374e-05 0)
(0.974423 1.16805e-05 0)
(0.974424 1.13902e-05 0)
(0.934825 1.08233e-05 0)
(0.934826 1.09081e-05 0)
(0.934827 1.09852e-05 0)
(0.934828 1.10497e-05 0)
(0.934828 1.10975e-05 0)
(0.934829 1.11223e-05 0)
(0.93483 1.11193e-05 0)
(0.934831 1.10733e-05 0)
(0.934832 1.09822e-05 0)
(0.934833 1.06832e-05 0)
(0.875426 9.85962e-06 0)
(0.875427 9.88009e-06 0)
(0.875428 9.89461e-06 0)
(0.87543 9.9025e-06 0)
(0.875431 9.89785e-06 0)
(0.875433 9.87969e-06 0)
(0.875434 9.84262e-06 0)
(0.875436 9.77683e-06 0)
(0.875437 9.67093e-06 0)
(0.875439 9.412e-06 0)
(0.796224 8.27188e-06 0)
(0.796226 8.2466e-06 0)
(0.796228 8.21923e-06 0)
(0.79623 8.1882e-06 0)
(0.796232 8.15158e-06 0)
(0.796234 8.10964e-06 0)
(0.796236 8.06102e-06 0)
(0.796238 7.99732e-06 0)
(0.796239 7.90163e-06 0)
(0.796242 7.72898e-06 0)
(0.697222 6.28061e-06 0)
(0.697224 6.23076e-06 0)
(0.697226 6.18371e-06 0)
(0.697228 6.13367e-06 0)
(0.69723 6.08718e-06 0)
(0.697233 6.04059e-06 0)
(0.697235 6.00257e-06 0)
(0.697237 5.96026e-06 0)
(0.697239 5.90065e-06 0)
(0.697241 5.8454e-06 0)
(0.57842 4.173e-06 0)
(0.578422 4.12241e-06 0)
(0.578424 4.07117e-06 0)
(0.578426 4.02477e-06 0)
(0.578428 3.98174e-06 0)
(0.57843 3.95133e-06 0)
(0.578432 3.9319e-06 0)
(0.578433 3.93354e-06 0)
(0.578435 3.92134e-06 0)
(0.578438 3.98685e-06 0)
(0.439817 2.25317e-06 0)
(0.439819 2.21443e-06 0)
(0.439821 2.17555e-06 0)
(0.439822 2.14288e-06 0)
(0.439824 2.11782e-06 0)
(0.439826 2.10477e-06 0)
(0.439827 2.11432e-06 0)
(0.439829 2.15692e-06 0)
(0.43983 2.1999e-06 0)
(0.439832 2.3426e-06 0)
(0.281416 8.23402e-07 0)
(0.281417 8.01606e-07 0)
(0.281418 7.82997e-07 0)
(0.281419 7.66518e-07 0)
(0.28142 7.59794e-07 0)
(0.281421 7.59026e-07 0)
(0.281422 7.96022e-07 0)
(0.281423 8.26743e-07 0)
(0.281425 9.25286e-07 0)
(0.281426 1.09875e-06 0)
(0.103216 5.36576e-08 0)
(0.103216 5.02345e-08 0)
(0.103217 4.56597e-08 0)
(0.103217 4.46162e-08 0)
(0.103218 5.00592e-08 0)
(0.103218 4.44959e-08 0)
(0.103218 4.61356e-08 0)
(0.103219 1.28938e-07 0)
(0.103219 8.07864e-08 0)
(0.10322 1.28299e-07 0)
)
;

boundaryField
{
    inlet
    {
        type            fixedProfile;
        profile         csvFile;
        profileCoeffs
        {
            nHeaderLine     0;
            refColumn       0;
            componentColumns 3(1 2 3);
            separator       ",";
            mergeSeparators 0;
            file            "0/Uprofile.csv";
        }
        direction       (0 1 0);
        origin          -1;
        value           nonuniform List<vector> 
20
(
(0.0975 0 0)
(0.2775 0 0)
(0.4375 0 0)
(0.5775 0 0)
(0.6975 0 0)
(0.7975 0 0)
(0.8775 0 0)
(0.9375 0 0)
(0.9775 0 0)
(0.9975 0 0)
(0.9975 0 0)
(0.9775 0 0)
(0.9375 0 0)
(0.8775 0 0)
(0.7975 0 0)
(0.6975 0 0)
(0.5775 0 0)
(0.4375 0 0)
(0.2775 0 0)
(0.0975 0 0)
)
;
    }
    outlet
    {
        type            zeroGradient;
    }
    upperWall
    {
        type            noSlip;
    }
    lowerWall
    {
        type            noSlip;
    }
    frontAndBack
    {
        type            empty;
    }
}


// ************************************************************************* //
