/*--------------------------------*- C++ -*----------------------------------*\
| =========                 |                                                 |
| \\      /  F ield         | OpenFOAM: The Open Source CFD Toolbox           |
|  \\    /   O peration     | Version:  2406                                  |
|   \\  /    A nd           | Website:  www.openfoam.com                      |
|    \\/     M anipulation  |                                                 |
\*---------------------------------------------------------------------------*/
FoamFile
{
    version     2.0;
    format      ascii;
    arch        "LSB;label=32;scalar=64";
    class       volVectorField;
    location    "39";
    object      U;
}
// * * * * * * * * * * * * * * * * * * * * * * * * * * * * * * * * * * * * * //

dimensions      [0 1 -1 0 0 0 0];

internalField   nonuniform List<vector> 
1964
(
(0.0983022 -0.000950277 0)
(0.100202 -0.000959145 0)
(0.10176 -0.000542344 0)
(0.102825 -0.000303958 0)
(0.103553 -0.000195055 0)
(0.104085 -0.000127912 0)
(0.10448 -8.25686e-05 0)
(0.104774 -5.79979e-05 0)
(0.105 -4.66493e-05 0)
(0.105184 -3.90355e-05 0)
(0.105337 -3.01044e-05 0)
(0.105465 -2.13095e-05 0)
(0.105573 -1.57255e-05 0)
(0.105667 -1.48005e-05 0)
(0.10575 -1.68165e-05 0)
(0.105828 -1.97249e-05 0)
(0.105903 -2.12734e-05 0)
(0.105978 -2.14964e-05 0)
(0.106054 -2.07758e-05 0)
(0.106134 -2.07166e-05 0)
(0.10622 -2.23297e-05 0)
(0.106318 -2.67044e-05 0)
(0.106434 -3.41871e-05 0)
(0.106576 -4.5356e-05 0)
(0.106754 -6.04537e-05 0)
(0.106982 -8.06104e-05 0)
(0.107278 -0.000106947 0)
(0.107667 -0.000142032 0)
(0.108181 -0.000188745 0)
(0.108863 -0.000251917 0)
(0.109772 -0.000337355 0)
(0.11099 -0.000453703 0)
(0.112624 -0.000612043 0)
(0.114821 -0.000828034 0)
(0.117781 -0.00112235 0)
(0.121773 -0.00152313 0)
(0.127158 -0.0020668 0)
(0.134413 -0.00279982 0)
(0.144162 -0.00377662 0)
(0.157193 -0.00505572 0)
(0.174458 -0.00668329 0)
(0.197029 -0.00866781 0)
(0.225968 -0.0109296 0)
(0.262052 -0.0132236 0)
(0.305408 -0.0150729 0)
(0.354712 -0.0156012 0)
(0.406873 -0.0139624 0)
(0.276253 -0.0014337 0)
(0.276451 -0.00224188 0)
(0.277052 -0.00189036 0)
(0.277592 -0.00141587 0)
(0.278166 -0.00106969 0)
(0.278753 -0.000813148 0)
(0.279284 -0.000616914 0)
(0.279736 -0.000475401 0)
(0.280118 -0.000378832 0)
(0.280447 -0.000312488 0)
(0.280735 -0.000262499 0)
(0.280985 -0.000221728 0)
(0.281203 -0.000188845 0)
(0.281395 -0.000165242 0)
(0.281568 -0.000150016 0)
(0.281728 -0.000142462 0)
(0.281882 -0.000139693 0)
(0.282032 -0.000141136 0)
(0.282184 -0.000146261 0)
(0.282342 -0.000156429 0)
(0.282511 -0.000173538 0)
(0.282699 -0.000200376 0)
(0.282917 -0.000240109 0)
(0.283177 -0.000297177 0)
(0.283498 -0.00037648 0)
(0.283904 -0.000485684 0)
(0.284426 -0.000633744 0)
(0.285104 -0.00083442 0)
(0.285994 -0.00110486 0)
(0.287169 -0.00146988 0)
(0.288727 -0.00196169 0)
(0.2908 -0.00262507 0)
(0.293564 -0.00351905 0)
(0.297253 -0.00472373 0)
(0.302178 -0.00634416 0)
(0.30875 -0.00851869 0)
(0.317507 -0.0114228 0)
(0.329142 -0.0152737 0)
(0.344534 -0.0203224 0)
(0.364768 -0.0268327 0)
(0.391133 -0.0350287 0)
(0.425081 -0.0449979 0)
(0.468109 -0.0565336 0)
(0.521486 -0.0689104 0)
(0.586013 -0.0806431 0)
(0.660735 -0.0888119 0)
(0.743054 -0.0903222 0)
(0.43651 -0.00079052 0)
(0.436466 -0.00158185 0)
(0.436438 -0.00168764 0)
(0.436246 -0.00155628 0)
(0.436225 -0.00139237 0)
(0.436401 -0.00121512 0)
(0.436657 -0.00103314 0)
(0.436924 -0.000869828 0)
(0.437186 -0.00073906 0)
(0.437441 -0.000638396 0)
(0.437688 -0.00055587 0)
(0.437919 -0.000483397 0)
(0.438129 -0.000419969 0)
(0.438319 -0.000369529 0)
(0.438493 -0.000334819 0)
(0.438658 -0.000315666 0)
(0.43882 -0.000309027 0)
(0.438982 -0.000312076 0)
(0.439148 -0.000322884 0)
(0.43932 -0.000342695 0)
(0.439504 -0.000374445 0)
(0.439705 -0.000423902 0)
(0.439934 -0.000497895 0)
(0.440205 -0.000605564 0)
(0.440535 -0.00075768 0)
(0.440947 -0.000968559 0)
(0.441473 -0.00125656 0)
(0.442153 -0.00164687 0)
(0.443041 -0.00217305 0)
(0.444208 -0.00288114 0)
(0.445749 -0.00383265 0)
(0.447791 -0.0051108 0)
(0.450502 -0.00682609 0)
(0.454104 -0.00912553 0)
(0.458892 -0.0122016 0)
(0.465252 -0.0163038 0)
(0.473689 -0.0217479 0)
(0.484857 -0.0289223 0)
(0.499593 -0.0382801 0)
(0.518958 -0.0503096 0)
(0.544268 -0.0654549 0)
(0.57712 -0.0839773 0)
(0.619365 -0.105683 0)
(0.672966 -0.12962 0)
(0.740125 -0.153495 0)
(0.820907 -0.172473 0)
(0.916335 -0.182195 0)
(0.576716 -0.000421702 0)
(0.576787 -0.0010232 0)
(0.57676 -0.00127231 0)
(0.576396 -0.00131549 0)
(0.576089 -0.00128948 0)
(0.575964 -0.00122139 0)
(0.575941 -0.0011194 0)
(0.575959 -0.00100536 0)
(0.576004 -0.000901388 0)
(0.576078 -0.000813571 0)
(0.576179 -0.000736458 0)
(0.576292 -0.000662974 0)
(0.576405 -0.000593587 0)
(0.576511 -0.000533269 0)
(0.576611 -0.000488898 0)
(0.576712 -0.000462407 0)
(0.576817 -0.00045369 0)
(0.57693 -0.000459427 0)
(0.577052 -0.000478184 0)
(0.577183 -0.000509904 0)
(0.577324 -0.000558552 0)
(0.57748 -0.000630501 0)
(0.577656 -0.000736033 0)
(0.577862 -0.000887419 0)
(0.578112 -0.00110148 0)
(0.578423 -0.00139819 0)
(0.578818 -0.00180511 0)
(0.579328 -0.00235706 0)
(0.579992 -0.00310239 0)
(0.580863 -0.00410444 0)
(0.58201 -0.00545001 0)
(0.583525 -0.0072537 0)
(0.585532 -0.00966978 0)
(0.588193 -0.0129008 0)
(0.591728 -0.0172143 0)
(0.596425 -0.0229559 0)
(0.602671 -0.0305689 0)
(0.610986 -0.0406064 0)
(0.62207 -0.0537376 0)
(0.63688 -0.0707308 0)
(0.656722 -0.092382 0)
(0.683406 -0.119376 0)
(0.719321 -0.151894 0)
(0.76767 -0.18926 0)
(0.832646 -0.22826 0)
(0.916347 -0.262458 0)
(1.03084 -0.287093 0)
(0.696829 -0.000260858 0)
(0.696973 -0.000694164 0)
(0.69705 -0.00093881 0)
(0.69674 -0.00103203 0)
(0.696391 -0.00105966 0)
(0.69617 -0.00104863 0)
(0.696027 -0.00100243 0)
(0.695908 -0.000936271 0)
(0.695807 -0.000869103 0)
(0.695739 -0.000809913 0)
(0.695708 -0.000755456 0)
(0.695703 -0.000700036 0)
(0.695708 -0.000642858 0)
(0.695712 -0.000590294 0)
(0.695716 -0.00054951 0)
(0.695725 -0.000526167 0)
(0.695745 -0.000521148 0)
(0.695779 -0.000533413 0)
(0.695825 -0.000561161 0)
(0.695882 -0.000604895 0)
(0.695948 -0.000667944 0)
(0.696023 -0.000757868 0)
(0.696107 -0.000885525 0)
(0.696205 -0.0010664 0)
(0.696324 -0.00131954 0)
(0.696473 -0.00167033 0)
(0.696664 -0.00215055 0)
(0.696912 -0.002803 0)
(0.697236 -0.00368358 0)
(0.697661 -0.00486815 0)
(0.698221 -0.00645741 0)
(0.698961 -0.00858712 0)
(0.699939 -0.0114374 0)
(0.701237 -0.0152485 0)
(0.702965 -0.0203369 0)
(0.705277 -0.0271189 0)
(0.708392 -0.0361365 0)
(0.712626 -0.0480893 0)
(0.718455 -0.0638679 0)
(0.726616 -0.0845838 0)
(0.73827 -0.111577 0)
(0.755355 -0.146383 0)
(0.780807 -0.190431 0)
(0.820042 -0.244811 0)
(0.878996 -0.307218 0)
(0.969174 -0.372469 0)
(1.11226 -0.435017 0)
(0.796901 -0.000172381 0)
(0.797073 -0.000477433 0)
(0.797221 -0.000679617 0)
(0.796985 -0.000779098 0)
(0.796662 -0.0008259 0)
(0.796432 -0.000840421 0)
(0.796261 -0.000824642 0)
(0.796097 -0.000788467 0)
(0.795935 -0.000747237 0)
(0.795797 -0.000710023 0)
(0.795694 -0.00067522 0)
(0.795619 -0.000637773 0)
(0.795553 -0.000596453 0)
(0.795486 -0.000556398 0)
(0.795416 -0.000524907 0)
(0.795349 -0.000508324 0)
(0.795293 -0.000509067 0)
(0.795252 -0.000527243 0)
(0.795224 -0.000561773 0)
(0.795205 -0.000613232 0)
(0.79519 -0.000684788 0)
(0.795176 -0.000783643 0)
(0.795158 -0.000920785 0)
(0.795136 -0.0011119 0)
(0.795107 -0.0013771 0)
(0.795073 -0.00174279 0)
(0.795032 -0.00224261 0)
(0.794982 -0.00292117 0)
(0.794922 -0.00383704 0)
(0.794846 -0.0050689 0)
(0.794747 -0.00672167 0)
(0.794616 -0.00893641 0)
(0.794442 -0.0119014 0)
(0.794211 -0.0158688 0)
(0.793912 -0.0211742 0)
(0.793537 -0.0282654 0)
(0.793094 -0.0377386 0)
(0.792627 -0.0503888 0)
(0.792265 -0.0672794 0)
(0.792312 -0.0898395 0)
(0.793407 -0.120004 0)
(0.796998 -0.160419 0)
(0.805647 -0.21468 0)
(0.826461 -0.287777 0)
(0.865699 -0.384906 0)
(0.96167 -0.512546 0)
(1.10133 -0.674142 0)
(0.876947 -0.000115281 0)
(0.877128 -0.000326283 0)
(0.877314 -0.000480439 0)
(0.877132 -0.00056798 0)
(0.87684 -0.000616864 0)
(0.876621 -0.000640007 0)
(0.876451 -0.000638556 0)
(0.876278 -0.000618813 0)
(0.876096 -0.000593059 0)
(0.875929 -0.000569295 0)
(0.875795 -0.000547364 0)
(0.875687 -0.000522981 0)
(0.875587 -0.000494946 0)
(0.875481 -0.000466491 0)
(0.875368 -0.00044424 0)
(0.875255 -0.000433701 0)
(0.875148 -0.000438232 0)
(0.875053 -0.000458406 0)
(0.874969 -0.000494076 0)
(0.87489 -0.000545676 0)
(0.874809 -0.000616239 0)
(0.874719 -0.000711754 0)
(0.874611 -0.00084238 0)
(0.874477 -0.00102198 0)
(0.874311 -0.00126951 0)
(0.874103 -0.00160903 0)
(0.873841 -0.00207231 0)
(0.873506 -0.00270038 0)
(0.873074 -0.00354804 0)
(0.872511 -0.00468787 0)
(0.871771 -0.00621757 0)
(0.870793 -0.00826781 0)
(0.869494 -0.0110147 0)
(0.867767 -0.0146942 0)
(0.865474 -0.019625 0)
(0.862436 -0.0262364 0)
(0.858428 -0.0351116 0)
(0.853175 -0.0470483 0)
(0.846354 -0.0631507 0)
(0.837619 -0.0849729 0)
(0.82664 -0.114755 0)
(0.81334 -0.155818 0)
(0.79784 -0.21335 0)
(0.783476 -0.295598 0)
(0.771495 -0.417521 0)
(0.814917 -0.604012 0)
(0.809599 -0.866574 0)
(0.936977 -7.44407e-05 0)
(0.937159 -0.000213038 0)
(0.937365 -0.000320357 0)
(0.937218 -0.000386647 0)
(0.93695 -0.000426934 0)
(0.936742 -0.000449017 0)
(0.936579 -0.000452866 0)
(0.936406 -0.000442657 0)
(0.936217 -0.000427189 0)
(0.936037 -0.000412722 0)
(0.935888 -0.000399496 0)
(0.935765 -0.000384635 0)
(0.93565 -0.000366779 0)
(0.935527 -0.000348239 0)
(0.935391 -0.000333673 0)
(0.935251 -0.000327653 0)
(0.935114 -0.000333019 0)
(0.934986 -0.000350771 0)
(0.934866 -0.000381051 0)
(0.934746 -0.000424498 0)
(0.934619 -0.000483428 0)
(0.934472 -0.000562685 0)
(0.934294 -0.000670094 0)
(0.934074 -0.000816859 0)
(0.933797 -0.00101795 0)
(0.933446 -0.00129296 0)
(0.932999 -0.00166734 0)
(0.932423 -0.00217448 0)
(0.931676 -0.00285851 0)
(0.930698 -0.00377831 0)
(0.92941 -0.00501278 0)
(0.927704 -0.00666809 0)
(0.925435 -0.0088873 0)
(0.922415 -0.0118637 0)
(0.918387 -0.0158595 0)
(0.913017 -0.0212321 0)
(0.905857 -0.0284727 0)
(0.896318 -0.0382633 0)
(0.883615 -0.0515655 0)
(0.866708 -0.0697558 0)
(0.844184 -0.0948517 0)
(0.814128 -0.129862 0)
(0.773552 -0.179491 0)
(0.718422 -0.251051 0)
(0.638015 -0.358817 0)
(0.526899 -0.525161 0)
(0.205733 -0.655686 0)
(0.976995 -4.2007e-05 0)
(0.977177 -0.00012083 0)
(0.977392 -0.000184032 0)
(0.977266 -0.000224635 0)
(0.977012 -0.000250358 0)
(0.976813 -0.000265678 0)
(0.976655 -0.00027012 0)
(0.976484 -0.000265808 0)
(0.976292 -0.000257833 0)
(0.976106 -0.000250048 0)
(0.975949 -0.000242864 0)
(0.975819 -0.000234779 0)
(0.975697 -0.000224992 0)
(0.975564 -0.000214779 0)
(0.975418 -0.000206872 0)
(0.975263 -0.000204057 0)
(0.97511 -0.000208178 0)
(0.974963 -0.000220041 0)
(0.974821 -0.000239926 0)
(0.974677 -0.000268437 0)
(0.97452 -0.000307166 0)
(0.974336 -0.000359278 0)
(0.974113 -0.000429796 0)
(0.973833 -0.000525891 0)
(0.973479 -0.00065718 0)
(0.973028 -0.00083628 0)
(0.972449 -0.00107966 0)
(0.971701 -0.00140895 0)
(0.970727 -0.00185281 0)
(0.969449 -0.0024495 0)
(0.967762 -0.00325034 0)
(0.965525 -0.00432448 0)
(0.962547 -0.00576532 0)
(0.958576 -0.00769946 0)
(0.95327 -0.0102994 0)
(0.946172 -0.0138016 0)
(0.936662 -0.0185332 0)
(0.923904 -0.0249516 0)
(0.906752 -0.0337048 0)
(0.883629 -0.0457215 0)
(0.852329 -0.0623495 0)
(0.809748 -0.0855448 0)
(0.751319 -0.118155 0)
(0.670706 -0.164035 0)
(0.556963 -0.228508 0)
(0.399802 -0.310763 0)
(0.123107 -0.343606 0)
(0.997004 -1.36729e-05 0)
(0.997184 -3.91793e-05 0)
(0.997404 -6.00289e-05 0)
(0.997288 -7.37109e-05 0)
(0.997041 -8.24915e-05 0)
(0.996846 -8.79627e-05 0)
(0.996691 -8.99729e-05 0)
(0.996521 -8.90874e-05 0)
(0.996328 -8.67391e-05 0)
(0.996139 -8.40846e-05 1.02109e-34)
(0.995979 -8.1447e-05 0)
(0.995845 -7.86501e-05 0)
(0.99572 -7.56526e-05 0)
(0.995583 -7.28783e-05 0)
(0.995432 -7.10458e-05 0)
(0.995271 -7.08358e-05 1.00348e-34)
(0.99511 -7.26798e-05 0)
(0.994954 -7.68022e-05 0)
(0.994802 -8.34021e-05 0)
(0.994646 -9.28733e-05 0)
(0.994475 -0.000105981 0)
(0.994274 -0.000123964 0)
(0.994027 -0.000148628 0)
(0.993717 -0.000182424 -9.80015e-35)
(0.993323 -0.000228594 0)
(0.99282 -0.00029139 0)
(0.992174 -0.000376406 0)
(0.991336 -0.000491063 0)
(0.990243 -0.000645252 0)
(0.988808 -0.000852247 0)
(0.986911 -0.00112987 0)
(0.984395 -0.00150219 0)
(0.981044 -0.00200168 0)
(0.97657 -0.00267248 0)
(0.970587 -0.00357472 0)
(0.96257 -0.00479117 0)
(0.951809 -0.00643644 0)
(0.937331 -0.00867144 0)
(0.917799 -0.0117237 0)
(0.891359 -0.0159191 0)
(0.85541 -0.021725 0)
(0.806318 -0.0298064 -1.32674e-34)
(0.738918 -0.041091 0)
(0.646342 -0.0567413 0)
(0.518569 -0.0780534 0)
(0.349437 -0.103393 0)
(0.095187 -0.106563 0)
(0.997004 1.36492e-05 0)
(0.997184 3.91373e-05 0)
(0.997404 6.01411e-05 0)
(0.997288 7.38619e-05 0)
(0.997041 8.26988e-05 0)
(0.996846 8.80182e-05 0)
(0.99669 8.93405e-05 0)
(0.996521 8.75595e-05 0)
(0.996328 8.4954e-05 0)
(0.996139 8.30671e-05 -1.02109e-34)
(0.995979 8.1689e-05 0)
(0.995846 7.96191e-05 0)
(0.995719 7.61383e-05 0)
(0.995582 7.16751e-05 0)
(0.99543 6.7589e-05 0)
(0.99527 6.54182e-05 -1.00349e-34)
(0.995109 6.62524e-05 0)
(0.994954 7.05297e-05 0)
(0.994803 7.82024e-05 0)
(0.994647 8.91076e-05 0)
(0.994475 0.000103405 0)
(0.994273 0.000121858 0)
(0.994026 0.000146081 0)
(0.993715 0.000178578 9.80018e-35)
(0.993321 0.000222853 0)
(0.992818 0.000283483 0)
(0.992172 0.000366378 0)
(0.991334 0.000479171 0)
(0.990241 0.000631839 0)
(0.988806 0.000837619 0)
(0.986909 0.00111422 0)
(0.984392 0.00148554 0)
(0.981041 0.0019839 0)
(0.976567 0.00265332 0)
(0.970583 0.00355384 0)
(0.962566 0.00476819 0)
(0.951804 0.00641091 0)
(0.937326 0.00864286 0)
(0.917794 0.0116916 0)
(0.891352 0.0158829 0)
(0.855403 0.0216845 0)
(0.806311 0.0297617 1.32677e-34)
(0.738911 0.0410431 0)
(0.646334 0.0566926 0)
(0.518581 0.0780236 0)
(0.349448 0.103386 0)
(0.095181 0.106567 0)
(0.976995 4.2002e-05 0)
(0.977177 0.000120777 0)
(0.977392 0.000184128 0)
(0.977266 0.000224815 0)
(0.977012 0.00025059 0)
(0.976813 0.000265745 0)
(0.976654 0.000269555 0)
(0.976484 0.000264482 0)
(0.976293 0.000256353 0)
(0.976107 0.000249297 0)
(0.97595 0.000243162 0)
(0.975819 0.000235538 0)
(0.975695 0.00022509 0)
(0.975561 0.000213226 0)
(0.975414 0.000203313 0)
(0.975261 0.000198893 0)
(0.975109 0.000202328 0)
(0.974963 0.000214506 0)
(0.974822 0.00023541 0)
(0.974677 0.000265117 0)
(0.97452 0.000304703 0)
(0.974335 0.000356983 0)
(0.97411 0.000426858 0)
(0.973829 0.000521621 0)
(0.973474 0.000651137 0)
(0.973022 0.00082832 0)
(0.972443 0.00106988 0)
(0.971695 0.0013976 0)
(0.970721 0.00184017 0)
(0.969443 0.00243578 0)
(0.967756 0.00323565 0)
(0.965518 0.00430877 0)
(0.96254 0.00574842 0)
(0.958567 0.00768111 0)
(0.95326 0.0102793 0)
(0.94616 0.0137793 0)
(0.936649 0.0185084 0)
(0.923889 0.0249239 0)
(0.906735 0.0336737 0)
(0.88361 0.0456866 0)
(0.852309 0.0623107 0)
(0.809728 0.0855014 0)
(0.751298 0.11811 0)
(0.670707 0.163995 0)
(0.556978 0.228483 0)
(0.3998 0.310757 0)
(0.123125 0.343609 0)
(0.936977 7.44262e-05 0)
(0.93716 0.000213085 0)
(0.937365 0.000320635 0)
(0.937218 0.000386867 0)
(0.93695 0.000427041 0)
(0.936742 0.000448942 0)
(0.936577 0.000452341 0)
(0.936405 0.000441699 0)
(0.936218 0.000426263 0)
(0.936039 0.000412377 0)
(0.93589 0.00039978 0)
(0.935765 0.000384951 0)
(0.935647 0.000366285 0)
(0.935522 0.000346354 0)
(0.935386 0.000330352 0)
(0.935247 0.000323399 0)
(0.935112 0.00032855 0)
(0.934986 0.000346747 0)
(0.934867 0.000377768 0)
(0.934747 0.00042186 0)
(0.934618 0.000481003 0)
(0.934469 0.000559896 0)
(0.93429 0.000666394 0)
(0.934067 0.000811869 0)
(0.933789 0.00101151 0)
(0.933438 0.0012851 0)
(0.93299 0.00165822 0)
(0.932414 0.00216429 0)
(0.931667 0.00284737 0)
(0.930689 0.0037663 0)
(0.9294 0.00499983 0)
(0.927692 0.00665405 0)
(0.925423 0.00887193 0)
(0.9224 0.0118468 0)
(0.918371 0.0158407 0)
(0.912998 0.0212111 0)
(0.905836 0.0284491 0)
(0.896294 0.0382371 0)
(0.883588 0.051536 0)
(0.866678 0.0697229 0)
(0.844151 0.0948144 0)
(0.814095 0.129822 0)
(0.773528 0.179446 0)
(0.718415 0.25102 0)
(0.63804 0.358785 0)
(0.526909 0.525161 0)
(0.205734 0.655699 0)
(0.876947 0.000115318 0)
(0.877128 0.000326343 0)
(0.877315 0.000480649 0)
(0.877132 0.000568199 0)
(0.87684 0.000616841 0)
(0.87662 0.000639764 0)
(0.876449 0.000637987 0)
(0.876277 0.000618149 0)
(0.876097 0.000592618 0)
(0.875932 0.000569239 0)
(0.875797 0.000547368 0)
(0.875686 0.000522582 0)
(0.875582 0.000493601 0)
(0.875475 0.000464276 0)
(0.875362 0.000441415 0)
(0.87525 0.000430853 0)
(0.875146 0.000435719 0)
(0.875053 0.000456367 0)
(0.87497 0.000492271 0)
(0.874891 0.00054372 0)
(0.874808 0.000613627 0)
(0.874715 0.000708206 0)
(0.874604 0.000837674 0)
(0.874468 0.00101623 0)
(0.874301 0.00126281 0)
(0.874092 0.00160166 0)
(0.873829 0.00206436 0)
(0.873494 0.00269197 0)
(0.873062 0.00353905 0)
(0.872499 0.0046782 0)
(0.871758 0.00620692 0)
(0.870778 0.008256 0)
(0.869477 0.0110013 0)
(0.867747 0.0146793 0)
(0.865452 0.0196081 0)
(0.86241 0.0262174 0)
(0.858399 0.0350904 0)
(0.853142 0.0470247 0)
(0.846318 0.0631244 0)
(0.837578 0.0849439 0)
(0.826596 0.114723 0)
(0.813294 0.155782 0)
(0.797811 0.213314 0)
(0.783469 0.295557 0)
(0.771518 0.417494 0)
(0.814968 0.603999 0)
(0.80962 0.866588 0)
(0.796901 0.00017238 0)
(0.797073 0.000477541 0)
(0.797221 0.000679824 0)
(0.796985 0.000779181 0)
(0.796661 0.000825888 0)
(0.79643 0.000840288 0)
(0.796258 0.000824698 0)
(0.796095 0.000788687 0)
(0.795937 0.000747585 0)
(0.7958 0.00071001 0)
(0.795696 0.000674506 0)
(0.795617 0.000636129 0)
(0.795547 0.000594279 0)
(0.795478 0.000554125 0)
(0.795408 0.000523266 0)
(0.795344 0.000507414 0)
(0.795292 0.000508859 0)
(0.795253 0.000527082 0)
(0.795225 0.000561101 0)
(0.795205 0.000611403 0)
(0.795188 0.000681631 0)
(0.795171 0.000779121 0)
(0.79515 0.000915324 0)
(0.795125 0.00110581 0)
(0.795095 0.00137089 0)
(0.795059 0.00173656 0)
(0.795018 0.00223655 0)
(0.794969 0.00291499 0)
(0.794908 0.00383057 0)
(0.794831 0.00506167 0)
(0.794731 0.00671346 0)
(0.794598 0.0089268 0)
(0.794421 0.0118903 0)
(0.794187 0.0158559 0)
(0.793885 0.0211595 0)
(0.793506 0.0282488 0)
(0.793058 0.03772 0)
(0.792588 0.0503682 0)
(0.792221 0.0672567 0)
(0.792263 0.0898144 0)
(0.793353 0.119976 0)
(0.796947 0.160387 0)
(0.805601 0.214647 0)
(0.826449 0.287729 0)
(0.865724 0.384848 0)
(0.961707 0.512486 0)
(1.10137 0.674088 0)
(0.69683 0.000260819 0)
(0.696973 0.000694025 0)
(0.697051 0.000938625 0)
(0.69674 0.00103185 0)
(0.69639 0.00105964 0)
(0.696168 0.00104878 0)
(0.696024 0.00100317 0)
(0.695907 0.00093752 0)
(0.695809 0.000870196 0)
(0.695743 0.000810033 0)
(0.69571 0.000754132 0)
(0.6957 0.000697621 0)
(0.695701 0.000640468 0)
(0.695703 0.000588839 0)
(0.695709 0.000549659 0)
(0.695721 0.000527609 0)
(0.695745 0.000523072 0)
(0.69578 0.00053475 0)
(0.695827 0.000560981 0)
(0.695882 0.000602813 0)
(0.695945 0.000664073 0)
(0.696016 0.000752737 0)
(0.696097 0.00087991 0)
(0.696193 0.00106089 0)
(0.696311 0.00131466 0)
(0.696459 0.00166608 0)
(0.696649 0.00214685 0)
(0.696897 0.00279939 0)
(0.69722 0.00367968 0)
(0.697644 0.00486342 0)
(0.698203 0.00645157 0)
(0.69894 0.00857983 0)
(0.699915 0.0114286 0)
(0.701209 0.0152381 0)
(0.702934 0.0203249 0)
(0.705242 0.0271053 0)
(0.708352 0.0361213 0)
(0.712581 0.0480726 0)
(0.718404 0.0638495 0)
(0.726559 0.0845638 0)
(0.738208 0.111555 0)
(0.755292 0.146357 0)
(0.780749 0.190396 0)
(0.819998 0.244767 0)
(0.878986 0.307137 0)
(0.969195 0.372355 0)
(1.11228 0.4349 0)
(0.576716 0.000421661 0)
(0.576788 0.00102312 0)
(0.576761 0.001272 0)
(0.576396 0.0013152 0)
(0.576088 0.001289 0)
(0.575962 0.00122143 0)
(0.575939 0.00112026 0)
(0.575958 0.001007 0)
(0.576006 0.000902342 0)
(0.576081 0.000812821 0)
(0.576179 0.000733854 0)
(0.576288 0.000659837 0)
(0.576397 0.000591266 0)
(0.576502 0.000533133 0)
(0.576605 0.000490647 0)
(0.576709 0.000465495 0)
(0.576817 0.00045646 0)
(0.576932 0.000460881 0)
(0.577053 0.000477451 0)
(0.577181 0.000507128 0)
(0.57732 0.000554172 0)
(0.577472 0.000625531 0)
(0.577645 0.000731146 0)
(0.577849 0.000883431 0)
(0.578098 0.00109838 0)
(0.578408 0.00139614 0)
(0.578803 0.00180346 0)
(0.579313 0.0023556 0)
(0.579976 0.00310035 0)
(0.580846 0.0041017 0)
(0.58199 0.00544602 0)
(0.583503 0.00724861 0)
(0.585507 0.00966328 0)
(0.588165 0.0128932 0)
(0.591695 0.0172054 0)
(0.596388 0.0229461 0)
(0.602629 0.0305581 0)
(0.610939 0.0405949 0)
(0.622017 0.0537257 0)
(0.63682 0.0707186 0)
(0.656656 0.0923702 0)
(0.683334 0.119364 0)
(0.719253 0.151878 0)
(0.767611 0.189235 0)
(0.832601 0.228217 0)
(0.91634 0.262379 0)
(1.03087 0.286981 0)
(0.43651 0.000790576 0)
(0.436466 0.001582 0)
(0.436439 0.00168783 0)
(0.436246 0.00155621 0)
(0.436224 0.00139209 0)
(0.436399 0.00121515 0)
(0.436655 0.00103448 0)
(0.436924 0.000871777 0)
(0.437187 0.000740205 0)
(0.437443 0.000637157 0)
(0.437687 0.000553034 0)
(0.437914 0.000480458 0)
(0.438122 0.000418926 0)
(0.438312 0.000370846 0)
(0.438488 0.000338061 0)
(0.438657 0.000319205 0)
(0.438821 0.00031165 0)
(0.438984 0.000312566 0)
(0.439148 0.000321389 0)
(0.439318 0.0003394 0)
(0.439498 0.000370526 0)
(0.439697 0.000419976 0)
(0.439924 0.000494888 0)
(0.440193 0.000603552 0)
(0.440522 0.000756833 0)
(0.440934 0.000968355 0)
(0.44146 0.00125676 0)
(0.442139 0.00164681 0)
(0.443026 0.00217257 0)
(0.444192 0.00287976 0)
(0.445731 0.00383049 0)
(0.44777 0.00510762 0)
(0.450478 0.00682217 0)
(0.454076 0.00912079 0)
(0.45886 0.0121963 0)
(0.465217 0.016298 0)
(0.473649 0.021742 0)
(0.484812 0.0289164 0)
(0.499543 0.0382752 0)
(0.518903 0.0503062 0)
(0.544208 0.0654548 0)
(0.577056 0.0839824 0)
(0.619304 0.105695 0)
(0.672916 0.129633 0)
(0.740093 0.153505 0)
(0.820898 0.172476 0)
(0.91636 0.18216 0)
(0.276253 0.00143379 0)
(0.276451 0.00224246 0)
(0.277053 0.00189078 0)
(0.277592 0.00141597 0)
(0.278165 0.00106962 0)
(0.278751 0.000813386 0)
(0.279283 0.000618345 0)
(0.279735 0.000477123 0)
(0.280119 0.000379403 0)
(0.280447 0.0003112 0)
(0.280732 0.000260129 0)
(0.28098 0.000220052 0)
(0.281197 0.000189159 0)
(0.28139 0.00016738 0)
(0.281565 0.000153344 0)
(0.281728 0.000145271 0)
(0.281883 0.00014118 0)
(0.282034 0.000140679 0)
(0.282185 0.000144155 0)
(0.28234 0.000153449 0)
(0.282506 0.00017049 0)
(0.282692 0.000198066 0)
(0.282907 0.000238948 0)
(0.283167 0.000297136 0)
(0.283488 0.000377437 0)
(0.283894 0.000486996 0)
(0.284415 0.000635158 0)
(0.285093 0.000835305 0)
(0.285982 0.00110517 0)
(0.287156 0.00146934 0)
(0.288712 0.00196052 0)
(0.290783 0.00262325 0)
(0.293544 0.00351694 0)
(0.29723 0.00472135 0)
(0.302152 0.00634187 0)
(0.30872 0.00851646 0)
(0.317474 0.0114211 0)
(0.329105 0.0152725 0)
(0.344493 0.0203225 0)
(0.364724 0.026835 0)
(0.391089 0.0350344 0)
(0.425039 0.0450099 0)
(0.468074 0.0565544 0)
(0.521467 0.068939 0)
(0.586013 0.080677 0)
(0.660753 0.0888428 0)
(0.743095 0.0903386 0)
(0.0983023 0.000950321 0)
(0.100202 0.000959305 0)
(0.101759 0.000542752 0)
(0.102824 0.000303973 0)
(0.103552 0.000194575 0)
(0.104084 0.000127629 0)
(0.104479 8.30621e-05 0)
(0.104773 5.83175e-05 0)
(0.105 4.62737e-05 0)
(0.105183 3.79948e-05 0)
(0.105335 2.9264e-05 0)
(0.105463 2.1058e-05 0)
(0.105571 1.61186e-05 0)
(0.105665 1.53506e-05 0)
(0.105749 1.74586e-05 0)
(0.105828 2.0083e-05 0)
(0.105904 2.15812e-05 0)
(0.105979 2.15119e-05 0)
(0.106054 2.06838e-05 0)
(0.106133 2.03502e-05 0)
(0.106218 2.18438e-05 0)
(0.106315 2.60665e-05 0)
(0.10643 3.36495e-05 0)
(0.106571 4.49273e-05 0)
(0.106749 6.03904e-05 0)
(0.106977 8.07781e-05 0)
(0.107273 0.000107506 0)
(0.107662 0.000142697 0)
(0.108175 0.000189589 0)
(0.108857 0.000252624 0)
(0.109766 0.000338015 0)
(0.110982 0.000454106 0)
(0.112615 0.000612348 0)
(0.11481 0.000828162 0)
(0.117769 0.00112252 0)
(0.121759 0.00152335 0)
(0.127142 0.00206736 0)
(0.134395 0.00280079 0)
(0.144142 0.0037786 0)
(0.157172 0.00505872 0)
(0.174437 0.00668804 0)
(0.197012 0.00867464 0)
(0.225958 0.0109391 0)
(0.262057 0.0132355 0)
(0.30543 0.0150897 0)
(0.354746 0.0156209 0)
(0.406912 0.0139734 0)
(0.456251 -0.00910279 0)
(0.495104 -0.00152188 0)
(0.517436 0.0063102 0)
(0.521801 0.0124087 0)
(0.510276 0.0162258 0)
(0.486984 0.0179239 0)
(0.826745 -0.0800247 0)
(0.901498 -0.0578193 0)
(0.958811 -0.0305514 0)
(0.996238 -0.00414612 0)
(1.01492 0.0190647 0)
(1.01558 0.0380133 0)
(1.01953 -0.169227 0)
(1.11286 -0.132889 0)
(1.18356 -0.0875578 0)
(1.23133 -0.0432108 0)
(1.26024 -0.00291072 0)
(1.27365 0.0320716 0)
(1.16445 -0.269218 0)
(1.27587 -0.213898 0)
(1.34413 -0.147422 0)
(1.37901 -0.0829768 0)
(1.3939 -0.0248194 0)
(1.39618 0.0248084 0)
(1.27867 -0.39372 0)
(1.37011 -0.295332 0)
(1.38341 -0.193085 0)
(1.3647 -0.102901 0)
(1.34246 -0.0288815 0)
(1.32206 0.0300647 0)
(1.25201 -0.553155 0)
(1.18562 -0.338103 0)
(1.05204 -0.172546 0)
(0.959566 -0.0610679 0)
(0.91278 0.012613 0)
(0.897605 0.0610049 0)
(0.786956 -0.500113 0)
(0.446644 -0.134619 0)
(0.229279 0.0113635 0)
(0.208421 0.0415491 0)
(0.242677 0.0440359 0)
(0.278846 0.0558561 0)
(0.786919 0.500116 0)
(0.446588 0.134597 0)
(0.229234 -0.0113588 0)
(0.208375 -0.0415234 0)
(0.242616 -0.0440124 0)
(0.278782 -0.055843 0)
(1.252 0.553122 0)
(1.18555 0.338111 0)
(1.05194 0.172572 0)
(0.959461 0.0610982 0)
(0.912654 -0.0125638 0)
(0.897466 -0.0609638 0)
(1.27868 0.393618 0)
(1.3701 0.295296 0)
(1.38336 0.193116 0)
(1.36463 0.102956 0)
(1.34236 0.0289382 0)
(1.32193 -0.0300209 0)
(1.16448 0.269109 0)
(1.27589 0.213818 0)
(1.34412 0.147379 0)
(1.37895 0.0829606 0)
(1.39382 0.0247991 0)
(1.39609 -0.0248204 0)
(1.01959 0.169155 0)
(1.1129 0.132792 0)
(1.18356 0.0874545 0)
(1.23129 0.0431209 0)
(1.26018 0.00285223 0)
(1.27358 -0.0320976 0)
(0.826799 0.0799991 0)
(0.901547 0.0577523 0)
(0.958835 0.0304716 0)
(0.996236 0.00408033 0)
(1.0149 -0.0190972 0)
(1.01553 -0.0380155 0)
(0.456296 0.00909495 0)
(0.495151 0.00149785 0)
(0.517471 -0.00633838 0)
(0.52181 -0.0124336 0)
(0.510256 -0.0162481 0)
(0.486939 -0.0179412 0)
(0.455556 0.0178024 0)
(0.419345 0.0162817 0)
(0.381416 0.0139454 0)
(0.344139 0.0113814 0)
(0.309017 0.00897786 0)
(0.276881 0.00689223 0)
(0.248149 0.00515615 0)
(0.22296 0.00375927 0)
(0.201249 0.00267067 0)
(0.182809 0.00184149 0)
(0.167364 0.00121561 0)
(0.154608 0.000741418 0)
(0.144234 0.000377594 0)
(0.135947 9.41091e-05 0)
(0.129468 -0.000128878 0)
(0.12454 -0.000303702 0)
(0.120925 -0.000437811 0)
(0.118411 -0.000536395 0)
(0.116802 -0.000603795 0)
(0.115927 -0.000644271 0)
(0.115632 -0.000662135 0)
(0.115785 -0.000662023 0)
(0.116273 -0.00064759 0)
(0.116998 -0.000622192 0)
(0.117881 -0.000588647 0)
(0.118856 -0.000549439 0)
(0.11987 -0.00050666 0)
(0.12088 -0.000461911 0)
(0.121856 -0.000416443 0)
(0.122771 -0.000371356 0)
(0.123611 -0.000327542 0)
(0.124363 -0.000285714 0)
(0.125023 -0.000246367 0)
(0.125587 -0.00020984 0)
(0.126057 -0.000176292 0)
(0.126435 -0.000145773 0)
(0.126726 -0.000118199 0)
(0.126936 -9.34367e-05 0)
(0.127069 -7.12668e-05 0)
(0.127133 -5.14392e-05 0)
(0.127132 -3.36512e-05 0)
(0.127073 -1.76826e-05 0)
(0.12696 -2.53495e-06 0)
(0.126797 1.201e-05 0)
(0.126585 2.80388e-05 0)
(0.126332 4.38049e-05 0)
(0.125823 0.000184104 0)
(0.99995 0.051947 0)
(0.970625 0.0606176 0)
(0.930783 0.064533 0)
(0.883571 0.0647155 0)
(0.831761 0.062225 0)
(0.777761 0.0579212 0)
(0.723674 0.052486 0)
(0.671256 0.0464795 0)
(0.621858 0.0403434 0)
(0.576421 0.0343939 0)
(0.535516 0.0288354 0)
(0.499394 0.0237847 0)
(0.468047 0.0192933 0)
(0.44128 0.0153672 0)
(0.418768 0.0119838 0)
(0.400109 0.00910492 0)
(0.384869 0.00668569 0)
(0.37261 0.00467925 0)
(0.362907 0.0030393 0)
(0.355365 0.00172146 0)
(0.349622 0.000683798 0)
(0.345356 -0.000112356 0)
(0.342283 -0.000703403 0)
(0.340157 -0.00112248 0)
(0.338767 -0.00139934 0)
(0.337936 -0.00156033 0)
(0.337514 -0.00162799 0)
(0.337377 -0.00162208 0)
(0.337427 -0.00155999 0)
(0.337583 -0.00145671 0)
(0.337786 -0.00132488 0)
(0.337988 -0.00117482 0)
(0.338154 -0.00101484 0)
(0.338261 -0.000851446 0)
(0.338291 -0.000689561 0)
(0.338235 -0.000532801 0)
(0.338087 -0.000383679 0)
(0.337847 -0.000243811 0)
(0.337516 -0.00011398 0)
(0.337098 5.64205e-06 0)
(0.336596 0.000115372 0)
(0.336017 0.000215709 0)
(0.335364 0.000308597 0)
(0.334649 0.000393828 0)
(0.333858 0.000485299 0)
(0.333092 0.00055772 0)
(0.331843 0.000855247 0)
(1.27324 0.0606003 0)
(1.26078 0.0820996 0)
(1.23825 0.0969452 0)
(1.20732 0.106091 0)
(1.16932 0.110462 0)
(1.12561 0.110801 0)
(1.07777 0.107801 0)
(1.02748 0.102176 0)
(0.976366 0.0946348 0)
(0.925907 0.0858393 0)
(0.877347 0.0763807 0)
(0.831671 0.0667622 0)
(0.789575 0.0573841 0)
(0.751476 0.0485395 0)
(0.717548 0.0404213 0)
(0.687764 0.0331375 0)
(0.661948 0.0267294 0)
(0.639816 0.0211897 0)
(0.621027 0.016478 0)
(0.605205 0.0125327 0)
(0.591973 0.00928081 0)
(0.580967 0.00664437 0)
(0.571847 0.00454538 0)
(0.564307 0.00290873 0)
(0.558074 0.00166411 0)
(0.552907 0.00074761 0)
(0.548605 0.000102155 0)
(0.544993 -0.000322885 0)
(0.541926 -0.000571852 0)
(0.539285 -0.000682985 0)
(0.536969 -0.0006887 0)
(0.534899 -0.000616113 0)
(0.533009 -0.000487547 0)
(0.531248 -0.000321131 0)
(0.529577 -0.000131303 0)
(0.527965 7.06366e-05 0)
(0.526389 0.000276086 0)
(0.524831 0.000478726 0)
(0.52328 0.000674159 0)
(0.521728 0.000859497 0)
(0.520168 0.00103316 0)
(0.518599 0.00119448 0)
(0.517015 0.00134442 0)
(0.515427 0.00148207 0)
(0.513796 0.00161994 0)
(0.512334 0.00171867 0)
(0.510113 0.00205706 0)
(1.38958 0.0647764 0)
(1.37682 0.0950533 0)
(1.35989 0.117168 0)
(1.33947 0.13287 0)
(1.3153 0.1432 0)
(1.28716 0.148715 0)
(1.25529 0.149906 0)
(1.22024 0.147317 0)
(1.18276 0.141543 0)
(1.14372 0.133223 0)
(1.10407 0.12303 0)
(1.06472 0.111633 0)
(1.02649 0.0996492 0)
(0.990054 0.0876125 0)
(0.955908 0.0759502 0)
(0.924384 0.0649793 0)
(0.895654 0.0549128 0)
(0.869752 0.0458726 0)
(0.846607 0.037907 0)
(0.826067 0.0310074 0)
(0.807933 0.0251253 0)
(0.791975 0.0201854 0)
(0.777956 0.0160973 0)
(0.765641 0.0127638 0)
(0.75481 0.010087 0)
(0.745258 0.00797286 0)
(0.736802 0.00633386 0)
(0.72928 0.00509042 0)
(0.722552 0.00417185 0)
(0.716496 0.00351634 0)
(0.711009 0.00307064 0)
(0.706002 0.00278954 0)
(0.701402 0.0026351 0)
(0.697145 0.00257598 0)
(0.693181 0.00258657 0)
(0.689466 0.0026463 0)
(0.685964 0.00273891 0)
(0.682645 0.00285181 0)
(0.679486 0.00297545 0)
(0.676465 0.00310288 0)
(0.673565 0.00322928 0)
(0.670774 0.0033514 0)
(0.668076 0.00346794 0)
(0.665477 0.00357598 0)
(0.662905 0.00368396 0)
(0.660677 0.00375206 0)
(0.657403 0.00398632 0)
(1.30404 0.0757482 0)
(1.28941 0.108714 0)
(1.27889 0.132455 0)
(1.27091 0.150044 0)
(1.26301 0.162703 0)
(1.25356 0.170823 0)
(1.24183 0.17472 0)
(1.22754 0.174735 0)
(1.21066 0.17124 0)
(1.1914 0.164682 0)
(1.17016 0.155609 0)
(1.14744 0.144639 0)
(1.1238 0.132404 0)
(1.09978 0.11951 0)
(1.07587 0.10649 0)
(1.05251 0.0937881 0)
(1.03002 0.0817444 0)
(1.00866 0.0705979 0)
(0.988572 0.0604952 0)
(0.969851 0.0515049 0)
(0.952512 0.043634 0)
(0.936528 0.0368436 0)
(0.92184 0.0310632 0)
(0.908367 0.0262034 0)
(0.896019 0.0221646 0)
(0.884701 0.0188452 0)
(0.874318 0.016146 0)
(0.864781 0.013974 0)
(0.856007 0.0122441 0)
(0.847919 0.0108808 0)
(0.840447 0.00981743 0)
(0.83353 0.00899692 0)
(0.827111 0.00837058 0)
(0.821142 0.00789761 0)
(0.815578 0.0075442 0)
(0.81038 0.00728271 0)
(0.805514 0.00709081 0)
(0.800949 0.00695075 0)
(0.796658 0.00684862 0)
(0.792616 0.00677377 0)
(0.788801 0.00671821 0)
(0.785195 0.00667623 0)
(0.781775 0.00664374 0)
(0.778544 0.00661803 0)
(0.775408 0.00659604 0)
(0.772739 0.00657532 0)
(0.768887 0.00654785 0)
(0.901771 0.0949099 0)
(0.916277 0.117324 0)
(0.940019 0.134056 0)
(0.967525 0.148311 0)
(0.993518 0.160309 0)
(1.01588 0.169501 0)
(1.03423 0.175505 0)
(1.0485 0.178141 0)
(1.05877 0.177413 0)
(1.06525 0.173528 0)
(1.06827 0.166869 0)
(1.06821 0.157944 0)
(1.06547 0.147326 0)
(1.06048 0.135598 0)
(1.05364 0.123309 0)
(1.04536 0.110941 0)
(1.03603 0.0988898 0)
(1.02597 0.087459 0)
(1.01548 0.0768591 0)
(1.0048 0.067219 0)
(0.994118 0.0585978 0)
(0.983587 0.0510001 0)
(0.973318 0.0443893 0)
(0.963391 0.0387012 0)
(0.953862 0.0338545 0)
(0.944767 0.0297594 0)
(0.936124 0.0263241 0)
(0.927942 0.0234593 0)
(0.920218 0.0210816 0)
(0.912947 0.0191148 0)
(0.906113 0.0174911 0)
(0.899702 0.0161513 0)
(0.893696 0.0150444 0)
(0.888073 0.0141271 0)
(0.882815 0.0133631 0)
(0.877899 0.0127223 0)
(0.873306 0.01218 0)
(0.869014 0.0117164 0)
(0.865006 0.0113155 0)
(0.86126 0.0109648 0)
(0.85776 0.0106546 0)
(0.854489 0.0103779 0)
(0.851426 0.0101287 0)
(0.84857 0.00990688 0)
(0.845841 0.00969484 0)
(0.843543 0.00955618 0)
(0.84029 0.00917035 0)
(0.353883 0.0671131 0)
(0.420576 0.0721919 0)
(0.487832 0.0842706 0)
(0.551934 0.10032 0)
(0.60882 0.116641 0)
(0.658861 0.131139 0)
(0.703368 0.142623 0)
(0.742982 0.15049 0)
(0.777976 0.154609 0)
(0.808597 0.155178 0)
(0.835091 0.152591 0)
(0.857684 0.147362 0)
(0.876598 0.140058 0)
(0.892078 0.131258 0)
(0.904399 0.121511 0)
(0.913865 0.111304 0)
(0.9208 0.10105 0)
(0.925534 0.0910717 0)
(0.928391 0.0816112 0)
(0.929681 0.0728308 0)
(0.929689 0.0648258 0)
(0.928674 0.0576366 0)
(0.926865 0.0512612 0)
(0.92446 0.0456669 0)
(0.921628 0.0408005 0)
(0.91851 0.0365967 0)
(0.915224 0.0329848 0)
(0.911862 0.0298931 0)
(0.908498 0.0272527 0)
(0.905191 0.0249994 0)
(0.901984 0.0230751 0)
(0.898908 0.021428 0)
(0.895985 0.0200132 0)
(0.893228 0.018792 0)
(0.890647 0.0177316 0)
(0.888244 0.0168043 0)
(0.886018 0.0159874 0)
(0.883966 0.0152621 0)
(0.882082 0.0146132 0)
(0.88036 0.0140284 0)
(0.878793 0.0134981 0)
(0.877371 0.0130155 0)
(0.876085 0.012574 0)
(0.874931 0.0121772 0)
(0.873879 0.0117945 0)
(0.873014 0.0115558 0)
(0.871901 0.0108524 0)
(0.0573952 -0.0312531 0)
(0.101045 -0.0232874 0)
(0.155443 0.00404898 0)
(0.210915 0.0311288 0)
(0.263091 0.0548591 0)
(0.313234 0.0750932 0)
(0.362328 0.0914197 0)
(0.410237 0.103602 0)
(0.456477 0.111781 0)
(0.500583 0.116308 0)
(0.542151 0.117633 0)
(0.580836 0.116262 0)
(0.616375 0.112732 0)
(0.648612 0.107571 0)
(0.677499 0.101275 0)
(0.703091 0.0942855 0)
(0.725526 0.0869725 0)
(0.745005 0.0796356 0)
(0.761774 0.0725032 0)
(0.776104 0.0657385 0)
(0.788278 0.0594483 0)
(0.798574 0.0536924 0)
(0.807259 0.0484938 0)
(0.814577 0.0438478 0)
(0.820754 0.0397302 0)
(0.825985 0.0361044 0)
(0.830443 0.0329263 0)
(0.834275 0.0301489 0)
(0.837604 0.0277254 0)
(0.840533 0.0256107 0)
(0.843148 0.0237631 0)
(0.845516 0.0221449 0)
(0.847694 0.0207225 0)
(0.849724 0.0194667 0)
(0.851641 0.0183524 0)
(0.853471 0.0173581 0)
(0.855237 0.0164658 0)
(0.856953 0.0156603 0)
(0.85863 0.0149292 0)
(0.860279 0.0142624 0)
(0.861906 0.0136519 0)
(0.863514 0.0130918 0)
(0.865111 0.0125763 0)
(0.866686 0.0121112 0)
(0.868296 0.0116614 0)
(0.869686 0.0113857 0)
(0.871895 0.0105576 0)
(-0.00416323 -0.0502317 0)
(-0.0193663 -0.0489623 0)
(-0.0146817 -0.0249661 0)
(0.000800519 -0.00293784 0)
(0.0242691 0.0162555 0)
(0.0550014 0.0328984 0)
(0.0919186 0.0465809 0)
(0.133514 0.0571939 0)
(0.178245 0.0648914 0)
(0.224702 0.0699081 0)
(0.271658 0.0725633 0)
(0.31806 0.0732172 0)
(0.363038 0.0722409 0)
(0.405923 0.0699994 0)
(0.446246 0.0668332 0)
(0.483716 0.0630446 0)
(0.518194 0.058891 0)
(0.549665 0.0545829 0)
(0.578208 0.0502845 0)
(0.603974 0.0461182 0)
(0.627159 0.0421691 0)
(0.647986 0.0384915 0)
(0.666688 0.0351145 0)
(0.683499 0.0320479 0)
(0.698641 0.0292873 0)
(0.712322 0.0268188 0)
(0.724729 0.024622 0)
(0.736031 0.0226732 0)
(0.746377 0.0209473 0)
(0.755894 0.0194192 0)
(0.764694 0.0180652 0)
(0.77287 0.0168631 0)
(0.780503 0.0157928 0)
(0.787661 0.0148365 0)
(0.7944 0.0139785 0)
(0.800769 0.0132054 0)
(0.806807 0.0125055 0)
(0.812549 0.0118689 0)
(0.818025 0.0112876 0)
(0.823258 0.0107547 0)
(0.828271 0.0102647 0)
(0.83308 0.00981364 0)
(0.83771 0.0093975 0)
(0.842146 0.00902114 0)
(0.846533 0.00865752 0)
(0.85027 0.00843458 0)
(0.855909 0.00776504 0)
(-0.0141927 -0.0210841 0)
(-0.0601303 -0.0217807 0)
(-0.0890409 -0.0130032 0)
(-0.101599 -0.00458516 0)
(-0.099746 0.00260074 0)
(-0.0853876 0.00878151 0)
(-0.0604605 0.0139378 0)
(-0.0270429 0.0180452 1.3222e-35)
(0.0127989 0.0211281 0)
(0.0571636 0.0232337 0)
(0.104427 0.0244817 0)
(0.153089 0.0250021 0)
(0.201868 0.0249228 -1.80403e-35)
(0.249739 0.0243688 0)
(0.295924 0.023458 0)
(0.339869 0.0222962 0)
(0.381211 0.0209746 0)
(0.419752 0.0195689 0)
(0.455424 0.0181395 0)
(0.48826 0.0167326 0)
(0.518369 0.0153815 0)
(0.545906 0.0141087 0)
(0.571061 0.0129277 -1.45154e-35)
(0.594036 0.011845 0)
(0.615036 0.0108618 0)
(0.634262 0.00997528 0)
(0.651904 0.0091803 0)
(0.668135 0.00847001 0)
(0.683114 0.00783677 0)
(0.696983 0.00727273 0)
(0.709866 0.00677015 0)
(0.721875 0.00632173 0)
(0.733103 0.00592072 0)
(0.743635 0.00556105 0)
(0.753542 0.00523728 0)
(0.762886 0.00494468 0)
(0.77172 0.00467913 0)
(0.780093 0.00443711 4.85773e-36)
(0.788044 0.00421564 0)
(0.795608 0.00401227 0)
(0.802819 0.00382496 0)
(0.809701 0.00365232 2.7969e-36)
(0.816291 0.00349275 0)
(0.822572 0.00334828 0)
(0.828743 0.00320837 0)
(0.833989 0.00312232 0)
(0.841819 0.00286438 0)
(-0.0141884 0.021047 0)
(-0.0601374 0.0217289 0)
(-0.0890577 0.0129489 0)
(-0.101628 0.00453419 0)
(-0.0997874 -0.0026426 0)
(-0.0854419 -0.00880464 0)
(-0.0605293 -0.0139343 0)
(-0.0271265 -0.0180128 -1.32208e-35)
(0.0127015 -0.0210644 0)
(0.0570575 -0.0231392 0)
(0.10432 -0.0243641 0)
(0.152989 -0.0248711 0)
(0.201779 -0.0247875 1.80428e-35)
(0.249666 -0.0242375 0)
(0.295869 -0.0233376 0)
(0.339831 -0.0221921 0)
(0.381191 -0.0208902 0)
(0.419747 -0.0195061 0)
(0.455433 -0.0180988 0)
(0.488281 -0.0167131 0)
(0.518398 -0.0153815 0)
(0.545942 -0.0141259 0)
(0.5711 -0.0129596 1.45141e-35)
(0.594075 -0.011889 0)
(0.615074 -0.0109152 0)
(0.634297 -0.0100357 0)
(0.651933 -0.00924541 0)
(0.668159 -0.00853779 0)
(0.683132 -0.00790538 0)
(0.696994 -0.00734054 0)
(0.709871 -0.00683575 0)
(0.721872 -0.00638395 0)
(0.733095 -0.00597862 0)
(0.74362 -0.00561391 0)
(0.753522 -0.00528464 0)
(0.762861 -0.00498631 0)
(0.771692 -0.004715 0)
(0.78006 -0.00446741 -4.85789e-36)
(0.788008 -0.00424072 0)
(0.79557 -0.00403261 0)
(0.802779 -0.00384113 0)
(0.80966 -0.00366495 -2.797e-36)
(0.816248 -0.00350253 0)
(0.822529 -0.00335603 0)
(0.828699 -0.00321475 0)
(0.833945 -0.00312847 0)
(0.841773 -0.00287199 0)
(-0.00415685 0.0501922 0)
(-0.0193758 0.0488985 0)
(-0.0147116 0.0249021 0)
(0.000738742 0.00288205 0)
(0.0241745 -0.0162951 0)
(0.0548745 -0.0329154 0)
(0.0917602 -0.0465704 0)
(0.133327 -0.0571555 0)
(0.178035 -0.0648285 0)
(0.224481 -0.069826 0)
(0.271442 -0.0724689 0)
(0.317861 -0.0731178 0)
(0.362865 -0.0721434 0)
(0.405782 -0.0699093 0)
(0.44614 -0.0667544 0)
(0.483645 -0.06298 0)
(0.518156 -0.0588423 0)
(0.549656 -0.0545505 0)
(0.578225 -0.0502683 0)
(0.604011 -0.0461171 0)
(0.627211 -0.0421818 0)
(0.648048 -0.038516 0)
(0.666755 -0.0351488 0)
(0.683565 -0.03209 0)
(0.698703 -0.0293354 0)
(0.712374 -0.026871 0)
(0.72477 -0.0246768 0)
(0.736059 -0.0227291 0)
(0.74639 -0.0210031 0)
(0.755892 -0.0194738 0)
(0.764676 -0.0181176 0)
(0.772837 -0.0169125 0)
(0.780456 -0.0158386 0)
(0.7876 -0.0148783 0)
(0.794327 -0.014016 0)
(0.800684 -0.0132384 0)
(0.806713 -0.012534 0)
(0.812447 -0.0118932 0)
(0.817915 -0.0113078 0)
(0.823143 -0.0107712 0)
(0.82815 -0.010278 0)
(0.832956 -0.00982422 0)
(0.837583 -0.00940583 0)
(0.842017 -0.00902793 0)
(0.846401 -0.00866305 0)
(0.850137 -0.00844009 0)
(0.855774 -0.00777158 0)
(0.0573817 0.0312334 0)
(0.101013 0.0232536 0)
(0.155392 -0.0040884 0)
(0.210836 -0.0311579 0)
(0.262976 -0.0548697 0)
(0.313082 -0.0750825 0)
(0.362144 -0.0913887 0)
(0.41003 -0.103555 0)
(0.456256 -0.111723 0)
(0.500359 -0.116244 0)
(0.541937 -0.117568 0)
(0.580641 -0.116201 0)
(0.616206 -0.112677 0)
(0.648472 -0.107526 0)
(0.67739 -0.101242 0)
(0.703011 -0.0942634 0)
(0.725472 -0.0869618 0)
(0.744973 -0.0796356 0)
(0.761761 -0.0725128 0)
(0.776106 -0.0657565 0)
(0.788289 -0.0594733 0)
(0.798591 -0.053723 0)
(0.807275 -0.0485287 0)
(0.814591 -0.0438857 0)
(0.82076 -0.03977 0)
(0.82598 -0.036145 0)
(0.830426 -0.0329669 0)
(0.834242 -0.0301889 0)
(0.837555 -0.0277641 0)
(0.840468 -0.0256476 0)
(0.843066 -0.0237978 0)
(0.845418 -0.0221771 0)
(0.84758 -0.0207521 0)
(0.849595 -0.0194935 0)
(0.851499 -0.0183764 0)
(0.853317 -0.0173792 0)
(0.855072 -0.0164841 0)
(0.856779 -0.0156759 0)
(0.858449 -0.0149424 0)
(0.860091 -0.0142734 0)
(0.861712 -0.0136609 0)
(0.863316 -0.0130991 0)
(0.864909 -0.0125822 0)
(0.866481 -0.012116 0)
(0.868089 -0.0116657 0)
(0.869477 -0.0113896 0)
(0.871683 -0.0105621 0)
(0.353786 -0.0670905 0)
(0.420461 -0.0721699 0)
(0.487699 -0.0842534 0)
(0.55179 -0.100308 0)
(0.608662 -0.116628 0)
(0.658689 -0.131114 0)
(0.703184 -0.142586 0)
(0.742788 -0.150444 0)
(0.77778 -0.154561 0)
(0.808405 -0.155131 0)
(0.83491 -0.152549 0)
(0.857519 -0.147326 0)
(0.876452 -0.140031 0)
(0.891951 -0.131241 0)
(0.90429 -0.121504 0)
(0.913771 -0.111308 0)
(0.920719 -0.101062 0)
(0.925463 -0.0910907 0)
(0.928326 -0.0816354 0)
(0.92962 -0.0728587 0)
(0.929628 -0.064856 0)
(0.928612 -0.057668 0)
(0.926798 -0.0512928 0)
(0.924387 -0.0456981 0)
(0.921547 -0.0408307 0)
(0.918419 -0.0366256 0)
(0.915121 -0.033012 0)
(0.911747 -0.0299185 0)
(0.90837 -0.0272761 0)
(0.90505 -0.0250207 0)
(0.90183 -0.0230943 0)
(0.898741 -0.0214452 0)
(0.895806 -0.0200285 0)
(0.893038 -0.0188056 0)
(0.890447 -0.0177434 0)
(0.888034 -0.0168147 0)
(0.885799 -0.0159964 0)
(0.88374 -0.0152699 0)
(0.88185 -0.0146197 0)
(0.880123 -0.0140339 0)
(0.878551 -0.0135028 0)
(0.877126 -0.0130194 0)
(0.875837 -0.0125773 0)
(0.87468 -0.01218 0)
(0.873626 -0.0117968 0)
(0.872759 -0.0115579 0)
(0.871643 -0.0108546 0)
(0.901612 -0.094868 0)
(0.916111 -0.117291 0)
(0.939845 -0.134027 0)
(0.967347 -0.148283 0)
(0.993343 -0.160282 0)
(1.01571 -0.169472 0)
(1.03406 -0.175473 0)
(1.04834 -0.178109 0)
(1.05861 -0.177384 0)
(1.06509 -0.173502 0)
(1.06812 -0.166846 0)
(1.06807 -0.157927 0)
(1.06534 -0.147315 0)
(1.06036 -0.135594 0)
(1.05352 -0.123313 0)
(1.04525 -0.110952 0)
(1.03592 -0.0989079 0)
(1.02586 -0.0874818 0)
(1.01537 -0.0768848 0)
(1.00469 -0.067246 0)
(0.994001 -0.0586249 0)
(0.983464 -0.0510262 0)
(0.973188 -0.0444139 0)
(0.963254 -0.038724 0)
(0.953717 -0.0338752 0)
(0.944614 -0.029778 0)
(0.935962 -0.0263405 0)
(0.927772 -0.0234736 0)
(0.92004 -0.0210937 0)
(0.91276 -0.019125 0)
(0.905919 -0.0174996 0)
(0.8995 -0.0161583 0)
(0.893486 -0.0150501 0)
(0.887857 -0.0141317 0)
(0.882593 -0.0133669 0)
(0.877671 -0.0127254 0)
(0.873073 -0.0121827 0)
(0.868777 -0.0117187 0)
(0.864765 -0.0113175 0)
(0.861016 -0.0109665 0)
(0.857513 -0.0106561 0)
(0.85424 -0.0103792 0)
(0.851175 -0.0101299 0)
(0.848318 -0.00990787 0)
(0.845587 -0.00969575 0)
(0.843287 -0.00955655 0)
(0.840032 -0.00917079 0)
(1.30391 -0.0757143 0)
(1.28927 -0.108686 0)
(1.27876 -0.132425 0)
(1.27078 -0.150009 0)
(1.26287 -0.162666 0)
(1.25342 -0.170789 0)
(1.2417 -0.174692 0)
(1.22741 -0.174714 0)
(1.21054 -0.171224 0)
(1.19128 -0.164669 0)
(1.17005 -0.155599 0)
(1.14733 -0.144631 0)
(1.12369 -0.1324 0)
(1.09967 -0.11951 0)
(1.07576 -0.106496 0)
(1.0524 -0.0937987 0)
(1.0299 -0.0817594 0)
(1.00854 -0.0706158 0)
(0.988446 -0.0605147 0)
(0.969719 -0.0515248 0)
(0.952373 -0.0436534 0)
(0.936383 -0.0368617 0)
(0.921688 -0.0310798 0)
(0.908209 -0.026218 0)
(0.895856 -0.0221774 0)
(0.884532 -0.0188559 0)
(0.874145 -0.0161548 0)
(0.864604 -0.0139808 0)
(0.855826 -0.0122492 0)
(0.847734 -0.0108842 0)
(0.840259 -0.00981963 0)
(0.833339 -0.00899801 0)
(0.826917 -0.00837095 0)
(0.820945 -0.00789741 0)
(0.815379 -0.00754377 0)
(0.810179 -0.00728213 0)
(0.805311 -0.00709032 0)
(0.800744 -0.00695031 0)
(0.796451 -0.00684835 0)
(0.792408 -0.00677356 0)
(0.788592 -0.00671816 0)
(0.784985 -0.00667621 0)
(0.781564 -0.00664384 0)
(0.778332 -0.00661806 0)
(0.775196 -0.0065961 0)
(0.772526 -0.00657488 0)
(0.768673 -0.00654738 0)
(1.38949 -0.0647821 0)
(1.37673 -0.0950457 0)
(1.35981 -0.117147 0)
(1.33939 -0.13284 0)
(1.31521 -0.143166 0)
(1.28707 -0.148684 0)
(1.25519 -0.149882 0)
(1.22015 -0.147299 0)
(1.18267 -0.141529 0)
(1.14364 -0.133212 0)
(1.10399 -0.123022 0)
(1.06464 -0.111627 0)
(1.02641 -0.0996469 0)
(0.989968 -0.0876136 0)
(0.955817 -0.0759546 0)
(0.924288 -0.0649866 0)
(0.895552 -0.0549223 0)
(0.869645 -0.0458838 0)
(0.846493 -0.0379189 0)
(0.825948 -0.0310197 0)
(0.807808 -0.0251374 0)
(0.791844 -0.020197 0)
(0.77782 -0.016108 0)
(0.765502 -0.0127732 0)
(0.754667 -0.010095 0)
(0.745112 -0.00797943 0)
(0.736655 -0.00633885 0)
(0.729132 -0.00509393 0)
(0.722404 -0.00417394 0)
(0.716348 -0.00351725 0)
(0.710861 -0.00307056 0)
(0.705855 -0.00278877 0)
(0.701254 -0.00263385 0)
(0.696999 -0.00257453 0)
(0.693035 -0.00258506 0)
(0.68932 -0.00264493 0)
(0.685818 -0.00273771 0)
(0.682499 -0.00285087 0)
(0.67934 -0.00297473 0)
(0.676318 -0.0031024 0)
(0.673419 -0.00322893 0)
(0.670627 -0.00335121 0)
(0.667929 -0.00346786 0)
(0.66533 -0.00357588 0)
(0.662758 -0.0036837 0)
(0.660529 -0.00375177 0)
(0.657256 -0.00398587 0)
(1.27317 -0.0605956 0)
(1.26072 -0.0820777 0)
(1.23819 -0.0969183 0)
(1.20725 -0.106065 0)
(1.16924 -0.110438 0)
(1.12553 -0.11078 0)
(1.07769 -0.107781 0)
(1.02741 -0.102158 0)
(0.976306 -0.0946188 0)
(0.925853 -0.0858264 0)
(0.877297 -0.0763717 0)
(0.83162 -0.0667574 0)
(0.789521 -0.0573827 0)
(0.751417 -0.0485407 0)
(0.717484 -0.0404241 0)
(0.687696 -0.0331412 0)
(0.661875 -0.0267337 0)
(0.639739 -0.0211948 0)
(0.620946 -0.0164836 0)
(0.60512 -0.012539 0)
(0.591883 -0.00928748 0)
(0.580873 -0.00665129 0)
(0.57175 -0.00455208 0)
(0.564207 -0.00291502 0)
(0.557972 -0.00166958 0)
(0.552805 -0.000752182 0)
(0.548502 -0.00010562 0)
(0.544891 0.000320404 0)
(0.541826 0.000570376 0)
(0.539187 0.00068226 0)
(0.536873 0.000688655 0)
(0.534805 0.000616458 0)
(0.532917 0.000488207 0)
(0.531158 0.000321853 0)
(0.529489 0.000132068 0)
(0.527878 -7.00113e-05 0)
(0.526303 -0.000275551 0)
(0.524746 -0.000478396 0)
(0.523196 -0.000673933 0)
(0.521644 -0.000859447 0)
(0.520084 -0.00103317 0)
(0.518514 -0.00119463 0)
(0.51693 -0.00134454 0)
(0.515343 -0.00148214 0)
(0.513711 -0.0016201 0)
(0.51225 -0.00171857 0)
(0.51003 -0.00205686 0)
(0.999886 -0.0519288 0)
(0.970553 -0.0605936 0)
(0.930709 -0.0645135 0)
(0.883496 -0.0647021 0)
(0.831689 -0.0622146 0)
(0.777695 -0.0579101 0)
(0.723618 -0.0524728 0)
(0.671211 -0.0464655 0)
(0.621823 -0.0403311 0)
(0.576393 -0.0343851 0)
(0.535491 -0.0288309 0)
(0.499368 -0.0237836 0)
(0.46802 -0.0192945 0)
(0.44125 -0.0153692 0)
(0.418735 -0.0119857 0)
(0.400074 -0.00910624 0)
(0.384833 -0.00668674 0)
(0.372572 -0.00468025 0)
(0.362866 -0.00304078 0)
(0.355321 -0.00172343 0)
(0.349574 -0.000686427 0)
(0.345305 0.000109405 0)
(0.34223 0.000700247 0)
(0.340102 0.00111952 0)
(0.338711 0.00139668 0)
(0.337879 0.00155821 0)
(0.337457 0.00162635 0)
(0.337321 0.00162098 0)
(0.337372 0.00155924 0)
(0.337531 0.00145632 0)
(0.337735 0.00132462 0)
(0.337939 0.0011747 0)
(0.338107 0.00101469 0)
(0.338215 0.000851319 0)
(0.338247 0.000689332 0)
(0.338192 0.000532563 0)
(0.338045 0.000383345 0)
(0.337806 0.000243488 0)
(0.337476 0.000113585 0)
(0.337057 -6.01241e-06 0)
(0.336556 -0.000115785 0)
(0.335977 -0.000216105 0)
(0.335324 -0.000308863 0)
(0.33461 -0.000394233 0)
(0.333819 -0.000485321 0)
(0.333054 -0.000557533 0)
(0.331806 -0.000854744 0)
(0.455496 -0.0178099 0)
(0.419281 -0.0162775 0)
(0.381358 -0.0139334 0)
(0.344092 -0.0113673 0)
(0.308982 -0.00896626 0)
(0.276857 -0.00688558 0)
(0.248134 -0.00515432 0)
(0.222951 -0.00376061 0)
(0.201242 -0.00267292 0)
(0.182803 -0.00184311 0)
(0.167357 -0.00121613 0)
(0.154601 -0.000741241 0)
(0.144227 -0.000377318 0)
(0.135939 -9.42819e-05 0)
(0.129459 0.000128153 0)
(0.12453 0.000302468 0)
(0.120915 0.000436362 0)
(0.118399 0.000534921 0)
(0.116789 0.000602468 0)
(0.115912 0.000643088 0)
(0.115616 0.000661065 0)
(0.115768 0.000660934 0)
(0.116254 0.000646432 0)
(0.116979 0.000620897 0)
(0.117862 0.00058726 0)
(0.118837 0.000547985 0)
(0.119851 0.000505254 0)
(0.120862 0.000460596 0)
(0.121839 0.0004153 0)
(0.122755 0.000370382 0)
(0.123596 0.000326761 0)
(0.124349 0.000285078 0)
(0.125009 0.000245871 0)
(0.125574 0.000209422 0)
(0.126044 0.000175947 0)
(0.126423 0.000145452 0)
(0.126715 0.000117911 0)
(0.126924 9.31442e-05 0)
(0.127058 7.09872e-05 0)
(0.127121 5.11357e-05 0)
(0.12712 3.33385e-05 0)
(0.127061 1.73238e-05 0)
(0.126947 2.12492e-06 0)
(0.126785 -1.2493e-05 0)
(0.126573 -2.82203e-05 0)
(0.126321 -4.38572e-05 0)
(0.125812 -0.0001845 0)
)
;

boundaryField
{
    inlet
    {
        type            fixedProfile;
        profile         csvFile;
        profileCoeffs
        {
            nHeaderLine     0;
            refColumn       0;
            componentColumns 3(1 2 3);
            separator       ",";
            mergeSeparators 0;
            file            "0/Uprofile.csv";
        }
        direction       (0 1 0);
        origin          -1;
        value           nonuniform List<vector> 
20
(
(0.0975 0 0)
(0.2775 0 0)
(0.4375 0 0)
(0.5775 0 0)
(0.6975 0 0)
(0.7975 0 0)
(0.8775 0 0)
(0.9375 0 0)
(0.9775 0 0)
(0.9975 0 0)
(0.9975 0 0)
(0.9775 0 0)
(0.9375 0 0)
(0.8775 0 0)
(0.7975 0 0)
(0.6975 0 0)
(0.5775 0 0)
(0.4375 0 0)
(0.2775 0 0)
(0.0975 0 0)
)
;
    }
    outlet
    {
        type            zeroGradient;
    }
    upperWall
    {
        type            noSlip;
    }
    lowerWall
    {
        type            noSlip;
    }
    frontAndBack
    {
        type            empty;
    }
}


// ************************************************************************* //
