/*--------------------------------*- C++ -*----------------------------------*\
| =========                 |                                                 |
| \\      /  F ield         | OpenFOAM: The Open Source CFD Toolbox           |
|  \\    /   O peration     | Version:  2406                                  |
|   \\  /    A nd           | Website:  www.openfoam.com                      |
|    \\/     M anipulation  |                                                 |
\*---------------------------------------------------------------------------*/
FoamFile
{
    version     2.0;
    format      ascii;
    arch        "LSB;label=32;scalar=64";
    class       surfaceScalarField;
    location    "82";
    object      phi;
}
// * * * * * * * * * * * * * * * * * * * * * * * * * * * * * * * * * * * * * //

dimensions      [0 3 -1 0 0 0 0];

oriented        oriented;

internalField   nonuniform List<scalar> 
3880
(
0.0197291
-0.000229112
0.0199617
-0.000232612
0.0201145
-0.000152736
0.0202168
-0.000102314
0.0202914
-7.4636e-05
0.0203466
-5.51274e-05
0.0203871
-4.05556e-05
0.0204177
-3.05912e-05
0.0204417
-2.40034e-05
-1.94209e-05
0.0204611
0.0554042
-0.000133306
0.0554092
-0.000237602
0.0554733
-0.00021681
0.0555485
-0.000177575
0.0556218
-0.000147843
0.0556891
-0.000122444
0.0557482
-9.96736e-05
0.0557988
-8.11695e-05
0.0558419
-6.7073e-05
-5.62619e-05
0.0558787
0.087439
-7.23092e-05
0.0873695
-0.000168079
0.0873397
-0.000187036
0.0873382
-0.000176088
0.087353
-0.000162569
0.0873781
-0.000147612
0.0874089
-0.000130422
0.0874412
-0.00011351
0.0874729
-9.87214e-05
-8.61926e-05
0.0875028
0.115471
-4.2976e-05
0.115414
-0.000111746
0.115368
-0.000140771
0.115337
-0.000145136
0.115317
-0.000142903
0.115307
-0.000137561
0.115306
-0.000128518
0.115309
-0.000117452
0.115317
-0.000106411
-9.61903e-05
0.115327
0.139484
-2.73112e-05
0.139448
-7.52754e-05
0.13941
-0.000102511
0.139377
-0.000112379
0.139349
-0.000115194
0.139326
-0.000114695
0.139309
-0.000110806
0.139296
-0.000104433
0.139286
-9.71726e-05
-8.99284e-05
0.13928
0.159491
-1.80267e-05
0.159467
-5.12968e-05
0.159438
-7.3271e-05
0.159409
-8.38361e-05
0.159382
-8.84291e-05
0.159357
-8.99467e-05
0.159335
-8.86741e-05
0.159316
-8.51557e-05
0.159299
-8.05182e-05
-7.55608e-05
0.159285
0.175494
-1.18655e-05
0.175477
-3.43016e-05
0.175454
-5.04287e-05
0.17543
-5.94246e-05
0.175405
-6.40198e-05
0.175381
-6.6094e-05
0.175359
-6.60189e-05
0.175338
-6.41638e-05
0.175318
-6.12798e-05
-5.79803e-05
0.175301
0.187495
-7.27105e-06
0.187482
-2.11829e-05
0.187464
-3.16728e-05
0.187442
-3.80356e-05
0.18742
-4.15816e-05
0.187397
-4.33725e-05
0.187375
-4.36961e-05
0.187353
-4.27968e-05
0.187333
-4.11356e-05
-3.91184e-05
0.187314
0.195496
-3.46737e-06
0.195485
-1.01373e-05
0.195469
-1.52922e-05
0.195449
-1.85583e-05
0.195428
-2.04627e-05
0.195406
-2.1474e-05
0.195384
-2.17415e-05
0.195363
-2.13889e-05
0.195342
-2.06352e-05
-1.96795e-05
0.195323
0.199497
4.41541e-10
0.199486
8.66995e-10
0.199471
8.76009e-10
0.199453
1.66984e-09
0.199432
2.67264e-09
0.199411
2.26162e-09
0.199389
1.10173e-09
0.199367
1.12028e-09
0.199347
2.4723e-09
3.23419e-09
0.199327
0.199497
3.4675e-06
0.199486
1.01378e-05
0.199471
1.52953e-05
0.199453
1.85629e-05
0.199432
2.04664e-05
0.199411
2.14769e-05
0.199389
2.17449e-05
0.199367
2.13932e-05
0.199347
2.06401e-05
1.9684e-05
0.199327
0.195496
7.27202e-06
0.195485
2.11846e-05
0.195469
3.16748e-05
0.195449
3.80389e-05
0.195428
4.15862e-05
0.195406
4.33765e-05
0.195384
4.36988e-05
0.195363
4.27995e-05
0.195342
4.11401e-05
3.91237e-05
0.195323
0.187495
1.18659e-05
0.187482
3.43026e-05
0.187464
5.04315e-05
0.187442
5.94279e-05
0.18742
6.40231e-05
0.187397
6.60977e-05
0.187375
6.6023e-05
0.187353
6.41678e-05
0.187333
6.12834e-05
5.79832e-05
0.187314
0.175494
1.80275e-05
0.175477
5.12981e-05
0.175454
7.32729e-05
0.17543
8.38389e-05
0.175405
8.84327e-05
0.175381
8.9951e-05
0.175359
8.86783e-05
0.175338
8.51592e-05
0.175318
8.0521e-05
7.55631e-05
0.175301
0.159491
2.73119e-05
0.159467
7.52768e-05
0.159438
0.000102513
0.159409
0.000112381
0.159382
0.000115197
0.159357
0.0001147
0.159335
0.00011081
0.159316
0.000104436
0.159299
9.71745e-05
8.99299e-05
0.159285
0.139484
4.29765e-05
0.139448
0.000111747
0.13941
0.000140773
0.139377
0.000145138
0.139349
0.000142906
0.139326
0.000137565
0.139309
0.000128523
0.139296
0.000117456
0.139286
0.000106413
9.61913e-05
0.13928
0.115471
7.23101e-05
0.115414
0.000168081
0.115368
0.000187037
0.115337
0.00017609
0.115317
0.000162572
0.115307
0.000147616
0.115306
0.000130426
0.115309
0.000113513
0.115317
9.87229e-05
8.61948e-05
0.115327
0.087439
0.000133306
0.0873695
0.000237603
0.0873397
0.000216813
0.0873382
0.000177577
0.087353
0.000147845
0.0873781
0.000122448
0.0874089
9.96787e-05
0.0874412
8.11735e-05
0.0874729
6.70744e-05
5.62628e-05
0.0875028
0.0554042
0.000229112
0.0554092
0.000232613
0.0554733
0.000152735
0.0555485
0.000102315
0.0556218
7.46384e-05
0.0556891
5.51311e-05
0.0557482
4.05586e-05
0.0557988
3.05925e-05
0.0558418
2.40042e-05
1.94229e-05
0.0558787
0.0197291
0.0199617
0.0201145
0.0202168
0.0202914
0.0203465
0.0203871
0.0204177
0.0204417
0.0204611
0.0204772
-1.60287e-05
0.0204906
-1.34438e-05
0.0205021
-1.14516e-05
0.0205119
-9.89324e-06
0.0205206
-8.64726e-06
0.0205282
-7.62734e-06
0.020535
-6.77782e-06
0.0205411
-6.06467e-06
0.0205465
-5.46522e-06
0.0205515
-4.96072e-06
0.020556
-4.53327e-06
0.0205602
-4.16611e-06
0.020564
-3.84546e-06
0.0205676
-3.56126e-06
0.0205709
-3.30705e-06
0.020574
-3.07899e-06
0.0205769
-2.87462e-06
0.0205795
-2.69192e-06
0.0205821
-2.52876e-06
0.0205845
-2.38267e-06
0.0205867
-2.25106e-06
0.0205888
-2.13135e-06
0.0205909
-2.02129e-06
0.0205928
-1.91914e-06
0.0205946
-1.8237e-06
0.0205963
-1.73423e-06
0.020598
-1.6504e-06
0.0205996
-1.57202e-06
0.0206011
-1.49901e-06
0.0206025
-1.43118e-06
0.0206039
-1.36824e-06
0.0206052
-1.30978e-06
0.0206064
-1.25531e-06
0.0206076
-1.20431e-06
-1.15628e-06
0.0206088
0.0559104
-4.77214e-05
0.0559378
-4.08744e-05
0.0559617
-3.53695e-05
0.0559828
-3.09209e-05
0.0560014
-2.72796e-05
0.056018
-2.42486e-05
0.0560329
-2.16903e-05
0.0560464
-1.9516e-05
0.0560586
-1.76656e-05
0.0560697
-1.609e-05
0.0560799
-1.4742e-05
0.0560893
-1.35771e-05
0.056098
-1.2557e-05
0.0561061
-1.16523e-05
0.0561137
-1.08427e-05
0.0561207
-1.01151e-05
0.0561273
-9.46075e-06
0.0561335
-8.87275e-06
0.0561393
-8.34453e-06
0.0561448
-7.86911e-06
0.05615
-7.43918e-06
0.0561549
-7.04765e-06
0.0561595
-6.68807e-06
0.056164
-6.35519e-06
0.0561682
-6.04506e-06
0.0561722
-5.75497e-06
0.056176
-5.48329e-06
0.0561797
-5.22897e-06
0.0561832
-4.9913e-06
0.0561865
-4.76954e-06
0.0561897
-4.56282e-06
0.0561928
-4.37e-06
0.0561957
-4.18978e-06
0.0561985
-4.02076e-06
-3.86157e-06
0.0562012
0.0875306
-7.55098e-05
0.0875561
-6.63928e-05
0.0875794
-5.86772e-05
0.0876007
-5.21833e-05
0.0876201
-4.66966e-05
0.0876379
-4.20111e-05
0.0876542
-3.79687e-05
0.0876691
-3.4465e-05
0.0876829
-3.14311e-05
0.0876956
-2.88096e-05
0.0877074
-2.65404e-05
0.0877184
-2.45611e-05
0.0877286
-2.28144e-05
0.0877382
-2.12544e-05
0.0877472
-1.98492e-05
0.0877557
-1.85784e-05
0.0877637
-1.74287e-05
0.0877712
-1.63899e-05
0.0877783
-1.54518e-05
0.087785
-1.46033e-05
0.0877914
-1.38325e-05
0.0877975
-1.31277e-05
0.0878033
-1.24785e-05
0.0878088
-1.18762e-05
0.0878141
-1.13143e-05
0.0878191
-1.07881e-05
0.0878239
-1.02948e-05
0.0878285
-9.83238e-06
0.0878329
-9.39919e-06
0.0878372
-8.99378e-06
0.0878412
-8.61445e-06
0.0878451
-8.25925e-06
0.0878488
-7.92604e-06
0.0878524
-7.6126e-06
-7.31679e-06
0.0878559
0.115338
-8.68403e-05
0.11535
-7.83609e-05
0.115363
-7.08125e-05
0.115375
-6.41982e-05
0.115386
-5.84238e-05
0.115398
-5.3349e-05
0.115409
-4.88522e-05
0.115419
-4.48578e-05
0.115429
-4.13247e-05
0.115438
-3.82183e-05
0.115447
-3.54921e-05
0.115456
-3.30863e-05
0.115464
-3.09397e-05
0.115472
-2.90011e-05
0.115479
-2.72348e-05
0.115486
-2.56199e-05
0.115493
-2.41448e-05
0.115499
-2.28011e-05
0.115505
-2.15794e-05
0.115511
-2.04678e-05
0.115517
-1.94526e-05
0.115522
-1.85192e-05
0.115527
-1.76544e-05
0.115532
-1.68476e-05
0.115537
-1.60908e-05
0.115542
-1.53789e-05
0.115546
-1.47089e-05
0.11555
-1.40785e-05
0.115554
-1.34862e-05
0.115558
-1.29301e-05
0.115562
-1.2408e-05
0.115566
-1.19172e-05
0.115569
-1.1455e-05
0.115573
-1.10184e-05
-1.06048e-05
0.115576
0.139276
-8.29388e-05
0.139274
-7.63072e-05
0.139273
-7.01767e-05
0.139274
-6.46445e-05
0.139275
-5.97004e-05
0.139277
-5.52621e-05
0.13928
-5.1244e-05
0.139282
-4.75982e-05
0.139285
-4.4311e-05
0.139288
-4.13756e-05
0.139292
-3.87684e-05
0.139295
-3.64448e-05
0.139298
-3.43504e-05
0.139302
-3.24366e-05
0.139305
-3.06699e-05
0.139309
-2.9033e-05
0.139312
-2.75195e-05
0.139315
-2.61268e-05
0.139319
-2.48504e-05
0.139322
-2.36816e-05
0.139325
-2.26075e-05
0.139328
-2.16137e-05
0.139331
-2.06864e-05
0.139334
-1.98144e-05
0.139337
-1.89898e-05
0.13934
-1.82081e-05
0.139343
-1.74672e-05
0.139345
-1.67662e-05
0.139348
-1.61042e-05
0.13935
-1.54801e-05
0.139353
-1.48918e-05
0.139355
-1.43366e-05
0.139358
-1.38115e-05
0.13936
-1.33131e-05
-1.28385e-05
0.139362
0.159273
-7.05764e-05
0.159262
-6.56965e-05
0.159253
-6.10748e-05
0.159245
-5.68362e-05
0.159238
-5.30092e-05
0.159233
-4.95427e-05
0.159228
-4.63692e-05
0.159224
-4.34522e-05
0.15922
-4.07904e-05
0.159217
-3.83927e-05
0.159215
-3.62521e-05
0.159213
-3.43377e-05
0.159211
-3.26041e-05
0.159209
-3.10074e-05
0.159208
-2.9517e-05
0.159207
-2.8119e-05
0.159207
-2.68115e-05
0.159206
-2.55968e-05
0.159206
-2.44756e-05
0.159205
-2.34431e-05
0.159205
-2.24895e-05
0.159205
-2.16021e-05
0.159205
-2.07681e-05
0.159206
-1.99771e-05
0.159206
-1.92221e-05
0.159206
-1.84997e-05
0.159206
-1.78091e-05
0.159207
-1.71505e-05
0.159207
-1.65248e-05
0.159208
-1.59317e-05
0.159208
-1.537e-05
0.159209
-1.48376e-05
0.159209
-1.43316e-05
0.15921
-1.38489e-05
-1.33867e-05
0.15921
0.175285
-5.45406e-05
0.17527
-5.10926e-05
0.175257
-4.7772e-05
0.175245
-4.4697e-05
0.175234
-4.19098e-05
0.175224
-3.93814e-05
0.175214
-3.70604e-05
0.175206
-3.49169e-05
0.175198
-3.29517e-05
0.175191
-3.11776e-05
0.175184
-2.95957e-05
0.175178
-2.81856e-05
0.175172
-2.69115e-05
0.175167
-2.57363e-05
0.175162
-2.46332e-05
0.175157
-2.359e-05
0.175153
-2.26064e-05
0.175149
-2.16865e-05
0.175146
-2.08337e-05
0.175142
-2.00462e-05
0.175139
-1.9317e-05
0.175136
-1.8636e-05
0.175133
-1.79925e-05
0.175131
-1.73776e-05
0.175128
-1.67857e-05
0.175126
-1.62142e-05
0.175124
-1.56629e-05
0.175122
-1.51332e-05
0.17512
-1.46264e-05
0.175118
-1.41433e-05
0.175117
-1.36835e-05
0.175115
-1.32457e-05
0.175113
-1.28276e-05
0.175112
-1.24269e-05
-1.2041e-05
0.175111
0.187297
-3.69494e-05
0.18728
-3.47322e-05
0.187265
-3.25681e-05
0.187251
-3.05486e-05
0.187238
-2.87142e-05
0.187225
-2.70515e-05
0.187214
-2.55258e-05
0.187203
-2.4115e-05
0.187193
-2.28195e-05
0.187183
-2.16504e-05
0.187174
-2.06119e-05
0.187166
-1.96919e-05
0.187158
-1.8866e-05
0.18715
-1.81069e-05
0.187143
-1.7394e-05
0.187136
-1.67176e-05
0.18713
-1.60771e-05
0.187123
-1.54763e-05
0.187118
-1.49185e-05
0.187112
-1.44035e-05
0.187107
-1.39268e-05
0.187101
-1.34812e-05
0.187096
-1.30591e-05
0.187092
-1.26537e-05
0.187087
-1.22609e-05
0.187083
-1.18789e-05
0.187079
-1.15078e-05
0.187075
-1.11489e-05
0.187071
-1.08035e-05
0.187067
-1.04725e-05
0.187064
-1.01561e-05
0.18706
-9.85362e-06
0.187057
-9.5636e-06
0.187054
-9.28437e-06
-9.01425e-06
0.187051
0.195305
-1.86297e-05
0.195287
-1.75429e-05
0.195271
-1.64728e-05
0.195256
-1.54685e-05
0.195242
-1.45539e-05
0.195229
-1.37249e-05
0.195216
-1.2965e-05
0.195204
-1.22627e-05
0.195193
-1.16177e-05
0.195183
-1.10357e-05
0.195172
-1.05196e-05
0.195163
-1.00642e-05
0.195154
-9.65758e-06
0.195145
-9.28557e-06
0.195136
-8.93708e-06
0.195128
-8.60649e-06
0.19512
-8.29319e-06
0.195113
-7.99903e-06
0.195106
-7.72592e-06
0.195099
-7.4739e-06
0.195092
-7.24081e-06
0.195086
-7.02304e-06
0.19508
-6.81645e-06
0.195073
-6.61763e-06
0.195068
-6.4243e-06
0.195062
-6.2355e-06
0.195057
-6.05135e-06
0.195051
-5.87245e-06
0.195046
-5.69961e-06
0.195041
-5.53333e-06
0.195036
-5.37378e-06
0.195032
-5.22064e-06
0.195027
-5.07328e-06
0.195023
-4.93087e-06
-4.79255e-06
0.195019
0.199309
1.9056e-09
0.199291
-6.17598e-10
0.199275
-1.83581e-09
0.199259
-3.9713e-10
0.199245
2.46416e-09
0.199231
4.40195e-09
0.199218
4.09524e-09
0.199206
2.13755e-09
0.199194
3.1394e-10
0.199183
-3.77888e-11
0.199172
1.24341e-09
0.199162
3.41093e-09
0.199153
5.4543e-09
0.199143
6.72973e-09
0.199134
7.08272e-09
0.199126
6.82908e-09
0.199117
6.4741e-09
0.199109
6.39264e-09
0.199102
6.82997e-09
0.199094
7.77269e-09
0.199087
9.07681e-09
0.19908
1.05734e-08
0.199073
1.20822e-08
0.199067
1.35173e-08
0.19906
1.48345e-08
0.199054
1.60543e-08
0.199048
1.72454e-08
0.199042
1.84774e-08
0.199036
1.9845e-08
0.199031
2.14066e-08
0.199025
2.32127e-08
0.19902
2.52831e-08
0.199015
2.7612e-08
0.19901
3.01847e-08
3.29659e-08
0.199005
0.199309
1.86322e-05
0.199291
1.75425e-05
0.199275
1.64711e-05
0.199259
1.54689e-05
0.199245
1.45582e-05
0.199231
1.37319e-05
0.199218
1.29717e-05
0.199206
1.22668e-05
0.199194
1.16192e-05
0.199183
1.10369e-05
0.199172
1.05229e-05
0.199162
1.00712e-05
0.199153
9.66789e-06
0.199143
9.29804e-06
0.199134
8.95034e-06
0.199126
8.61967e-06
0.199117
8.3061e-06
0.199109
8.01218e-06
0.199102
7.74004e-06
0.199094
7.48977e-06
0.199087
7.25903e-06
0.19908
7.0439e-06
0.199073
6.84007e-06
0.199067
6.64393e-06
0.19906
6.45317e-06
0.199054
6.26685e-06
0.199048
6.08515e-06
0.199042
5.90883e-06
0.199036
5.73878e-06
0.199031
5.57564e-06
0.199025
5.41964e-06
0.19902
5.27053e-06
0.199015
5.12767e-06
0.19901
4.99022e-06
4.85726e-06
0.199005
0.195305
3.69526e-05
0.195287
3.47319e-05
0.195271
3.25663e-05
0.195256
3.0549e-05
0.195242
2.87184e-05
0.195229
2.70578e-05
0.195216
2.55313e-05
0.195204
2.41182e-05
0.195193
2.28212e-05
0.195183
2.16527e-05
0.195173
2.06165e-05
0.195163
1.96994e-05
0.195154
1.88757e-05
0.195145
1.8118e-05
0.195136
1.74056e-05
0.195128
1.67295e-05
0.19512
1.60895e-05
0.195113
1.54896e-05
0.195106
1.49332e-05
0.195099
1.44198e-05
0.195092
1.39451e-05
0.195086
1.35015e-05
0.19508
1.30815e-05
0.195073
1.26782e-05
0.195068
1.22877e-05
0.195062
1.19081e-05
0.195057
1.15395e-05
0.195051
1.11833e-05
0.195046
1.08409e-05
0.195041
1.05131e-05
0.195036
1.02002e-05
0.195032
9.90145e-06
0.195027
9.61553e-06
0.195023
9.34075e-06
9.07542e-06
0.195019
0.187297
5.45427e-05
0.18728
5.10939e-05
0.187265
4.77733e-05
0.187251
4.4699e-05
0.187238
4.19127e-05
0.187225
3.93845e-05
0.187214
3.70631e-05
0.187203
3.49195e-05
0.187193
3.29551e-05
0.187183
3.11824e-05
0.187175
2.9602e-05
0.187166
2.8193e-05
0.187158
2.69195e-05
0.18715
2.57447e-05
0.187143
2.46423e-05
0.187136
2.36004e-05
0.18713
2.26183e-05
0.187123
2.17002e-05
0.187118
2.0849e-05
0.187112
2.00628e-05
0.187107
1.93348e-05
0.187101
1.8655e-05
0.187096
1.80128e-05
0.187092
1.73995e-05
0.187087
1.68095e-05
0.187083
1.62402e-05
0.187079
1.56916e-05
0.187075
1.51647e-05
0.187071
1.46609e-05
0.187067
1.41809e-05
0.187064
1.37243e-05
0.18706
1.32898e-05
0.187057
1.28753e-05
0.187054
1.24783e-05
1.20964e-05
0.187051
0.175285
7.05784e-05
0.17527
6.56987e-05
0.175257
6.10776e-05
0.175245
5.68391e-05
0.175234
5.30112e-05
0.175224
4.95434e-05
0.175214
4.63698e-05
0.175206
4.34545e-05
0.175198
4.07952e-05
0.175191
3.83995e-05
0.175184
3.62595e-05
0.175178
3.43444e-05
0.175172
3.26099e-05
0.175167
3.10131e-05
0.175162
2.95238e-05
0.175157
2.81279e-05
0.175153
2.68228e-05
0.175149
2.56103e-05
0.175146
2.44907e-05
0.175142
2.34591e-05
0.175139
2.2506e-05
0.175136
2.1619e-05
0.175133
2.07856e-05
0.175131
1.99957e-05
0.175128
1.92423e-05
0.175126
1.85221e-05
0.175124
1.78339e-05
0.175122
1.71781e-05
0.17512
1.65552e-05
0.175118
1.59649e-05
0.175117
1.5406e-05
0.175115
1.48763e-05
0.175113
1.43731e-05
0.175112
1.38933e-05
1.34342e-05
0.175111
0.159273
8.29414e-05
0.159262
7.63113e-05
0.159253
7.01811e-05
0.159245
6.46471e-05
0.159238
5.97002e-05
0.159233
5.52605e-05
0.159228
5.12438e-05
0.159224
4.76012e-05
0.15922
4.43172e-05
0.159217
4.13832e-05
0.159215
3.87751e-05
0.159213
3.64496e-05
0.159211
3.43539e-05
0.159209
3.24402e-05
0.159208
3.06751e-05
0.159207
2.90407e-05
0.159207
2.75298e-05
0.159206
2.61392e-05
0.159206
2.48641e-05
0.159206
2.36957e-05
0.159205
2.26216e-05
0.159205
2.16278e-05
0.159205
2.07008e-05
0.159206
1.98295e-05
0.159206
1.90062e-05
0.159206
1.82263e-05
0.159207
1.74876e-05
0.159207
1.67888e-05
0.159207
1.61292e-05
0.159208
1.55074e-05
0.159208
1.49214e-05
0.159209
1.43683e-05
0.159209
1.38452e-05
0.15921
1.33489e-05
1.28765e-05
0.15921
0.139276
8.68431e-05
0.139274
7.83665e-05
0.139273
7.08185e-05
0.139274
6.42007e-05
0.139275
5.84218e-05
0.139277
5.33456e-05
0.13928
4.88514e-05
0.139282
4.48616e-05
0.139285
4.13316e-05
0.139288
3.82253e-05
0.139292
3.54969e-05
0.139295
3.30887e-05
0.139298
3.09411e-05
0.139302
2.90031e-05
0.139305
2.72388e-05
0.139309
2.56265e-05
0.139312
2.41535e-05
0.139315
2.28111e-05
0.139319
2.15901e-05
0.139322
2.04786e-05
0.139325
1.94633e-05
0.139328
1.85299e-05
0.139331
1.76654e-05
0.139334
1.68592e-05
0.139337
1.61034e-05
0.13934
1.53929e-05
0.139343
1.47243e-05
0.139345
1.40956e-05
0.139348
1.35049e-05
0.139351
1.29505e-05
0.139353
1.24299e-05
0.139355
1.19406e-05
0.139358
1.14798e-05
0.13936
1.10446e-05
1.06324e-05
0.139362
0.115338
7.55143e-05
0.11535
6.6399e-05
0.115363
5.86818e-05
0.115375
5.21838e-05
0.115386
4.66936e-05
0.115398
4.20082e-05
0.115409
3.79689e-05
0.115419
3.44686e-05
0.115429
3.14363e-05
0.115438
2.88139e-05
0.115447
2.65426e-05
0.115456
2.45617e-05
0.115464
2.28147e-05
0.115472
2.12557e-05
0.115479
1.98522e-05
0.115486
1.8583e-05
0.115493
1.74346e-05
0.115499
1.63965e-05
0.115505
1.54587e-05
0.115511
1.46104e-05
0.115517
1.38397e-05
0.115522
1.31351e-05
0.115527
1.24861e-05
0.115532
1.18842e-05
0.115537
1.13227e-05
0.115542
1.07973e-05
0.115546
1.03048e-05
0.11555
9.84337e-06
0.115554
9.41116e-06
0.115558
9.00682e-06
0.115562
8.62842e-06
0.115566
8.27419e-06
0.115569
7.94177e-06
0.115573
7.62916e-06
7.33408e-06
0.115576
0.0875306
4.7725e-05
0.0875561
4.08803e-05
0.0875794
3.53737e-05
0.0876007
3.09206e-05
0.0876201
2.72761e-05
0.0876379
2.42456e-05
0.0876541
2.16903e-05
0.0876691
1.95186e-05
0.0876829
1.76688e-05
0.0876956
1.6092e-05
0.0877074
1.47425e-05
0.0877184
1.35768e-05
0.0877286
1.25569e-05
0.0877382
1.16529e-05
0.0877472
1.08442e-05
0.0877557
1.01173e-05
0.0877637
9.46355e-06
0.0877712
8.87602e-06
0.0877783
8.34818e-06
0.087785
7.87308e-06
0.0877914
7.44336e-06
0.0877975
7.05191e-06
0.0878033
6.69231e-06
0.0878088
6.35937e-06
0.0878141
6.04924e-06
0.0878192
5.75933e-06
0.087824
5.48798e-06
0.0878286
5.23417e-06
0.087833
4.99709e-06
0.0878372
4.77597e-06
0.0878413
4.56982e-06
0.0878452
4.37749e-06
0.0878489
4.19765e-06
0.0878525
4.02892e-06
3.86999e-06
0.087856
0.0559104
1.60318e-05
0.0559378
1.34464e-05
0.0559617
1.14522e-05
0.0559828
9.89209e-06
0.0560014
8.64554e-06
0.056018
7.62633e-06
0.0560329
6.77793e-06
0.0560464
6.06543e-06
0.0560586
5.46596e-06
0.0560697
4.96107e-06
0.0560799
4.53325e-06
0.0560893
4.16596e-06
0.056098
3.84537e-06
0.0561061
3.56127e-06
0.0561137
3.30721e-06
0.0561207
3.07931e-06
0.0561273
2.87522e-06
0.0561335
2.69286e-06
0.0561393
2.53006e-06
0.0561448
2.38424e-06
0.05615
2.25275e-06
0.0561549
2.13294e-06
0.0561596
2.02269e-06
0.056164
1.92026e-06
0.0561682
1.82461e-06
0.0561723
1.73505e-06
0.0561761
1.65131e-06
0.0561798
1.57314e-06
0.0561832
1.50044e-06
0.0561866
1.43291e-06
0.0561898
1.37026e-06
0.0561929
1.31197e-06
0.0561958
1.2576e-06
0.0561986
1.2066e-06
1.15854e-06
0.0562013
0.0204772
0.0204906
0.0205021
0.0205119
0.0205206
0.0205282
0.020535
0.0205411
0.0205465
0.0205515
0.020556
0.0205602
0.020564
0.0205676
0.0205709
0.020574
0.0205769
0.0205796
0.0205821
0.0205845
0.0205867
0.0205889
0.0205909
0.0205928
0.0205946
0.0205964
0.020598
0.0205996
0.0206011
0.0206025
0.0206039
0.0206052
0.0206065
0.0206077
0.0206088
0.0206099
-1.11079e-06
0.020611
-1.06752e-06
0.020612
-1.02623e-06
0.020613
-9.86781e-07
0.0206139
-9.4908e-07
0.0206148
-9.13116e-07
0.0206157
-8.78835e-07
0.0206166
-8.46243e-07
0.0206174
-8.15268e-07
-7.85873e-07
0.0206182
0.0562038
-3.711e-06
0.0562063
-3.56803e-06
0.0562087
-3.43188e-06
0.0562111
-3.30199e-06
0.0562133
-3.17799e-06
0.0562154
-3.05962e-06
0.0562175
-2.94668e-06
0.0562195
-2.83904e-06
0.0562214
-2.73648e-06
-2.63883e-06
0.0562233
0.0878592
-7.03666e-06
0.0878624
-6.77058e-06
0.0878655
-6.5172e-06
0.0878685
-6.27549e-06
0.0878713
-6.04469e-06
0.0878741
-5.82421e-06
0.0878768
-5.6136e-06
0.0878793
-5.41245e-06
0.0878818
-5.22041e-06
-5.03709e-06
0.0878842
0.115579
-1.02117e-05
0.115582
-9.83735e-06
0.115585
-9.48001e-06
0.115588
-9.13852e-06
0.115591
-8.81194e-06
0.115594
-8.49951e-06
0.115596
-8.2006e-06
0.115599
-7.91465e-06
0.115601
-7.64111e-06
-7.3794e-06
0.115603
0.139364
-1.23852e-05
0.139367
-1.19513e-05
0.139369
-1.15353e-05
0.139371
-1.11362e-05
0.139373
-1.07534e-05
0.139374
-1.03862e-05
0.139376
-1.0034e-05
0.139378
-9.69644e-06
0.13938
-9.3728e-06
-9.06245e-06
0.139381
0.159211
-1.29426e-05
0.159211
-1.25148e-05
0.159212
-1.21024e-05
0.159213
-1.17045e-05
0.159213
-1.1321e-05
0.159214
-1.09517e-05
0.159214
-1.05963e-05
0.159215
-1.02547e-05
0.159215
-9.92628e-06
-9.61054e-06
0.159216
0.175109
-1.16681e-05
0.175108
-1.13066e-05
0.175107
-1.09557e-05
0.175106
-1.06151e-05
0.175105
-1.0285e-05
0.175104
-9.96543e-06
0.175103
-9.65668e-06
0.175102
-9.35877e-06
0.175101
-9.07156e-06
-8.79465e-06
0.1751
0.187048
-8.75174e-06
0.187045
-8.49584e-06
0.187042
-8.24597e-06
0.18704
-8.00203e-06
0.187037
-7.76421e-06
0.187035
-7.53286e-06
0.187033
-7.30837e-06
0.18703
-7.09096e-06
0.187028
-6.88069e-06
-6.6774e-06
0.187026
0.195015
-4.65756e-06
0.195011
-4.52538e-06
0.195007
-4.39572e-06
0.195003
-4.26855e-06
0.194999
-4.14401e-06
0.194996
-4.02235e-06
0.194993
-3.90383e-06
0.194989
-3.78866e-06
0.194986
-3.6769e-06
-3.56851e-06
0.194983
0.199
3.59238e-08
0.198996
3.90258e-08
0.198991
4.22451e-08
0.198987
4.55702e-08
0.198983
4.89918e-08
0.198979
5.2519e-08
0.198975
5.61605e-08
0.198971
5.9937e-08
0.198967
6.38683e-08
6.79768e-08
0.198964
0.199
4.72799e-06
0.198996
4.60183e-06
0.198991
4.47844e-06
0.198987
4.35777e-06
0.198983
4.23994e-06
0.198979
4.1252e-06
0.198975
4.01383e-06
0.198971
3.90607e-06
0.198967
3.80203e-06
3.70171e-06
0.198964
0.195015
8.81806e-06
0.195011
8.5676e-06
0.195007
8.32349e-06
0.195003
8.08557e-06
0.195
7.85403e-06
0.194996
7.6292e-06
0.194993
7.41148e-06
0.194989
7.20111e-06
0.194986
6.99817e-06
6.80252e-06
0.194983
0.187048
1.17278e-05
0.187045
1.13709e-05
0.187043
1.10249e-05
0.18704
1.06897e-05
0.187037
1.03651e-05
0.187035
1.00514e-05
0.187033
9.74879e-06
0.18703
9.45729e-06
0.187028
9.17676e-06
8.90678e-06
0.187026
0.175109
1.29934e-05
0.175108
1.25693e-05
0.175107
1.21609e-05
0.175106
1.17673e-05
0.175105
1.13885e-05
0.175104
1.10242e-05
0.175103
1.06741e-05
0.175102
1.0338e-05
0.175101
1.00153e-05
9.70555e-06
0.175101
0.159211
1.24255e-05
0.159212
1.19942e-05
0.159212
1.15812e-05
0.159213
1.11855e-05
0.159213
1.08063e-05
0.159214
1.0443e-05
0.159214
1.00951e-05
0.159215
9.76204e-06
0.159216
9.443e-06
9.13739e-06
0.159216
0.139365
1.02408e-05
0.139367
9.8682e-06
0.139369
9.51283e-06
0.139371
9.17364e-06
0.139373
8.84959e-06
0.139375
8.54002e-06
0.139376
8.24414e-06
0.139378
7.96143e-06
0.13938
7.69116e-06
7.43285e-06
0.139382
0.115579
7.05486e-06
0.115582
6.78969e-06
0.115585
6.5375e-06
0.115588
6.29707e-06
0.115591
6.06786e-06
0.115594
5.84904e-06
0.115596
5.64034e-06
0.115599
5.4411e-06
0.115601
5.25115e-06
5.06983e-06
0.115604
0.0878593
3.71969e-06
0.0878625
3.57706e-06
0.0878656
3.44137e-06
0.0878686
3.31206e-06
0.0878715
3.18878e-06
0.0878743
3.07124e-06
0.0878769
2.95923e-06
0.0878795
2.85255e-06
0.087882
2.751e-06
2.65435e-06
0.0878844
0.0562039
1.11299e-06
0.0562064
1.06972e-06
0.0562088
1.02846e-06
0.0562112
9.89135e-07
0.0562134
9.51623e-07
0.0562156
9.15922e-07
0.0562176
8.81937e-07
0.0562196
8.49674e-07
0.0562216
8.19019e-07
7.89946e-07
0.0562234
0.0206099
0.020611
0.020612
0.020613
0.020614
0.0206149
0.0206158
0.0206166
0.0206174
0.0206182
0.0206189
-7.57949e-07
0.0206196
-7.31417e-07
0.0206204
-7.06141e-07
0.020621
-6.82031e-07
0.0206217
-6.5895e-07
0.0206223
-6.36826e-07
0.0206229
-6.15542e-07
0.0206235
-5.95059e-07
0.0206241
-5.75292e-07
0.0206247
-5.56235e-07
0.0206252
-5.37829e-07
0.0206257
-5.20088e-07
0.0206262
-5.02971e-07
0.0206267
-4.86496e-07
0.0206272
-4.70625e-07
0.0206276
-4.55371e-07
0.0206281
-4.40689e-07
0.0206285
-4.26582e-07
0.0206289
-4.12996e-07
0.0206293
-3.9993e-07
0.0206297
-3.87323e-07
0.0206301
-3.75174e-07
0.0206304
-3.63426e-07
0.0206308
-3.52085e-07
0.0206311
-3.41098e-07
0.0206315
-3.30483e-07
0.0206318
-3.20193e-07
0.0206321
-3.10254e-07
0.0206324
-3.00623e-07
0.0206327
-2.91329e-07
0.020633
-2.8233e-07
0.0206333
-2.73656e-07
0.0206335
-2.65265e-07
0.0206338
-2.57195e-07
-2.49412e-07
0.020634
0.0562251
-2.54583e-06
0.0562268
-2.4572e-06
0.0562284
-2.37264e-06
0.0562301
-2.29187e-06
0.0562316
-2.21454e-06
0.0562331
-2.14041e-06
0.0562346
-2.06919e-06
0.056236
-2.00067e-06
0.0562373
-1.93466e-06
0.0562386
-1.87101e-06
0.0562399
-1.8096e-06
0.0562411
-1.75035e-06
0.0562423
-1.69317e-06
0.0562435
-1.63804e-06
0.0562446
-1.58488e-06
0.0562457
-1.53365e-06
0.0562467
-1.48429e-06
0.0562477
-1.43674e-06
0.0562487
-1.39092e-06
0.0562497
-1.34675e-06
0.0562506
-1.30414e-06
0.0562515
-1.26301e-06
0.0562523
-1.22326e-06
0.0562532
-1.18483e-06
0.056254
-1.14763e-06
0.0562547
-1.11162e-06
0.0562555
-1.07674e-06
0.0562562
-1.04297e-06
0.0562569
-1.01026e-06
0.0562576
-9.78603e-07
0.0562583
-9.47964e-07
0.0562589
-9.18354e-07
0.0562596
-8.89747e-07
0.0562602
-8.62168e-07
-8.35617e-07
0.0562608
0.0878865
-4.86208e-06
0.0878888
-4.69494e-06
0.0878909
-4.53518e-06
0.087893
-4.38233e-06
0.087895
-4.23588e-06
0.087897
-4.09535e-06
0.0878989
-3.96031e-06
0.0879007
-3.83034e-06
0.0879025
-3.7051e-06
0.0879042
-3.5843e-06
0.0879059
-3.46771e-06
0.0879075
-3.35515e-06
0.087909
-3.24647e-06
0.0879105
-3.14156e-06
0.087912
-3.04031e-06
0.0879134
-2.94263e-06
0.0879147
-2.84841e-06
0.0879161
-2.75752e-06
0.0879173
-2.66983e-06
0.0879186
-2.58521e-06
0.0879198
-2.50349e-06
0.0879209
-2.42452e-06
0.0879221
-2.34815e-06
0.0879232
-2.27424e-06
0.0879242
-2.20267e-06
0.0879252
-2.13332e-06
0.0879262
-2.06611e-06
0.0879272
-2.00097e-06
0.0879281
-1.93784e-06
0.087929
-1.87669e-06
0.0879299
-1.81747e-06
0.0879307
-1.76017e-06
0.0879315
-1.70477e-06
0.0879323
-1.6513e-06
-1.59976e-06
0.0879331
0.115606
-7.12895e-06
0.115608
-6.88915e-06
0.11561
-6.65938e-06
0.115612
-6.439e-06
0.115614
-6.22739e-06
0.115616
-6.02396e-06
0.115618
-5.82815e-06
0.11562
-5.63945e-06
0.115621
-5.45742e-06
0.115623
-5.2817e-06
0.115625
-5.11198e-06
0.115626
-4.948e-06
0.115628
-4.78956e-06
0.115629
-4.63649e-06
0.115631
-4.48861e-06
0.115632
-4.34578e-06
0.115634
-4.20781e-06
0.115635
-4.07454e-06
0.115636
-3.94578e-06
0.115637
-3.82132e-06
0.115639
-3.70095e-06
0.11564
-3.58447e-06
0.115641
-3.47168e-06
0.115642
-3.3624e-06
0.115643
-3.25647e-06
0.115644
-3.15374e-06
0.115645
-3.0541e-06
0.115646
-2.95745e-06
0.115647
-2.86371e-06
0.115648
-2.77282e-06
0.115649
-2.68473e-06
0.11565
-2.59941e-06
0.11565
-2.51684e-06
0.115651
-2.43702e-06
-2.35998e-06
0.115652
0.139383
-8.76468e-06
0.139385
-8.47876e-06
0.139386
-8.20396e-06
0.139388
-7.93955e-06
0.139389
-7.68487e-06
0.139391
-7.43931e-06
0.139392
-7.20232e-06
0.139393
-6.97342e-06
0.139395
-6.75221e-06
0.139396
-6.53833e-06
0.139397
-6.33149e-06
0.139398
-6.13143e-06
0.139399
-5.93794e-06
0.139401
-5.75079e-06
0.139402
-5.56979e-06
0.139403
-5.39471e-06
0.139404
-5.22535e-06
0.139405
-5.06148e-06
0.139406
-4.90285e-06
0.139407
-4.74923e-06
0.139407
-4.60039e-06
0.139408
-4.45611e-06
0.139409
-4.31617e-06
0.13941
-4.18038e-06
0.139411
-4.04858e-06
0.139412
-3.92061e-06
0.139412
-3.79636e-06
0.139413
-3.67572e-06
0.139414
-3.55859e-06
0.139414
-3.44492e-06
0.139415
-3.33464e-06
0.139416
-3.2277e-06
0.139416
-3.12408e-06
0.139417
-3.02378e-06
-2.92681e-06
0.139417
0.159216
-9.30678e-06
0.159217
-9.01422e-06
0.159218
-8.73209e-06
0.159218
-8.45966e-06
0.159219
-8.19628e-06
0.159219
-7.9414e-06
0.15922
-7.69456e-06
0.15922
-7.4554e-06
0.159221
-7.22365e-06
0.159221
-6.99907e-06
0.159221
-6.78148e-06
0.159222
-6.5707e-06
0.159222
-6.36654e-06
0.159223
-6.16882e-06
0.159223
-5.97731e-06
0.159224
-5.79178e-06
0.159224
-5.612e-06
0.159224
-5.4377e-06
0.159225
-5.26864e-06
0.159225
-5.10456e-06
0.159225
-4.94525e-06
0.159226
-4.79048e-06
0.159226
-4.64007e-06
0.159226
-4.49385e-06
0.159227
-4.35169e-06
0.159227
-4.21346e-06
0.159227
-4.07906e-06
0.159227
-3.9484e-06
0.159228
-3.82139e-06
0.159228
-3.69798e-06
0.159228
-3.57811e-06
0.159228
-3.46172e-06
0.159229
-3.3488e-06
0.159229
-3.23932e-06
-3.13331e-06
0.159229
0.1751
-8.5275e-06
0.175099
-8.26942e-06
0.175098
-8.01971e-06
0.175097
-7.7777e-06
0.175097
-7.54281e-06
0.175096
-7.31459e-06
0.175096
-7.09269e-06
0.175095
-6.87692e-06
0.175094
-6.66714e-06
0.175094
-6.46329e-06
0.175093
-6.26531e-06
0.175093
-6.07314e-06
0.175092
-5.88668e-06
0.175092
-5.7058e-06
0.175092
-5.53032e-06
0.175091
-5.36002e-06
0.175091
-5.19468e-06
0.17509
-5.03405e-06
0.17509
-4.87789e-06
0.17509
-4.72597e-06
0.175089
-4.57809e-06
0.175089
-4.43409e-06
0.175088
-4.29381e-06
0.175088
-4.15715e-06
0.175088
-4.024e-06
0.175087
-3.89429e-06
0.175087
-3.76796e-06
0.175087
-3.64494e-06
0.175087
-3.52518e-06
0.175086
-3.40864e-06
0.175086
-3.29527e-06
0.175086
-3.18503e-06
0.175085
-3.0779e-06
0.175085
-2.97387e-06
-2.87297e-06
0.175085
0.187024
-6.48073e-06
0.187022
-6.29018e-06
0.18702
-6.10523e-06
0.187018
-5.92535e-06
0.187016
-5.75009e-06
0.187015
-5.57913e-06
0.187013
-5.41226e-06
0.187011
-5.24938e-06
0.18701
-5.09049e-06
0.187008
-4.93561e-06
0.187007
-4.7848e-06
0.187005
-4.63808e-06
0.187004
-4.49542e-06
0.187003
-4.35675e-06
0.187001
-4.22197e-06
0.187
-4.09089e-06
0.186999
-3.96335e-06
0.186998
-3.83913e-06
0.186996
-3.71804e-06
0.186995
-3.59992e-06
0.186994
-3.48461e-06
0.186993
-3.372e-06
0.186992
-3.26199e-06
0.186991
-3.15453e-06
0.18699
-3.04955e-06
0.186989
-2.94704e-06
0.186988
-2.84696e-06
0.186987
-2.74929e-06
0.186986
-2.654e-06
0.186986
-2.56108e-06
0.186985
-2.4705e-06
0.186984
-2.38223e-06
0.186983
-2.29628e-06
0.186982
-2.21264e-06
-2.13135e-06
0.186982
0.19498
-3.46333e-06
0.194977
-3.36109e-06
0.194974
-3.26151e-06
0.194971
-3.16429e-06
0.194969
-3.0692e-06
0.194966
-2.97606e-06
0.194964
-2.88478e-06
0.194961
-2.79533e-06
0.194959
-2.70774e-06
0.194956
-2.62207e-06
0.194954
-2.53837e-06
0.194952
-2.45669e-06
0.19495
-2.37702e-06
0.194948
-2.29934e-06
0.194946
-2.22358e-06
0.194944
-2.14965e-06
0.194942
-2.07742e-06
0.19494
-2.0068e-06
0.194938
-1.93766e-06
0.194937
-1.8699e-06
0.194935
-1.80344e-06
0.194933
-1.73824e-06
0.194932
-1.67423e-06
0.19493
-1.61142e-06
0.194929
-1.54977e-06
0.194927
-1.48929e-06
0.194926
-1.42998e-06
0.194924
-1.37185e-06
0.194923
-1.31488e-06
0.194922
-1.25908e-06
0.194921
-1.20445e-06
0.194919
-1.151e-06
0.194918
-1.09874e-06
0.194917
-1.04768e-06
-9.9788e-07
0.194916
0.19896
7.22825e-08
0.198957
7.68014e-08
0.198953
8.15435e-08
0.19895
8.6512e-08
0.198947
9.17025e-08
0.198944
9.71066e-08
0.198941
1.02709e-07
0.198938
1.08498e-07
0.198935
1.14458e-07
0.198932
1.20584e-07
0.19893
1.26872e-07
0.198927
1.33328e-07
0.198925
1.39963e-07
0.198922
1.46795e-07
0.19892
1.53843e-07
0.198917
1.6113e-07
0.198915
1.68675e-07
0.198913
1.76496e-07
0.198911
1.84606e-07
0.198909
1.93011e-07
0.198907
2.01714e-07
0.198905
2.10714e-07
0.198903
2.20003e-07
0.198901
2.29572e-07
0.198899
2.3941e-07
0.198898
2.49506e-07
0.198896
2.59843e-07
0.198894
2.70408e-07
0.198893
2.81182e-07
0.198891
2.92146e-07
0.19889
3.03274e-07
0.198888
3.14538e-07
0.198887
3.25897e-07
0.198885
3.37308e-07
3.48714e-07
0.198884
0.19896
3.60498e-06
0.198957
3.5116e-06
0.198953
3.4213e-06
0.19895
3.3338e-06
0.198947
3.24884e-06
0.198944
3.16625e-06
0.198941
3.08589e-06
0.198938
3.00773e-06
0.198935
2.93176e-06
0.198932
2.85804e-06
0.19893
2.78662e-06
0.198927
2.71756e-06
0.198925
2.65087e-06
0.198922
2.58657e-06
0.19892
2.52461e-06
0.198918
2.46495e-06
0.198915
2.4075e-06
0.198913
2.35218e-06
0.198911
2.2989e-06
0.198909
2.24756e-06
0.198907
2.1981e-06
0.198905
2.15045e-06
0.198903
2.10456e-06
0.198901
2.0604e-06
0.1989
2.01792e-06
0.198898
1.97712e-06
0.198896
1.93796e-06
0.198894
1.90041e-06
0.198893
1.86443e-06
0.198891
1.83e-06
0.19889
1.79704e-06
0.198888
1.76553e-06
0.198887
1.73537e-06
0.198886
1.70651e-06
1.67887e-06
0.198884
0.19498
6.61382e-06
0.194977
6.4316e-06
0.194974
6.25534e-06
0.194972
6.0845e-06
0.194969
5.91865e-06
0.194966
5.75744e-06
0.194964
5.60066e-06
0.194961
5.44821e-06
0.194959
5.30008e-06
0.194957
5.1563e-06
0.194954
5.01691e-06
0.194952
4.88197e-06
0.19495
4.75146e-06
0.194948
4.62534e-06
0.194946
4.50351e-06
0.194944
4.38582e-06
0.194942
4.27211e-06
0.194941
4.16219e-06
0.194939
4.0559e-06
0.194937
3.95305e-06
0.194935
3.85352e-06
0.194934
3.75718e-06
0.194932
3.66393e-06
0.194931
3.57371e-06
0.194929
3.48646e-06
0.194928
3.40212e-06
0.194926
3.32065e-06
0.194925
3.24199e-06
0.194924
3.16609e-06
0.194923
3.09289e-06
0.194921
3.02229e-06
0.19492
2.95423e-06
0.194919
2.8886e-06
0.194918
2.82533e-06
2.76434e-06
0.194917
0.187024
8.64683e-06
0.187022
8.3962e-06
0.18702
8.15421e-06
0.187018
7.92017e-06
0.187017
7.69353e-06
0.187015
7.47381e-06
0.187013
7.26073e-06
0.187012
7.05406e-06
0.18701
6.85373e-06
0.187009
6.65964e-06
0.187007
6.47179e-06
0.187006
6.29009e-06
0.187004
6.11448e-06
0.187003
5.94481e-06
0.187002
5.78091e-06
0.187
5.62256e-06
0.186999
5.46954e-06
0.186998
5.3216e-06
0.186997
5.17851e-06
0.186996
5.04005e-06
0.186995
4.90603e-06
0.186994
4.77627e-06
0.186993
4.65065e-06
0.186992
4.52904e-06
0.186991
4.41136e-06
0.18699
4.2975e-06
0.186989
4.18739e-06
0.186988
4.08094e-06
0.186988
3.97807e-06
0.186987
3.87866e-06
0.186986
3.78265e-06
0.186985
3.68989e-06
0.186985
3.60032e-06
0.186984
3.51381e-06
3.43029e-06
0.186983
0.1751
9.40791e-06
0.175099
9.12161e-06
0.175098
8.8459e-06
0.175098
8.58004e-06
0.175097
8.32344e-06
0.175097
8.07552e-06
0.175096
7.83592e-06
0.175095
7.60425e-06
0.175095
7.38033e-06
0.175094
7.16388e-06
0.175094
6.95478e-06
0.175093
6.7528e-06
0.175093
6.5578e-06
0.175093
6.36951e-06
0.175092
6.18777e-06
0.175092
6.01227e-06
0.175091
5.84281e-06
0.175091
5.67908e-06
0.175091
5.52088e-06
0.17509
5.36792e-06
0.17509
5.22002e-06
0.17509
5.07694e-06
0.175089
4.93855e-06
0.175089
4.80464e-06
0.175089
4.67512e-06
0.175089
4.54982e-06
0.175088
4.42865e-06
0.175088
4.31146e-06
0.175088
4.19818e-06
0.175088
4.08865e-06
0.175088
3.9828e-06
0.175087
3.88047e-06
0.175087
3.78161e-06
0.175087
3.68606e-06
3.5938e-06
0.175087
0.159217
8.8444e-06
0.159217
8.56335e-06
0.159218
8.29344e-06
0.159218
8.03407e-06
0.159219
7.7845e-06
0.159219
7.54427e-06
0.15922
7.31277e-06
0.15922
7.08967e-06
0.159221
6.87447e-06
0.159221
6.66695e-06
0.159222
6.46672e-06
0.159222
6.27359e-06
0.159223
6.08724e-06
0.159223
5.90753e-06
0.159224
5.73411e-06
0.159224
5.56687e-06
0.159225
5.40547e-06
0.159225
5.24977e-06
0.159226
5.09945e-06
0.159226
4.95435e-06
0.159226
4.81417e-06
0.159227
4.67879e-06
0.159227
4.54791e-06
0.159228
4.42145e-06
0.159228
4.29913e-06
0.159228
4.18091e-06
0.159229
4.06655e-06
0.159229
3.95601e-06
0.159229
3.84907e-06
0.15923
3.74572e-06
0.15923
3.64575e-06
0.15923
3.54915e-06
0.159231
3.45572e-06
0.159231
3.36548e-06
3.27828e-06
0.159231
0.139383
7.18576e-06
0.139385
6.94939e-06
0.139387
6.72301e-06
0.139388
6.50614e-06
0.13939
6.29807e-06
0.139391
6.09836e-06
0.139392
5.90636e-06
0.139394
5.72174e-06
0.139395
5.54394e-06
0.139396
5.37273e-06
0.139398
5.20767e-06
0.139399
5.04862e-06
0.1394
4.89522e-06
0.139401
4.74741e-06
0.139402
4.60487e-06
0.139404
4.46755e-06
0.139405
4.33513e-06
0.139406
4.20758e-06
0.139407
4.08455e-06
0.139408
3.96598e-06
0.139409
3.85154e-06
0.13941
3.74117e-06
0.13941
3.63454e-06
0.139411
3.5316e-06
0.139412
3.43206e-06
0.139413
3.33591e-06
0.139414
3.24286e-06
0.139415
3.15296e-06
0.139415
3.06594e-06
0.139416
2.98186e-06
0.139417
2.90047e-06
0.139418
2.82184e-06
0.139418
2.74574e-06
0.139419
2.67227e-06
2.60122e-06
0.13942
0.115606
4.89695e-06
0.115608
4.73182e-06
0.11561
4.57422e-06
0.115612
4.42342e-06
0.115614
4.2792e-06
0.115616
4.14086e-06
0.115618
4.00823e-06
0.11562
3.88066e-06
0.115622
3.75808e-06
0.115624
3.63994e-06
0.115625
3.52628e-06
0.115627
3.41663e-06
0.115629
3.31111e-06
0.11563
3.20931e-06
0.115632
3.11139e-06
0.115633
3.01696e-06
0.115634
2.92618e-06
0.115636
2.83864e-06
0.115637
2.75447e-06
0.115638
2.67327e-06
0.11564
2.59515e-06
0.115641
2.51968e-06
0.115642
2.44699e-06
0.115643
2.37666e-06
0.115644
2.30885e-06
0.115645
2.24317e-06
0.115646
2.17979e-06
0.115648
2.11835e-06
0.115649
2.05906e-06
0.11565
2.00154e-06
0.11565
1.94606e-06
0.115651
1.89223e-06
0.115652
1.84032e-06
0.115653
1.78997e-06
1.7415e-06
0.115654
0.0878868
2.56235e-06
0.087889
2.47471e-06
0.0878912
2.39115e-06
0.0878933
2.31136e-06
0.0878954
2.23507e-06
0.0878974
2.16199e-06
0.0878993
2.09189e-06
0.0879011
2.02453e-06
0.0879029
1.95976e-06
0.0879047
1.89741e-06
0.0879064
1.83737e-06
0.087908
1.77953e-06
0.0879096
1.72384e-06
0.0879111
1.67021e-06
0.0879126
1.6186e-06
0.0879141
1.56893e-06
0.0879155
1.52117e-06
0.0879168
1.47521e-06
0.0879181
1.43099e-06
0.0879194
1.38843e-06
0.0879207
1.34743e-06
0.0879219
1.3079e-06
0.0879231
1.26978e-06
0.0879242
1.23296e-06
0.0879253
1.19738e-06
0.0879264
1.16298e-06
0.0879274
1.12972e-06
0.0879285
1.09752e-06
0.0879295
1.06638e-06
0.0879304
1.03622e-06
0.0879314
1.00704e-06
0.0879323
9.78784e-07
0.0879332
9.51444e-07
0.087934
9.24982e-07
8.99407e-07
0.0879349
0.0562252
7.6231e-07
0.056227
7.36061e-07
0.0562287
7.11038e-07
0.0562303
6.87185e-07
0.0562318
6.6435e-07
0.0562334
6.42493e-07
0.0562348
6.21483e-07
0.0562363
6.01306e-07
0.0562376
5.8186e-07
0.056239
5.63158e-07
0.0562403
5.45118e-07
0.0562415
5.27774e-07
0.0562427
5.11054e-07
0.0562439
4.95e-07
0.056245
4.7954e-07
0.0562461
4.64712e-07
0.0562472
4.50438e-07
0.0562482
4.3675e-07
0.0562493
4.23563e-07
0.0562502
4.10902e-07
0.0562512
3.9868e-07
0.0562521
3.86924e-07
0.056253
3.75547e-07
0.0562539
3.64584e-07
0.0562547
3.53955e-07
0.0562555
3.43701e-07
0.0562563
3.3375e-07
0.0562571
3.24145e-07
0.0562578
3.14818e-07
0.0562586
3.05815e-07
0.0562593
2.97064e-07
0.05626
2.88613e-07
0.0562606
2.80388e-07
0.0562613
2.72437e-07
2.64707e-07
0.0562619
0.020619
0.0206197
0.0206204
0.0206211
0.0206218
0.0206224
0.020623
0.0206236
0.0206242
0.0206248
0.0206253
0.0206259
0.0206264
0.0206269
0.0206274
0.0206278
0.0206283
0.0206287
0.0206291
0.0206295
0.0206299
0.0206303
0.0206307
0.0206311
0.0206314
0.0206318
0.0206321
0.0206324
0.0206327
0.020633
0.0206333
0.0206336
0.0206339
0.0206342
0.0206344
0.0206343
-2.41972e-07
0.0206345
-2.34822e-07
0.0206347
-2.28112e-07
0.020635
-2.22048e-07
0.0206352
-2.173e-07
0.0206354
-2.12888e-07
0.0206356
-2.09909e-07
0.0206358
-2.13819e-07
0.020636
-2.06123e-07
-2.47301e-07
0.0562613
-8.10155e-07
0.0562619
-7.85837e-07
0.0562624
-7.62824e-07
0.0562629
-7.4146e-07
0.0562635
-7.22146e-07
0.0562639
-7.04697e-07
0.0562644
-6.89975e-07
0.0562649
-6.78749e-07
0.0562654
-6.63671e-07
-6.87229e-07
0.0879338
-1.55023e-06
0.0879346
-1.50279e-06
0.0879353
-1.45765e-06
0.0879359
-1.41508e-06
0.0879366
-1.37539e-06
0.0879372
-1.33882e-06
0.0879378
-1.30554e-06
0.0879384
-1.27547e-06
0.087939
-1.24489e-06
-1.21906e-06
0.115653
-2.28579e-06
0.115653
-2.21455e-06
0.115654
-2.14644e-06
0.115655
-2.08172e-06
0.115655
-2.02075e-06
0.115656
-1.96362e-06
0.115657
-1.91052e-06
0.115657
-1.86073e-06
0.115658
-1.81797e-06
-1.74097e-06
0.139418
-2.83325e-06
0.139419
-2.7432e-06
0.139419
-2.65684e-06
0.13942
-2.57441e-06
0.13942
-2.49624e-06
0.13942
-2.42247e-06
0.139421
-2.35424e-06
0.139421
-2.28798e-06
0.139422
-2.23941e-06
-2.12166e-06
0.159229
-3.03084e-06
0.159229
-2.93201e-06
0.15923
-2.837e-06
0.15923
-2.74606e-06
0.15923
-2.65956e-06
0.15923
-2.57766e-06
0.15923
-2.50205e-06
0.15923
-2.42786e-06
0.159231
-2.38004e-06
-2.24064e-06
0.175085
-2.77526e-06
0.175084
-2.68085e-06
0.175084
-2.58991e-06
0.175084
-2.50268e-06
0.175084
-2.41959e-06
0.175083
-2.34077e-06
0.175083
-2.26846e-06
0.175083
-2.19722e-06
0.175083
-2.15508e-06
-2.01888e-06
0.186981
-2.05247e-06
0.18698
-1.97611e-06
0.18698
-1.90243e-06
0.186979
-1.83166e-06
0.186978
-1.76419e-06
0.186978
-1.70022e-06
0.186977
-1.64186e-06
0.186976
-1.5845e-06
0.186976
-1.55238e-06
-1.44473e-06
0.194915
-9.49402e-07
0.194914
-9.02342e-07
0.194913
-8.56843e-07
0.194912
-8.13079e-07
0.194911
-7.71377e-07
0.19491
-7.32021e-07
0.194909
-6.96287e-07
0.194908
-6.61968e-07
0.194907
-6.42979e-07
-5.84048e-07
0.198883
3.60046e-07
0.198881
3.71216e-07
0.19888
3.82126e-07
0.198879
3.92636e-07
0.198878
4.02563e-07
0.198877
4.11668e-07
0.198876
4.19487e-07
0.198874
4.25346e-07
0.198873
4.30383e-07
4.28638e-07
0.198883
1.6524e-06
0.198882
1.62701e-06
0.198881
1.60265e-06
0.198879
1.57923e-06
0.198878
1.55677e-06
0.198877
1.53485e-06
0.198876
1.51434e-06
0.198875
1.49176e-06
0.198874
1.48147e-06
1.42004e-06
0.194916
2.70555e-06
0.194915
2.64891e-06
0.194914
2.59441e-06
0.194913
2.54203e-06
0.194912
2.49185e-06
0.194911
2.44363e-06
0.19491
2.39888e-06
0.194909
2.35189e-06
0.194908
2.32827e-06
2.21872e-06
0.186983
3.34969e-06
0.186982
3.27199e-06
0.186981
3.1972e-06
0.186981
3.12535e-06
0.18698
3.05664e-06
0.18698
2.99091e-06
0.186979
2.92981e-06
0.186979
2.86758e-06
0.186978
2.83215e-06
2.69633e-06
0.175087
3.50473e-06
0.175087
3.4189e-06
0.175086
3.33627e-06
0.175086
3.25707e-06
0.175086
3.18144e-06
0.175086
3.1092e-06
0.175086
3.04233e-06
0.175086
2.97541e-06
0.175086
2.9325e-06
2.79663e-06
0.159232
3.19417e-06
0.159232
3.11307e-06
0.159232
3.03521e-06
0.159233
2.96061e-06
0.159233
2.88955e-06
0.159233
2.8225e-06
0.159233
2.76007e-06
0.159234
2.69904e-06
0.159234
2.65482e-06
2.54461e-06
0.13942
2.53276e-06
0.139421
2.46676e-06
0.139422
2.40351e-06
0.139422
2.34305e-06
0.139423
2.28613e-06
0.139423
2.23249e-06
0.139424
2.18304e-06
0.139425
2.13799e-06
0.139425
2.09823e-06
2.03415e-06
0.115655
1.69457e-06
0.115656
1.64957e-06
0.115656
1.60633e-06
0.115657
1.56555e-06
0.115658
1.52716e-06
0.115659
1.49217e-06
0.115659
1.46144e-06
0.11566
1.43463e-06
0.115661
1.40832e-06
1.40037e-06
0.0879357
8.74706e-07
0.0879365
8.50949e-07
0.0879373
8.28266e-07
0.087938
8.06944e-07
0.0879388
7.87636e-07
0.0879395
7.70855e-07
0.0879402
7.5711e-07
0.0879409
7.49018e-07
0.0879415
7.39476e-07
7.83686e-07
0.0562625
2.57248e-07
0.0562631
2.49992e-07
0.0562637
2.42978e-07
0.0562643
2.36622e-07
0.0562649
2.31773e-07
0.0562654
2.26699e-07
0.0562659
2.24629e-07
0.0562665
2.30491e-07
0.056267
2.26574e-07
2.87459e-07
0.0206347
0.0206349
0.0206352
0.0206354
0.0206357
0.0206359
0.0206361
0.0206363
0.0206366
)
;

boundaryField
{
    inlet
    {
        type            calculated;
        value           nonuniform List<scalar> 
20
(
-0.0195
-0.0555
-0.0875
-0.1155
-0.1395
-0.1595
-0.1755
-0.1875
-0.1955
-0.1995
-0.1995
-0.1955
-0.1875
-0.1755
-0.1595
-0.1395
-0.1155
-0.0875
-0.0555
-0.0195
)
;
    }
    outlet
    {
        type            calculated;
        value           nonuniform List<scalar> 
20
(
0.0206363
0.0562658
0.0879396
0.115658
0.139422
0.159231
0.175083
0.186975
0.194906
0.198872
0.198873
0.194907
0.186978
0.175086
0.159234
0.139426
0.115662
0.0879422
0.0562675
0.0206369
)
;
    }
    upperWall
    {
        type            calculated;
        value           uniform 0;
    }
    lowerWall
    {
        type            calculated;
        value           uniform 0;
    }
    frontAndBack
    {
        type            empty;
    }
}


// ************************************************************************* //
