/*--------------------------------*- C++ -*----------------------------------*\
| =========                 |                                                 |
| \\      /  F ield         | OpenFOAM: The Open Source CFD Toolbox           |
|  \\    /   O peration     | Version:  2406                                  |
|   \\  /    A nd           | Website:  www.openfoam.com                      |
|    \\/     M anipulation  |                                                 |
\*---------------------------------------------------------------------------*/
FoamFile
{
    version     2.0;
    format      ascii;
    arch        "LSB;label=32;scalar=64";
    class       surfaceScalarField;
    location    "94";
    object      phi;
}
// * * * * * * * * * * * * * * * * * * * * * * * * * * * * * * * * * * * * * //

dimensions      [0 3 -1 0 0 0 0];

oriented        oriented;

internalField   nonuniform List<scalar> 
3880
(
0.0979739
-0.000473906
0.0986226
-0.000648746
0.0992561
-0.000633514
0.0998432
-0.000587058
0.100382
-0.00053843
0.100867
-0.000485364
0.101297
-0.000430087
0.101675
-0.000377732
0.102006
-0.000330967
-0.00029002
0.102296
0.27725
-0.000224236
0.277066
-0.000463992
0.276973
-0.000540931
0.276943
-0.000557324
0.276961
-0.000555832
0.277015
-0.000539947
0.277097
-0.000511802
0.277197
-0.000477709
0.277308
-0.000442574
-0.000408533
0.277427
0.4374
-0.000123882
0.437253
-0.000317651
0.437127
-0.000415144
0.437025
-0.000455253
0.436942
-0.000472152
0.436876
-0.000474394
0.436828
-0.000463713
0.436795
-0.000444373
0.436773
-0.000420927
-0.000396135
0.436761
0.577456
-7.99059e-05
0.57736
-0.000221183
0.577257
-0.000312738
0.577164
-0.000361929
0.577079
-0.000387765
0.577004
-0.000399265
0.576939
-0.000398852
0.576884
-0.000389301
0.576838
-0.000374166
-0.000356205
0.576798
0.697475
-5.51249e-05
0.697411
-0.000157308
0.697333
-0.000233941
0.697253
-0.000282372
0.697176
-0.000310803
0.697103
-0.000326058
0.697035
-0.000330948
0.696973
-0.000327533
0.696917
-0.000318393
-0.000305859
0.696867
0.797484
-3.87929e-05
0.797439
-0.000112341
0.797377
-0.000171983
0.797308
-0.000213647
0.797237
-0.000240125
0.797167
-0.000255624
0.797099
-0.000262621
0.797034
-0.000262747
0.796973
-0.000257798
-0.000249526
0.796917
0.877488
-2.66951e-05
0.877453
-7.78516e-05
0.877403
-0.000121138
0.877342
-0.000153341
0.877277
-0.000175038
0.87721
-0.000188473
0.877143
-0.000195417
0.877077
-0.000197098
0.877014
-0.000194743
-0.000189583
0.876954
0.93749
-1.68344e-05
0.937462
-4.92703e-05
0.937418
-7.73696e-05
0.937363
-9.90807e-05
0.937303
-0.000114291
0.937238
-0.000124054
0.937172
-0.000129438
0.937107
-0.000131264
0.937042
-0.000130319
-0.00012738
0.93698
0.977491
-8.15826e-06
0.977466
-2.39185e-05
0.977426
-3.77367e-05
0.977376
-4.86297e-05
0.977318
-5.64288e-05
0.977255
-6.15384e-05
0.97719
-6.44488e-05
0.977125
-6.55689e-05
0.97706
-6.5283e-05
-6.39664e-05
0.976996
0.997492
-8.80993e-10
0.997468
-1.74527e-09
0.99743
-3.63203e-09
0.997382
-5.30211e-09
0.997325
-5.28186e-09
0.997264
-6.10525e-09
0.997199
-8.71514e-09
0.997134
-1.09115e-08
0.997068
-1.16001e-08
-1.1374e-08
0.997004
0.997492
8.15644e-06
0.997468
2.39136e-05
0.99743
3.77303e-05
0.997382
4.86203e-05
0.997325
5.64167e-05
0.997264
6.15249e-05
0.997199
6.44334e-05
0.997134
6.55496e-05
0.997068
6.52585e-05
6.39405e-05
0.997004
0.977491
1.68327e-05
0.977466
4.92666e-05
0.977426
7.7362e-05
0.977376
9.90708e-05
0.977318
0.00011428
0.977255
0.000124041
0.97719
0.000129423
0.977125
0.000131245
0.97706
0.000130294
0.000127353
0.976996
0.93749
2.66934e-05
0.937462
7.78474e-05
0.937418
0.000121131
0.937363
0.00015333
0.937303
0.000175026
0.937238
0.00018846
0.937172
0.000195402
0.937107
0.000197079
0.937042
0.00019472
0.000189561
0.93698
0.877488
3.87908e-05
0.877453
0.000112336
0.877403
0.000171976
0.877342
0.000213639
0.877277
0.00024011
0.87721
0.000255607
0.877143
0.00026261
0.877077
0.000262734
0.877014
0.000257774
0.000249501
0.876954
0.797484
5.51232e-05
0.797439
0.000157306
0.797377
0.000233933
0.797308
0.000282358
0.797237
0.000310791
0.797167
0.000326051
0.797099
0.000330939
0.797034
0.000327514
0.796973
0.000318368
0.000305838
0.796917
0.697475
7.99039e-05
0.697411
0.000221178
0.697333
0.000312731
0.697253
0.000361922
0.697176
0.00038775
0.697103
0.000399252
0.697035
0.000398846
0.696973
0.000389291
0.696917
0.000374147
0.000356184
0.696867
0.577456
0.00012388
0.57736
0.000317649
0.577257
0.000415137
0.577164
0.000455246
0.577079
0.000472143
0.577004
0.000474379
0.576939
0.000463694
0.576884
0.000444364
0.576838
0.000420931
0.000396133
0.576798
0.4374
0.000224234
0.437253
0.000463991
0.437127
0.000540929
0.437025
0.000557317
0.436942
0.000555824
0.436876
0.00053993
0.436828
0.000511775
0.436795
0.0004777
0.436773
0.000442595
0.000408546
0.436761
0.27725
0.000473905
0.277066
0.00064874
0.276973
0.000633512
0.276943
0.000587065
0.276961
0.000538423
0.277015
0.000485335
0.277097
0.000430064
0.277197
0.000377737
0.277308
0.000330988
0.000290021
0.277427
0.0979739
0.0986226
0.0992561
0.0998432
0.100382
0.100867
0.101297
0.101675
0.102006
0.102296
0.10255
-0.000254386
0.102774
-0.00022355
0.102971
-0.00019699
0.103145
-0.000174167
0.103299
-0.000154571
0.103437
-0.000137782
0.103561
-0.000123447
0.103672
-0.000111139
0.103772
-0.000100515
0.103864
-9.14744e-05
0.103948
-8.37432e-05
0.104024
-7.68983e-05
0.104095
-7.09305e-05
0.104161
-6.58734e-05
0.104223
-6.14262e-05
0.10428
-5.74812e-05
0.104334
-5.40321e-05
0.104385
-5.0894e-05
0.104433
-4.8059e-05
0.104479
-4.55598e-05
0.104522
-4.32881e-05
0.104563
-4.12419e-05
0.104603
-3.94129e-05
0.10464
-3.77276e-05
0.104677
-3.61775e-05
0.104711
-3.47422e-05
0.104745
-3.33927e-05
0.104777
-3.21288e-05
0.104808
-3.09408e-05
0.104838
-2.98236e-05
0.104866
-2.87772e-05
0.104894
-2.77968e-05
0.104921
-2.68794e-05
0.104947
-2.60201e-05
-2.52123e-05
0.104972
0.277549
-0.000376436
0.277672
-0.000346718
0.277795
-0.00031952
0.277915
-0.000294802
0.278033
-0.000272467
0.278148
-0.000252405
0.278259
-0.000234469
0.278366
-0.000218367
0.27847
-0.000203876
0.278569
-0.000191089
0.278665
-0.000179723
0.278757
-0.00016912
0.278846
-0.000159486
0.278931
-0.000151244
0.279014
-0.000143769
0.279093
-0.000136665
0.279169
-0.000130255
0.279243
-0.000124404
0.279313
-0.000118905
0.279382
-0.00011391
0.279448
-0.000109338
0.279512
-0.000105088
0.279573
-0.000101182
0.279633
-9.75313e-05
0.279691
-9.40916e-05
0.279747
-9.08587e-05
0.279802
-8.77923e-05
0.279854
-8.48886e-05
0.279906
-8.21415e-05
0.279955
-7.95401e-05
0.280004
-7.70841e-05
0.280051
-7.4765e-05
0.280096
-7.25756e-05
0.280141
-7.05061e-05
-6.85434e-05
0.280184
0.436756
-0.000371433
0.436757
-0.000347637
0.436762
-0.000325164
0.436772
-0.000304234
0.436784
-0.000284992
0.436799
-0.000267389
0.436816
-0.000251318
0.436835
-0.000236881
0.436855
-0.000224024
0.436876
-0.000212286
0.436898
-0.000201439
0.43692
-0.000191743
0.436944
-0.000183252
0.436968
-0.000175536
0.436993
-0.000168281
0.437018
-0.000161612
0.437043
-0.000155563
0.437069
-0.000149929
0.437094
-0.000144714
0.437121
-0.00013997
0.437147
-0.000135555
0.437173
-0.00013143
0.437199
-0.000127594
0.437226
-0.000123965
0.437252
-0.00012053
0.437279
-0.00011728
0.437305
-0.000114178
0.437331
-0.000111226
0.437358
-0.000108417
0.437384
-0.00010574
0.43741
-0.000103195
0.437436
-0.000100771
0.437462
-9.84585e-05
0.437488
-9.62463e-05
-9.41222e-05
0.437513
0.576763
-0.000337116
0.576734
-0.000317919
0.576708
-0.000299211
0.576685
-0.000281377
0.576664
-0.000264668
0.576646
-0.000249141
0.57663
-0.000234882
0.576615
-0.000222078
0.576601
-0.000210473
0.576589
-0.000199634
0.576577
-0.000189877
0.576567
-0.000181488
0.576558
-0.000173826
0.576549
-0.000166538
0.57654
-0.000160009
0.576533
-0.000154207
0.576526
-0.000148801
0.57652
-0.000143823
0.576515
-0.000139305
0.57651
-0.000135123
0.576505
-0.000131236
0.576502
-0.000127635
0.576498
-0.000124279
0.576496
-0.000121136
0.576493
-0.000118186
0.576491
-0.000115405
0.57649
-0.000112771
0.576489
-0.000110272
0.576488
-0.000107895
0.576488
-0.000105631
0.576489
-0.000103475
0.576489
-0.000101417
0.57649
-9.94501e-05
0.576492
-9.75649e-05
-9.57529e-05
0.576493
0.696821
-0.000291541
0.69678
-0.000276479
0.696742
-0.000261355
0.696707
-0.000246598
0.696675
-0.000232516
0.696645
-0.000219345
0.696618
-0.000207181
0.696592
-0.000195983
0.696567
-0.000185698
0.696544
-0.000176361
0.696522
-0.000167982
0.696501
-0.000160368
0.69648
-0.000153361
0.696461
-0.000147061
0.696442
-0.000141443
0.696424
-0.000136277
0.696407
-0.000131536
0.69639
-0.00012723
0.696374
-0.000123231
0.696359
-0.000119515
0.696343
-0.000116096
0.696329
-0.000112933
0.696314
-0.000110015
0.696301
-0.000107312
0.696287
-0.000104789
0.696274
-0.000102427
0.696262
-0.000100198
0.69625
-9.80832e-05
0.696238
-9.60721e-05
0.696226
-9.41529e-05
0.696215
-9.23213e-05
0.696204
-9.0572e-05
0.696194
-8.89013e-05
0.696183
-8.73057e-05
-8.57804e-05
0.696173
0.796865
-0.000239268
0.796816
-0.000227971
0.796771
-0.000216293
0.796729
-0.000204657
0.79669
-0.000193396
0.796653
-0.000182778
0.796619
-0.000172847
0.796587
-0.000163577
0.796556
-0.000155083
0.796527
-0.000147385
0.796499
-0.000140304
0.796473
-0.000133799
0.796447
-0.000127968
0.796423
-0.000122759
0.7964
-0.000118017
0.796377
-0.000113683
0.796355
-0.000109721
0.796334
-0.000106057
0.796314
-0.000102655
0.796294
-9.95271e-05
0.796274
-9.66497e-05
0.796255
-9.39957e-05
0.796237
-9.1561e-05
0.796219
-8.93149e-05
0.796201
-8.72265e-05
0.796184
-8.52772e-05
0.796167
-8.34372e-05
0.796151
-8.16897e-05
0.796135
-8.00241e-05
0.796119
-7.84293e-05
0.796104
-7.69033e-05
0.796089
-7.54447e-05
0.796074
-7.40533e-05
0.796059
-7.27294e-05
-7.14719e-05
0.796045
0.876898
-0.000182629
0.876844
-0.000174629
0.876794
-0.00016614
0.876747
-0.000157563
0.876703
-0.000149163
0.876661
-0.000141128
0.876622
-0.000133579
0.876585
-0.000126541
0.87655
-0.000119999
0.876516
-0.000113985
0.876484
-0.000108519
0.876454
-0.000103527
0.876425
-9.89755e-05
0.876397
-9.49042e-05
0.876371
-9.12428e-05
0.876345
-8.78601e-05
0.87632
-8.4752e-05
0.876296
-8.19135e-05
0.876272
-7.92764e-05
0.87625
-7.68389e-05
0.876228
-7.4605e-05
0.876206
-7.25451e-05
0.876185
-7.06543e-05
0.876165
-6.8915e-05
0.876145
-6.72996e-05
0.876125
-6.57924e-05
0.876106
-6.43712e-05
0.876088
-6.30203e-05
0.876069
-6.17306e-05
0.876051
-6.04942e-05
0.876034
-5.93103e-05
0.876017
-5.81789e-05
0.876
-5.71014e-05
0.875983
-5.60799e-05
-5.51141e-05
0.875967
0.93692
-0.00012311
0.936864
-0.000118025
0.93681
-0.000112522
0.936759
-0.000106885
0.936712
-0.00010132
0.936666
-9.59684e-05
0.936624
-9.08919e-05
0.936583
-8.61314e-05
0.936545
-8.17263e-05
0.936509
-7.76498e-05
0.936474
-7.38882e-05
0.936441
-7.04916e-05
0.93641
-6.74295e-05
0.936379
-6.46326e-05
0.93635
-6.21041e-05
0.936322
-5.98103e-05
0.936295
-5.7689e-05
0.936269
-5.57343e-05
0.936244
-5.39311e-05
0.936219
-5.22632e-05
0.936195
-5.07372e-05
0.936172
-4.93377e-05
0.936149
-4.80504e-05
0.936127
-4.68662e-05
0.936106
-4.57656e-05
0.936085
-4.47352e-05
0.936064
-4.37626e-05
0.936044
-4.28369e-05
0.936024
-4.1953e-05
0.936005
-4.11072e-05
0.935986
-4.02996e-05
0.935967
-3.95309e-05
0.935949
-3.88024e-05
0.935931
-3.81149e-05
-3.7467e-05
0.935913
0.976935
-6.19468e-05
0.976877
-5.94863e-05
0.976821
-5.6784e-05
0.976768
-5.39923e-05
0.976718
-5.12316e-05
0.976671
-4.85617e-05
0.976626
-4.59933e-05
0.976583
-4.35828e-05
0.976543
-4.13867e-05
0.976504
-3.93391e-05
0.976468
-3.74045e-05
0.976433
-3.56812e-05
0.9764
-3.41608e-05
0.976368
-3.27387e-05
0.976337
-3.14407e-05
0.976308
-3.02876e-05
0.976279
-2.92058e-05
0.976252
-2.81975e-05
0.976225
-2.72894e-05
0.976199
-2.64509e-05
0.976174
-2.56799e-05
0.97615
-2.49818e-05
0.976126
-2.43382e-05
0.976103
-2.37418e-05
0.976081
-2.31859e-05
0.976058
-2.26604e-05
0.976037
-2.21612e-05
0.976016
-2.16857e-05
0.975995
-2.12325e-05
0.975975
-2.08024e-05
0.975955
-2.03958e-05
0.975935
-2.00135e-05
0.975916
-1.9655e-05
0.975897
-1.93188e-05
-1.90027e-05
0.975879
0.996942
-1.08157e-08
0.996883
-9.67839e-09
0.996826
-1.17451e-08
0.996772
-2.21282e-08
0.996721
-2.87904e-08
0.996672
-2.05929e-08
0.996627
-1.61483e-08
0.996583
-2.01017e-08
0.996542
-1.14835e-08
0.996502
-8.24178e-09
0.996465
-3.22273e-08
0.996429
-4.70591e-08
0.996395
-3.64814e-08
0.996362
-3.3391e-08
0.996331
-3.58362e-08
0.996301
-2.85511e-08
0.996272
-2.98055e-08
0.996243
-3.96623e-08
0.996216
-4.41331e-08
0.99619
-5.05617e-08
0.996164
-6.04721e-08
0.996139
-6.76354e-08
0.996115
-7.18715e-08
0.996091
-7.30726e-08
0.996068
-7.19881e-08
0.996046
-6.9414e-08
0.996024
-6.66648e-08
0.996002
-6.54845e-08
0.995981
-6.62792e-08
0.99596
-6.97504e-08
0.99594
-7.62453e-08
0.99592
-8.55644e-08
0.9959
-9.70127e-08
0.995881
-1.09332e-07
-1.21251e-07
0.995862
0.996942
6.19251e-05
0.996883
5.94656e-05
0.996826
5.67561e-05
0.996772
5.39572e-05
0.996721
5.11883e-05
0.996672
4.85113e-05
0.996627
4.59593e-05
0.996583
4.35714e-05
0.996542
4.13558e-05
0.996502
3.92748e-05
0.996465
3.73439e-05
0.996429
3.56245e-05
0.996395
3.40836e-05
0.996362
3.26605e-05
0.996331
3.13771e-05
0.996301
3.02225e-05
0.996272
2.91412e-05
0.996243
2.81333e-05
0.996216
2.72049e-05
0.99619
2.63449e-05
0.996164
2.55634e-05
0.996139
2.48578e-05
0.996115
2.42095e-05
0.996091
2.36106e-05
0.996068
2.30515e-05
0.996046
2.25213e-05
0.996023
2.20166e-05
0.996002
2.15355e-05
0.995981
2.10763e-05
0.99596
2.06401e-05
0.99594
2.02269e-05
0.99592
1.98365e-05
0.9959
1.94679e-05
0.995881
1.91194e-05
1.87894e-05
0.995862
0.976935
0.000123088
0.976877
0.000118008
0.976821
0.000112499
0.976768
0.000106848
0.976718
0.000101278
0.976671
9.59367e-05
0.976626
9.08657e-05
0.976583
8.61013e-05
0.976543
8.16923e-05
0.976504
7.76043e-05
0.976468
7.38253e-05
0.976433
7.042e-05
0.9764
6.73521e-05
0.976368
6.45583e-05
0.976337
6.20549e-05
0.976308
5.97735e-05
0.976279
5.76277e-05
0.976252
5.56474e-05
0.976225
5.38349e-05
0.976199
5.21583e-05
0.976174
5.06265e-05
0.97615
4.92289e-05
0.976126
4.79451e-05
0.976103
4.67626e-05
0.97608
4.56585e-05
0.976058
4.46171e-05
0.976037
4.36269e-05
0.976016
4.26813e-05
0.975995
4.17787e-05
0.975975
4.09187e-05
0.975955
4.01037e-05
0.975935
3.93348e-05
0.975916
3.86108e-05
0.975897
3.79294e-05
3.72862e-05
0.975879
0.93692
0.000182614
0.936864
0.000174616
0.93681
0.000166116
0.936759
0.000157523
0.936712
0.000149123
0.936666
0.000141101
0.936624
0.000133552
0.936583
0.000126503
0.936545
0.000119975
0.936509
0.000113974
0.936474
0.000108458
0.936441
0.000103422
0.93641
9.89137e-05
0.936379
9.48838e-05
0.93635
9.11872e-05
0.936322
8.77839e-05
0.936295
8.47018e-05
0.936269
8.18586e-05
0.936243
7.91882e-05
0.936219
7.67328e-05
0.936195
7.44898e-05
0.936172
7.24267e-05
0.936149
7.05444e-05
0.936127
6.88155e-05
0.936106
6.72077e-05
0.936085
6.57027e-05
0.936064
6.42727e-05
0.936044
6.29033e-05
0.936024
6.159e-05
0.936004
6.03291e-05
0.935985
5.91244e-05
0.935967
5.79804e-05
0.935948
5.69001e-05
0.935931
5.5884e-05
5.49282e-05
0.935913
0.876897
0.000239256
0.876844
0.000227961
0.876794
0.000216273
0.876747
0.000204633
0.876703
0.00019336
0.876661
0.00018272
0.876622
0.000172821
0.876585
0.000163602
0.87655
0.000155053
0.876516
0.000147282
0.876484
0.000140274
0.876454
0.000133834
0.876425
0.000127909
0.876397
0.000122639
0.876371
0.000117963
0.876345
0.000113647
0.87632
0.00010965
0.876296
0.000105995
0.876272
0.000102607
0.876249
9.94643e-05
0.876227
9.65689e-05
0.876206
9.38964e-05
0.876185
9.14479e-05
0.876165
8.91992e-05
0.876145
8.71157e-05
0.876125
8.51767e-05
0.876106
8.33467e-05
0.876087
8.1601e-05
0.876069
7.9927e-05
0.876051
7.83151e-05
0.876033
7.67667e-05
0.876016
7.52853e-05
0.875999
7.38757e-05
0.875983
7.25419e-05
7.12831e-05
0.875966
0.796865
0.000291526
0.796816
0.000276469
0.796771
0.000261345
0.796729
0.000246576
0.79669
0.00023249
0.796653
0.000219338
0.796619
0.00020715
0.796587
0.000195906
0.796556
0.000185672
0.796527
0.0001764
0.796499
0.000167949
0.796473
0.000160283
0.796447
0.000153358
0.796423
0.000147071
0.7964
0.000141358
0.796377
0.000136176
0.796355
0.000131473
0.796334
0.000127166
0.796313
0.000123177
0.796293
0.000119483
0.796274
0.000116063
0.796255
0.000112885
0.796236
0.000109942
0.796218
0.000107214
0.796201
0.000104676
0.796184
0.000102311
0.796167
0.000100089
0.796151
9.79879e-05
0.796135
9.59883e-05
0.796119
9.40733e-05
0.796103
9.22367e-05
0.796088
9.04733e-05
0.796073
8.87825e-05
0.796059
8.71657e-05
8.5623e-05
0.796044
0.696821
0.000337096
0.69678
0.000317899
0.696742
0.000299198
0.696707
0.00028138
0.696675
0.000264673
0.696645
0.000249121
0.696618
0.000234849
0.696592
0.000222046
0.696567
0.00021042
0.696544
0.000199592
0.696522
0.000189896
0.6965
0.00018151
0.69648
0.00017379
0.696461
0.000166497
0.696442
0.000159991
0.696424
0.000154159
0.696407
0.000148722
0.69639
0.000143752
0.696374
0.000139252
0.696358
0.000135087
0.696343
0.000131216
0.696329
0.000127619
0.696314
0.00012425
0.6963
0.00012108
0.696287
0.000118101
0.696274
0.0001153
0.696261
0.000112658
0.696249
0.000110166
0.696237
0.000107808
0.696226
0.000105566
0.696215
0.000103425
0.696204
0.000101371
0.696193
9.93939e-05
0.696183
9.74882e-05
9.56503e-05
0.696173
0.576763
0.000371406
0.576734
0.000347598
0.576708
0.000325143
0.576685
0.000304244
0.576664
0.00028502
0.576646
0.000267402
0.57663
0.000251288
0.576615
0.000236822
0.576601
0.000223986
0.576589
0.000212281
0.576577
0.000201431
0.576567
0.000191734
0.576557
0.000183268
0.576548
0.000175541
0.57654
0.000168246
0.576533
0.000161565
0.576526
0.000155518
0.57652
0.000149876
0.576514
0.000144669
0.57651
0.000139943
0.576505
0.000135541
0.576501
0.000131425
0.576498
0.000127589
0.576495
0.000123944
0.576493
0.000120484
0.576491
0.000117207
0.57649
0.000114088
0.576489
0.000111133
0.576488
0.000108335
0.576488
0.000105681
0.576488
0.000103159
0.576489
0.000100752
0.57649
9.84439e-05
0.576491
9.62223e-05
9.40771e-05
0.576493
0.436756
0.000376408
0.436757
0.000346669
0.436762
0.000319494
0.436772
0.000294817
0.436784
0.000272502
0.436799
0.000252425
0.436816
0.000234457
0.436834
0.000218333
0.436855
0.000203837
0.436876
0.000191055
0.436898
0.000179723
0.43692
0.000169158
0.436944
0.00015951
0.436968
0.000151224
0.436993
0.000143741
0.437018
0.000136648
0.437043
0.000130234
0.437068
0.000124379
0.437094
0.000118883
0.43712
0.000113887
0.437147
0.000109321
0.437173
0.000105081
0.437199
0.000101181
0.437226
9.75312e-05
0.437252
9.40844e-05
0.437278
9.0835e-05
0.437305
8.7749e-05
0.437331
8.48298e-05
0.437357
8.2077e-05
0.437384
7.94828e-05
0.43741
7.70445e-05
0.437436
7.47478e-05
0.437462
7.25771e-05
0.437487
7.05164e-05
6.8549e-05
0.437513
0.277549
0.00025436
0.277672
0.000223518
0.277795
0.000196977
0.277915
0.000174179
0.278033
0.000154592
0.278148
0.000137793
0.278259
0.00012344
0.278366
0.000111124
0.278469
0.0001005
0.278569
9.14647e-05
0.278665
8.37487e-05
0.278757
7.69157e-05
0.278846
7.09418e-05
0.278931
6.58735e-05
0.279014
6.14216e-05
0.279093
5.74714e-05
0.279169
5.40196e-05
0.279242
5.08875e-05
0.279313
4.80549e-05
0.279382
4.5553e-05
0.279448
4.32847e-05
0.279511
4.12423e-05
0.279573
3.94144e-05
0.279633
3.77313e-05
0.279691
3.61787e-05
0.279747
3.4736e-05
0.279801
3.33778e-05
0.279854
3.21055e-05
0.279905
3.09132e-05
0.279955
2.97984e-05
0.280003
2.87599e-05
0.28005
2.77912e-05
0.280096
2.68849e-05
0.28014
2.60326e-05
2.52251e-05
0.280184
0.10255
0.102774
0.102971
0.103145
0.103299
0.103437
0.103561
0.103672
0.103772
0.103864
0.103947
0.104024
0.104095
0.104161
0.104223
0.10428
0.104334
0.104385
0.104433
0.104479
0.104522
0.104563
0.104603
0.10464
0.104676
0.104711
0.104745
0.104777
0.104808
0.104837
0.104866
0.104894
0.104921
0.104947
0.104972
0.104997
-2.44494e-05
0.10502
-2.37246e-05
0.105043
-2.30318e-05
0.105066
-2.23668e-05
0.105088
-2.17268e-05
0.105109
-2.11111e-05
0.105129
-2.052e-05
0.105149
-1.99547e-05
0.105169
-1.9416e-05
-1.89045e-05
0.105187
0.280226
-6.66747e-05
0.280268
-6.48873e-05
0.280308
-6.31708e-05
0.280347
-6.15178e-05
0.280385
-5.99244e-05
0.280422
-5.83901e-05
0.280459
-5.69157e-05
0.280494
-5.55035e-05
0.280529
-5.41542e-05
-5.28678e-05
0.280563
0.437539
-9.20764e-05
0.437564
-9.01006e-05
0.437589
-8.81896e-05
0.437614
-8.6341e-05
0.437638
-8.45542e-05
0.437663
-8.28295e-05
0.437687
-8.11672e-05
0.437711
-7.95665e-05
0.437735
-7.80255e-05
-7.65409e-05
0.437759
0.576495
-9.40074e-05
0.576497
-9.23233e-05
0.5765
-9.06974e-05
0.576503
-8.91281e-05
0.576506
-8.76143e-05
0.576509
-8.61549e-05
0.576513
-8.47479e-05
0.576516
-8.33903e-05
0.57652
-8.20782e-05
-8.0807e-05
0.576525
0.696164
-8.43216e-05
0.696154
-8.29247e-05
0.696145
-8.15856e-05
0.696136
-8.03003e-05
0.696128
-7.90647e-05
0.69612
-7.78749e-05
0.696112
-7.67269e-05
0.696104
-7.56169e-05
0.696096
-7.45409e-05
-7.34959e-05
0.696089
0.796031
-7.02784e-05
0.796017
-6.91445e-05
0.796003
-6.80646e-05
0.79599
-6.70321e-05
0.795977
-6.60404e-05
0.795964
-6.50832e-05
0.795952
-6.41556e-05
0.795939
-6.32537e-05
0.795927
-6.23752e-05
-6.15192e-05
0.795915
0.875951
-5.42022e-05
0.875935
-5.33398e-05
0.875919
-5.2521e-05
0.875904
-5.17386e-05
0.875889
-5.09852e-05
0.875874
-5.02547e-05
0.875859
-4.95425e-05
0.875845
-4.88461e-05
0.875831
-4.81649e-05
-4.75001e-05
0.875817
0.935896
-3.68564e-05
0.935879
-3.62787e-05
0.935862
-3.57285e-05
0.935845
-3.52001e-05
0.935829
-3.46882e-05
0.935813
-3.4189e-05
0.935797
-3.37002e-05
0.935782
-3.32212e-05
0.935766
-3.27531e-05
-3.2298e-05
0.935751
0.975861
-1.87032e-05
0.975843
-1.84171e-05
0.975825
-1.81409e-05
0.975808
-1.78719e-05
0.975791
-1.76084e-05
0.975774
-1.73497e-05
0.975757
-1.70963e-05
0.975741
-1.68494e-05
0.975725
-1.66107e-05
-1.6382e-05
0.975709
0.995843
-1.31488e-07
0.995825
-1.38877e-07
0.995807
-1.42858e-07
0.99579
-1.43684e-07
0.995772
-1.4211e-07
0.995755
-1.39346e-07
0.995738
-1.36728e-07
0.995721
-1.35635e-07
0.995705
-1.37162e-07
-1.41835e-07
0.995688
0.995843
1.84755e-05
0.995825
1.81753e-05
0.995807
1.78864e-05
0.995789
1.76071e-05
0.995772
1.73355e-05
0.995755
1.70705e-05
0.995738
1.68118e-05
0.995721
1.65594e-05
0.995705
1.63141e-05
1.60767e-05
0.995688
0.975861
3.66757e-05
0.975843
3.60916e-05
0.975825
3.55282e-05
0.975808
3.49807e-05
0.97579
3.44462e-05
0.975774
3.39231e-05
0.975757
3.34117e-05
0.975741
3.29135e-05
0.975725
3.24307e-05
3.19656e-05
0.975709
0.935896
5.40263e-05
0.935878
5.31698e-05
0.935862
5.23495e-05
0.935845
5.15566e-05
0.935829
5.07846e-05
0.935813
5.00299e-05
0.935797
4.92911e-05
0.935781
4.85691e-05
0.935766
4.78662e-05
4.71855e-05
0.93575
0.87595
7.00947e-05
0.875934
6.8969e-05
0.875919
6.78966e-05
0.875903
6.68675e-05
0.875888
6.58727e-05
0.875874
6.49052e-05
0.875859
6.39612e-05
0.875844
6.30388e-05
0.87583
6.21385e-05
6.12618e-05
0.875816
0.79603
8.41534e-05
0.796016
8.27534e-05
0.796003
8.14176e-05
0.79599
8.01394e-05
0.795977
7.89114e-05
0.795964
7.77264e-05
0.795951
7.65777e-05
0.795939
7.54605e-05
0.795927
7.43715e-05
7.33089e-05
0.795914
0.696163
9.38802e-05
0.696154
9.21781e-05
0.696145
9.05438e-05
0.696136
8.89759e-05
0.696127
8.74712e-05
0.696119
8.60246e-05
0.696111
8.46294e-05
0.696103
8.32791e-05
0.696095
8.19672e-05
8.06889e-05
0.696088
0.576494
9.20043e-05
0.576497
9.00023e-05
0.576499
8.80723e-05
0.576502
8.6215e-05
0.576505
8.44305e-05
0.576508
8.27173e-05
0.576512
8.10716e-05
0.576516
7.94881e-05
0.57652
7.79604e-05
7.64819e-05
0.576524
0.437538
6.66635e-05
0.437563
6.48511e-05
0.437588
6.31087e-05
0.437613
6.14352e-05
0.437638
5.98319e-05
0.437662
5.82995e-05
0.437686
5.68382e-05
0.43771
5.54455e-05
0.437734
5.41179e-05
5.28492e-05
0.437758
0.280226
2.44555e-05
0.280267
2.37186e-05
0.280307
2.30119e-05
0.280346
2.23346e-05
0.280384
2.16873e-05
0.280422
2.10706e-05
0.280458
2.04852e-05
0.280494
1.993e-05
0.280528
1.94038e-05
1.89036e-05
0.280562
0.104997
0.10502
0.105043
0.105066
0.105087
0.105108
0.105129
0.105149
0.105168
0.105187
0.105206
-1.84193e-05
0.105224
-1.7959e-05
0.105241
-1.75209e-05
0.105259
-1.71023e-05
0.105275
-1.66999e-05
0.105292
-1.63112e-05
0.105307
-1.59341e-05
0.105323
-1.55675e-05
0.105338
-1.52108e-05
0.105353
-1.48645e-05
0.105368
-1.45291e-05
0.105382
-1.42055e-05
0.105396
-1.38945e-05
0.105409
-1.35967e-05
0.105423
-1.33119e-05
0.105436
-1.30398e-05
0.105448
-1.27796e-05
0.105461
-1.25301e-05
0.105473
-1.22899e-05
0.105485
-1.20578e-05
0.105497
-1.18324e-05
0.105509
-1.16127e-05
0.10552
-1.13979e-05
0.105531
-1.11878e-05
0.105542
-1.0982e-05
0.105553
-1.07809e-05
0.105564
-1.05847e-05
0.105574
-1.03941e-05
0.105584
-1.02094e-05
0.105594
-1.00313e-05
0.105604
-9.85989e-06
0.105614
-9.69567e-06
0.105623
-9.53866e-06
0.105633
-9.389e-06
-9.24661e-06
0.105642
0.280596
-5.16414e-05
0.280629
-5.04709e-05
0.280661
-4.93503e-05
0.280692
-4.82732e-05
0.280722
-4.72335e-05
0.280752
-4.6226e-05
0.280781
-4.5247e-05
0.28081
-4.42946e-05
0.280838
-4.33681e-05
0.280866
-4.24686e-05
0.280893
-4.15971e-05
0.28092
-4.07555e-05
0.280946
-3.99447e-05
0.280971
-3.91655e-05
0.280996
-3.84172e-05
0.281021
-3.76987e-05
0.281045
-3.70077e-05
0.281069
-3.63417e-05
0.281092
-3.56978e-05
0.281115
-3.50731e-05
0.281138
-3.4465e-05
0.28116
-3.38716e-05
0.281182
-3.32915e-05
0.281204
-3.2724e-05
0.281225
-3.21689e-05
0.281246
-3.16266e-05
0.281266
-3.10978e-05
0.281286
-3.05836e-05
0.281306
-3.00845e-05
0.281326
-2.96017e-05
0.281345
-2.91355e-05
0.281364
-2.86865e-05
0.281383
-2.82546e-05
0.281401
-2.78402e-05
-2.7443e-05
0.28142
0.437782
-7.51084e-05
0.437805
-7.37232e-05
0.437828
-7.23802e-05
0.437851
-7.10752e-05
0.437874
-6.98049e-05
0.437896
-6.85672e-05
0.437918
-6.73608e-05
0.43794
-6.61858e-05
0.437962
-6.50425e-05
0.437983
-6.39317e-05
0.438005
-6.28541e-05
0.438026
-6.18098e-05
0.438046
-6.07985e-05
0.438067
-5.98193e-05
0.438088
-5.88706e-05
0.438108
-5.79503e-05
0.438128
-5.70562e-05
0.438148
-5.61859e-05
0.438167
-5.53371e-05
0.438187
-5.45079e-05
0.438206
-5.36967e-05
0.438225
-5.29025e-05
0.438244
-5.21249e-05
0.438263
-5.13636e-05
0.438281
-5.0619e-05
0.438299
-4.98915e-05
0.438317
-4.91818e-05
0.438335
-4.84905e-05
0.438353
-4.78181e-05
0.43837
-4.7165e-05
0.438388
-4.65315e-05
0.438405
-4.59178e-05
0.438422
-4.5324e-05
0.438439
-4.47502e-05
-4.41969e-05
0.438456
0.576529
-7.95724e-05
0.576534
-7.83704e-05
0.576539
-7.71981e-05
0.576544
-7.60536e-05
0.576549
-7.49362e-05
0.576554
-7.38461e-05
0.576559
-7.2784e-05
0.576565
-7.17508e-05
0.576571
-7.07469e-05
0.576577
-6.97726e-05
0.576583
-6.88271e-05
0.576589
-6.79095e-05
0.576595
-6.70179e-05
0.576601
-6.61501e-05
0.576608
-6.53041e-05
0.576614
-6.44775e-05
0.576621
-6.36685e-05
0.576627
-6.28754e-05
0.576634
-6.20973e-05
0.576641
-6.13335e-05
0.576648
-6.05836e-05
0.576655
-5.98479e-05
0.576662
-5.91268e-05
0.576669
-5.84206e-05
0.576676
-5.77299e-05
0.576683
-5.7055e-05
0.57669
-5.63965e-05
0.576698
-5.57544e-05
0.576705
-5.51288e-05
0.576712
-5.45198e-05
0.57672
-5.39271e-05
0.576727
-5.33509e-05
0.576735
-5.27912e-05
0.576742
-5.22486e-05
-5.1724e-05
0.57675
0.696082
-7.24792e-05
0.696075
-7.14889e-05
0.696068
-7.05241e-05
0.696062
-6.95848e-05
0.696056
-6.86712e-05
0.696049
-6.7784e-05
0.696044
-6.6924e-05
0.696038
-6.60911e-05
0.696033
-6.52852e-05
0.696027
-6.45053e-05
0.696022
-6.37499e-05
0.696017
-6.30168e-05
0.696013
-6.23038e-05
0.696008
-6.16085e-05
0.696004
-6.09287e-05
0.695999
-6.02626e-05
0.695995
-5.96089e-05
0.695991
-5.89668e-05
0.695988
-5.83358e-05
0.695984
-5.77162e-05
0.695981
-5.71084e-05
0.695977
-5.6513e-05
0.695974
-5.59307e-05
0.695971
-5.5362e-05
0.695968
-5.48075e-05
0.695965
-5.42672e-05
0.695963
-5.37413e-05
0.69596
-5.32294e-05
0.695958
-5.27314e-05
0.695955
-5.22469e-05
0.695953
-5.17756e-05
0.695951
-5.13172e-05
0.695949
-5.08722e-05
0.695948
-5.04411e-05
-5.00251e-05
0.695946
0.795903
-6.0686e-05
0.795892
-5.98761e-05
0.79588
-5.90907e-05
0.795869
-5.83308e-05
0.795858
-5.75971e-05
0.795847
-5.68898e-05
0.795836
-5.62082e-05
0.795826
-5.55512e-05
0.795816
-5.49172e-05
0.795805
-5.43042e-05
0.795795
-5.37098e-05
0.795785
-5.31319e-05
0.795776
-5.25683e-05
0.795766
-5.20174e-05
0.795757
-5.14777e-05
0.795747
-5.09483e-05
0.795738
-5.04289e-05
0.795729
-4.99192e-05
0.79572
-4.94197e-05
0.795711
-4.89306e-05
0.795703
-4.84527e-05
0.795694
-4.79865e-05
0.795686
-4.75324e-05
0.795678
-4.70908e-05
0.795669
-4.66616e-05
0.795661
-4.6245e-05
0.795654
-4.58405e-05
0.795646
-4.54478e-05
0.795638
-4.50664e-05
0.795631
-4.46959e-05
0.795623
-4.4336e-05
0.795616
-4.39867e-05
0.795609
-4.36482e-05
0.795601
-4.33214e-05
-4.30076e-05
0.795594
0.875803
-4.68537e-05
0.875789
-4.62281e-05
0.875776
-4.56254e-05
0.875762
-4.50467e-05
0.875749
-4.44923e-05
0.875736
-4.39613e-05
0.875724
-4.3452e-05
0.875711
-4.29619e-05
0.875699
-4.24885e-05
0.875686
-4.20293e-05
0.875674
-4.15818e-05
0.875662
-4.11444e-05
0.87565
-4.07159e-05
0.875639
-4.02955e-05
0.875627
-3.98832e-05
0.875616
-3.9479e-05
0.875604
-3.90834e-05
0.875593
-3.86968e-05
0.875582
-3.83198e-05
0.875571
-3.79529e-05
0.87556
-3.75962e-05
0.875549
-3.72499e-05
0.875539
-3.69139e-05
0.875528
-3.65881e-05
0.875518
-3.62722e-05
0.875508
-3.59656e-05
0.875497
-3.56679e-05
0.875487
-3.53788e-05
0.875477
-3.50978e-05
0.875468
-3.48247e-05
0.875458
-3.45594e-05
0.875448
-3.43023e-05
0.875439
-3.40536e-05
0.875429
-3.38144e-05
-3.35861e-05
0.87542
0.935736
-3.18582e-05
0.935721
-3.14361e-05
0.935707
-3.10328e-05
0.935692
-3.06489e-05
0.935678
-3.02834e-05
0.935664
-2.99345e-05
0.93565
-2.95998e-05
0.935636
-2.92767e-05
0.935623
-2.89625e-05
0.935609
-2.86552e-05
0.935596
-2.83534e-05
0.935583
-2.80562e-05
0.93557
-2.77637e-05
0.935557
-2.74762e-05
0.935545
-2.71945e-05
0.935532
-2.69196e-05
0.93552
-2.66523e-05
0.935507
-2.63933e-05
0.935495
-2.61429e-05
0.935483
-2.59012e-05
0.935471
-2.56681e-05
0.935459
-2.5443e-05
0.935448
-2.52254e-05
0.935436
-2.50147e-05
0.935425
-2.481e-05
0.935413
-2.46109e-05
0.935402
-2.44169e-05
0.935391
-2.42276e-05
0.93538
-2.40428e-05
0.935369
-2.38627e-05
0.935358
-2.36873e-05
0.935347
-2.35173e-05
0.935337
-2.33531e-05
0.935326
-2.31959e-05
-2.30466e-05
0.935315
0.975693
-1.61647e-05
0.975678
-1.59594e-05
0.975662
-1.57661e-05
0.975647
-1.5584e-05
0.975633
-1.54114e-05
0.975618
-1.52464e-05
0.975603
-1.50869e-05
0.975589
-1.49309e-05
0.975575
-1.47769e-05
0.975561
-1.46241e-05
0.975547
-1.44721e-05
0.975533
-1.43212e-05
0.97552
-1.4172e-05
0.975506
-1.40257e-05
0.975493
-1.38832e-05
0.97548
-1.37455e-05
0.975467
-1.36135e-05
0.975454
-1.34877e-05
0.975441
-1.3368e-05
0.975428
-1.32543e-05
0.975416
-1.31461e-05
0.975403
-1.30428e-05
0.975391
-1.29434e-05
0.975379
-1.28472e-05
0.975367
-1.27536e-05
0.975355
-1.2662e-05
0.975343
-1.25719e-05
0.975331
-1.24832e-05
0.97532
-1.23959e-05
0.975308
-1.23102e-05
0.975297
-1.22264e-05
0.975285
-1.21451e-05
0.975274
-1.20667e-05
0.975263
-1.1992e-05
-1.19218e-05
0.975252
0.995672
-1.49748e-07
0.995657
-1.60466e-07
0.995641
-1.73334e-07
0.995626
-1.87418e-07
0.99561
-2.01741e-07
0.995595
-2.15413e-07
0.995581
-2.27752e-07
0.995566
-2.38375e-07
0.995551
-2.47129e-07
0.995537
-2.5414e-07
0.995523
-2.59723e-07
0.995509
-2.64398e-07
0.995495
-2.6875e-07
0.995481
-2.73382e-07
0.995467
-2.78833e-07
0.995454
-2.85538e-07
0.995441
-2.93794e-07
0.995427
-3.03735e-07
0.995414
-3.15344e-07
0.995401
-3.28437e-07
0.995389
-3.42713e-07
0.995376
-3.57796e-07
0.995363
-3.733e-07
0.995351
-3.88826e-07
0.995339
-4.04015e-07
0.995326
-4.18582e-07
0.995314
-4.32355e-07
0.995302
-4.45268e-07
0.99529
-4.57334e-07
0.995278
-4.68635e-07
0.995267
-4.79323e-07
0.995255
-4.89616e-07
0.995243
-4.99723e-07
0.995232
-5.09835e-07
-5.2009e-07
0.995221
0.995672
1.58479e-05
0.995657
1.56283e-05
0.995641
1.54182e-05
0.995626
1.5217e-05
0.99561
1.5024e-05
0.995595
1.48379e-05
0.99558
1.46575e-05
0.995566
1.44816e-05
0.995551
1.43089e-05
0.995537
1.4139e-05
0.995523
1.39713e-05
0.995508
1.38058e-05
0.995495
1.36429e-05
0.995481
1.3483e-05
0.995467
1.33264e-05
0.995454
1.31735e-05
0.99544
1.30247e-05
0.995427
1.288e-05
0.995414
1.27395e-05
0.995401
1.26028e-05
0.995388
1.24697e-05
0.995376
1.234e-05
0.995363
1.22133e-05
0.995351
1.20893e-05
0.995338
1.19678e-05
0.995326
1.18487e-05
0.995314
1.1732e-05
0.995302
1.16177e-05
0.99529
1.15059e-05
0.995278
1.13968e-05
0.995266
1.12905e-05
0.995255
1.11874e-05
0.995243
1.10878e-05
0.995231
1.09921e-05
1.0901e-05
0.99522
0.975693
3.15199e-05
0.975678
3.10944e-05
0.975662
3.06888e-05
0.975647
3.03015e-05
0.975632
2.99304e-05
0.975618
2.95726e-05
0.975603
2.92252e-05
0.975589
2.88856e-05
0.975574
2.85518e-05
0.97556
2.82227e-05
0.975546
2.78978e-05
0.975533
2.75772e-05
0.975519
2.72618e-05
0.975505
2.69527e-05
0.975492
2.6651e-05
0.975479
2.63574e-05
0.975466
2.60727e-05
0.975453
2.57971e-05
0.97544
2.55305e-05
0.975428
2.52724e-05
0.975415
2.50222e-05
0.975403
2.4779e-05
0.97539
2.45421e-05
0.975378
2.43106e-05
0.975366
2.4084e-05
0.975354
2.38618e-05
0.975342
2.36437e-05
0.97533
2.34299e-05
0.975318
2.32204e-05
0.975307
2.30157e-05
0.975295
2.28161e-05
0.975284
2.26223e-05
0.975273
2.24352e-05
0.975261
2.22558e-05
2.20852e-05
0.97525
0.935735
4.65297e-05
0.935721
4.59003e-05
0.935706
4.52976e-05
0.935692
4.47208e-05
0.935677
4.41677e-05
0.935663
4.36354e-05
0.935649
4.31206e-05
0.935636
4.26201e-05
0.935622
4.21313e-05
0.935609
4.16522e-05
0.935595
4.11816e-05
0.935582
4.0719e-05
0.935569
4.02648e-05
0.935556
3.98194e-05
0.935544
3.93839e-05
0.935531
3.8959e-05
0.935519
3.85454e-05
0.935506
3.81434e-05
0.935494
3.77531e-05
0.935482
3.73743e-05
0.93547
3.70064e-05
0.935458
3.66487e-05
0.935446
3.63004e-05
0.935435
3.59607e-05
0.935423
3.5629e-05
0.935412
3.53047e-05
0.9354
3.49873e-05
0.935389
3.46767e-05
0.935378
3.4373e-05
0.935367
3.40764e-05
0.935356
3.37874e-05
0.935345
3.35067e-05
0.935334
3.32353e-05
0.935323
3.29744e-05
3.27258e-05
0.935313
0.875802
6.04109e-05
0.875788
5.95879e-05
0.875775
5.87942e-05
0.875762
5.80302e-05
0.875749
5.72951e-05
0.875736
5.65875e-05
0.875723
5.5905e-05
0.87571
5.52449e-05
0.875698
5.46045e-05
0.875685
5.39809e-05
0.875673
5.3372e-05
0.875661
5.27762e-05
0.875649
5.21923e-05
0.875637
5.16197e-05
0.875626
5.10582e-05
0.875614
5.05081e-05
0.875603
4.99699e-05
0.875591
4.94438e-05
0.87558
4.89303e-05
0.875569
4.84296e-05
0.875558
4.79417e-05
0.875547
4.74666e-05
0.875537
4.7004e-05
0.875526
4.65532e-05
0.875516
4.61138e-05
0.875505
4.56852e-05
0.875495
4.52669e-05
0.875485
4.48585e-05
0.875475
4.44598e-05
0.875465
4.40706e-05
0.875455
4.36912e-05
0.875445
4.33221e-05
0.875435
4.29643e-05
0.875426
4.26189e-05
4.22879e-05
0.875416
0.795903
7.22723e-05
0.795891
7.12625e-05
0.795879
7.02809e-05
0.795868
6.93289e-05
0.795857
6.84073e-05
0.795846
6.75165e-05
0.795835
6.66559e-05
0.795825
6.58243e-05
0.795814
6.50194e-05
0.795804
6.42388e-05
0.795794
6.34795e-05
0.795784
6.27389e-05
0.795774
6.20146e-05
0.795765
6.13047e-05
0.795755
6.06078e-05
0.795746
5.99235e-05
0.795736
5.92513e-05
0.795727
5.85917e-05
0.795718
5.7945e-05
0.795709
5.7312e-05
0.7957
5.66932e-05
0.795692
5.6089e-05
0.795683
5.54996e-05
0.795675
5.49249e-05
0.795667
5.43647e-05
0.795659
5.38185e-05
0.795651
5.32856e-05
0.795643
5.27657e-05
0.795635
5.22581e-05
0.795627
5.17625e-05
0.79562
5.12788e-05
0.795612
5.08074e-05
0.795605
5.03487e-05
0.795597
4.9904e-05
4.9475e-05
0.79559
0.696081
7.94404e-05
0.696074
7.82202e-05
0.696067
7.70281e-05
0.696061
7.58652e-05
0.696054
7.4733e-05
0.696048
7.36331e-05
0.696042
7.25663e-05
0.696037
7.1533e-05
0.696031
7.05321e-05
0.696026
6.95622e-05
0.696021
6.86205e-05
0.696016
6.77046e-05
0.696011
6.68113e-05
0.696006
6.59382e-05
0.696002
6.50829e-05
0.695997
6.4244e-05
0.695993
6.34205e-05
0.695989
6.2612e-05
0.695985
6.18185e-05
0.695982
6.10407e-05
0.695978
6.02789e-05
0.695975
5.95339e-05
0.695971
5.88059e-05
0.695968
5.80953e-05
0.695965
5.74019e-05
0.695962
5.67258e-05
0.695959
5.60663e-05
0.695957
5.54231e-05
0.695954
5.47955e-05
0.695952
5.41834e-05
0.69595
5.35861e-05
0.695947
5.3004e-05
0.695945
5.24373e-05
0.695943
5.18869e-05
5.13541e-05
0.695941
0.576528
7.50469e-05
0.576533
7.36511e-05
0.576538
7.22914e-05
0.576542
7.09665e-05
0.576547
6.96764e-05
0.576553
6.84217e-05
0.576558
6.72036e-05
0.576564
6.60228e-05
0.576569
6.48799e-05
0.576575
6.37741e-05
0.576581
6.27045e-05
0.576587
6.1669e-05
0.576593
6.06655e-05
0.576599
5.96909e-05
0.576606
5.8743e-05
0.576612
5.7819e-05
0.576619
5.69173e-05
0.576625
5.60361e-05
0.576632
5.51745e-05
0.576639
5.4332e-05
0.576645
5.35085e-05
0.576652
5.27039e-05
0.576659
5.19186e-05
0.576666
5.11527e-05
0.576673
5.04065e-05
0.57668
4.96798e-05
0.576687
4.89729e-05
0.576694
4.82853e-05
0.576701
4.76168e-05
0.576709
4.6967e-05
0.576716
4.63357e-05
0.576723
4.57226e-05
0.576731
4.51279e-05
0.576738
4.45518e-05
4.3995e-05
0.576745
0.437781
5.16334e-05
0.437804
5.04633e-05
0.437827
4.93339e-05
0.43785
4.82403e-05
0.437873
4.71801e-05
0.437895
4.61516e-05
0.437917
4.51551e-05
0.437939
4.41907e-05
0.43796
4.32599e-05
0.437982
4.23628e-05
0.438003
4.14999e-05
0.438024
4.06703e-05
0.438045
3.9873e-05
0.438065
3.91056e-05
0.438086
3.83663e-05
0.438106
3.76519e-05
0.438126
3.69603e-05
0.438146
3.62889e-05
0.438165
3.56362e-05
0.438184
3.50003e-05
0.438204
3.43808e-05
0.438223
3.37766e-05
0.438241
3.31882e-05
0.43826
3.26151e-05
0.438278
3.20579e-05
0.438296
3.15166e-05
0.438314
3.09917e-05
0.438332
3.04829e-05
0.43835
2.99907e-05
0.438367
2.95146e-05
0.438384
2.90547e-05
0.438402
2.86105e-05
0.438419
2.81822e-05
0.438435
2.77694e-05
2.73725e-05
0.438452
0.280595
1.84266e-05
0.280628
1.79692e-05
0.28066
1.75289e-05
0.280691
1.71029e-05
0.280721
1.66904e-05
0.280751
1.62904e-05
0.28078
1.59032e-05
0.280809
1.5529e-05
0.280837
1.51689e-05
0.280865
1.48229e-05
0.280892
1.44917e-05
0.280918
1.41747e-05
0.280944
1.38718e-05
0.28097
1.35816e-05
0.280995
1.33035e-05
0.281019
1.30356e-05
0.281044
1.27771e-05
0.281067
1.25263e-05
0.281091
1.22829e-05
0.281114
1.20457e-05
0.281136
1.18148e-05
0.281158
1.15894e-05
0.28118
1.13702e-05
0.281202
1.11567e-05
0.281223
1.09496e-05
0.281244
1.07487e-05
0.281264
1.05547e-05
0.281284
1.03673e-05
0.281304
1.01868e-05
0.281323
1.0013e-05
0.281343
9.84606e-06
0.281362
9.68553e-06
0.28138
9.53166e-06
0.281399
9.38403e-06
9.24301e-06
0.281417
0.105206
0.105224
0.105241
0.105258
0.105275
0.105291
0.105307
0.105323
0.105338
0.105353
0.105367
0.105381
0.105395
0.105409
0.105422
0.105435
0.105448
0.10546
0.105473
0.105485
0.105496
0.105508
0.105519
0.105531
0.105542
0.105552
0.105563
0.105573
0.105583
0.105593
0.105603
0.105613
0.105622
0.105632
0.105641
0.105651
-9.11149e-06
0.10566
-8.9836e-06
0.105669
-8.86253e-06
0.105678
-8.7497e-06
0.105686
-8.63732e-06
0.105695
-8.54517e-06
0.105703
-8.36599e-06
0.105712
-8.37597e-06
0.105719
-7.43251e-06
-9.06536e-06
0.281437
-2.70631e-05
0.281455
-2.67009e-05
0.281473
-2.63565e-05
0.28149
-2.60311e-05
0.281507
-2.57228e-05
0.281524
-2.54373e-05
0.281541
-2.51366e-05
0.281557
-2.49107e-05
0.281574
-2.43916e-05
-2.47544e-05
0.438472
-4.36648e-05
0.438489
-4.3155e-05
0.438505
-4.26698e-05
0.438521
-4.22111e-05
0.438537
-4.17867e-05
0.438553
-4.13908e-05
0.438569
-4.10722e-05
0.438585
-4.07256e-05
0.438602
-4.0758e-05
-4.00751e-05
0.576757
-5.1219e-05
0.576765
-5.07358e-05
0.576772
-5.02784e-05
0.57678
-4.98503e-05
0.576788
-4.94655e-05
0.576795
-4.91148e-05
0.576803
-4.88863e-05
0.576811
-4.85889e-05
0.576819
-4.89388e-05
-4.8021e-05
0.695944
-4.96264e-05
0.695943
-4.92479e-05
0.695941
-4.88943e-05
0.69594
-4.85702e-05
0.695939
-4.82901e-05
0.695938
-4.80477e-05
0.695937
-4.79224e-05
0.695936
-4.77487e-05
0.695935
-4.81139e-05
-4.74769e-05
0.795587
-4.27091e-05
0.795581
-4.24288e-05
0.795574
-4.21715e-05
0.795567
-4.19416e-05
0.795561
-4.17513e-05
0.795554
-4.15976e-05
0.795548
-4.15355e-05
0.795542
-4.14507e-05
0.795535
-4.17197e-05
-4.13844e-05
0.87541
-3.33706e-05
0.875401
-3.31706e-05
0.875392
-3.29899e-05
0.875383
-3.28325e-05
0.875374
-3.27067e-05
0.875365
-3.26118e-05
0.875356
-3.258e-05
0.875347
-3.25471e-05
0.875338
-3.27163e-05
-3.25559e-05
0.935305
-2.2907e-05
0.935295
-2.2779e-05
0.935284
-2.26652e-05
0.935274
-2.25683e-05
0.935264
-2.24935e-05
0.935254
-2.24405e-05
0.935243
-2.24278e-05
0.935233
-2.24158e-05
0.935223
-2.25205e-05
-2.24427e-05
0.975241
-1.1857e-05
0.97523
-1.17986e-05
0.975219
-1.1748e-05
0.975208
-1.17064e-05
0.975197
-1.16763e-05
0.975186
-1.16572e-05
0.975176
-1.1657e-05
0.975165
-1.16587e-05
0.975154
-1.1713e-05
-1.16821e-05
0.995209
-5.30598e-07
0.995198
-5.41382e-07
0.995187
-5.52404e-07
0.995176
-5.63568e-07
0.995165
-5.74632e-07
0.995153
-5.85311e-07
0.995142
-5.95765e-07
0.995131
-6.05166e-07
0.99512
-6.13678e-07
-6.20526e-07
0.995209
1.08151e-05
0.995197
1.07356e-05
0.995186
1.06638e-05
0.995175
1.06011e-05
0.995164
1.05501e-05
0.995153
1.05109e-05
0.995142
1.04917e-05
0.995131
1.04769e-05
0.99512
1.05119e-05
1.04705e-05
0.975239
2.1925e-05
0.975228
2.17772e-05
0.975217
2.16445e-05
0.975206
2.15294e-05
0.975195
2.14373e-05
0.975184
2.13681e-05
0.975173
2.13398e-05
0.975163
2.1314e-05
0.975152
2.14062e-05
2.13165e-05
0.935302
3.24914e-05
0.935292
3.22742e-05
0.935281
3.20777e-05
0.935271
3.1906e-05
0.935261
3.17673e-05
0.93525
3.16607e-05
0.93524
3.16183e-05
0.93523
3.15764e-05
0.935219
3.17356e-05
3.15666e-05
0.875407
4.19736e-05
0.875397
4.16793e-05
0.875388
4.14096e-05
0.875379
4.11692e-05
0.875369
4.09698e-05
0.87536
4.08083e-05
0.875351
4.07401e-05
0.875342
4.06502e-05
0.875333
4.09146e-05
4.05735e-05
0.795583
4.90643e-05
0.795576
4.8675e-05
0.795569
4.83122e-05
0.795563
4.79806e-05
0.795556
4.76945e-05
0.795549
4.74477e-05
0.795543
4.73196e-05
0.795536
4.71429e-05
0.795529
4.75119e-05
4.68717e-05
0.69594
5.0841e-05
0.695938
5.03504e-05
0.695936
4.98866e-05
0.695935
4.94534e-05
0.695934
4.90651e-05
0.695932
4.87123e-05
0.695931
4.84836e-05
0.69593
4.81894e-05
0.695929
4.8543e-05
4.76277e-05
0.576753
4.34588e-05
0.57676
4.29448e-05
0.576767
4.24558e-05
0.576775
4.19941e-05
0.576782
4.15681e-05
0.57679
4.11716e-05
0.576798
4.08562e-05
0.576805
4.05102e-05
0.576813
4.05559e-05
3.98719e-05
0.438468
2.69916e-05
0.438485
2.66278e-05
0.438501
2.62814e-05
0.438517
2.59545e-05
0.438533
2.5645e-05
0.438549
2.53604e-05
0.438565
2.50612e-05
0.43858
2.48378e-05
0.438596
2.43282e-05
2.4688e-05
0.281435
9.10833e-06
0.281452
8.98054e-06
0.28147
8.85878e-06
0.281487
8.74593e-06
0.281504
8.63346e-06
0.281521
8.54082e-06
0.281538
8.3628e-06
0.281554
8.37399e-06
0.281571
7.43696e-06
9.05944e-06
0.10565
0.105659
0.105668
0.105677
0.105685
0.105694
0.105702
0.105711
0.105718
)
;

boundaryField
{
    inlet
    {
        type            calculated;
        value           nonuniform List<scalar> 
20
(
-0.0975
-0.2775
-0.4375
-0.5775
-0.6975
-0.7975
-0.8775
-0.9375
-0.9775
-0.9975
-0.9975
-0.9775
-0.9375
-0.8775
-0.7975
-0.6975
-0.5775
-0.4375
-0.2775
-0.0975
)
;
    }
    outlet
    {
        type            calculated;
        value           nonuniform List<scalar> 
20
(
0.105728
0.28159
0.438617
0.576827
0.695935
0.795529
0.875329
0.935213
0.975143
0.995109
0.995108
0.975141
0.935209
0.875324
0.795523
0.695928
0.576821
0.438612
0.281587
0.105727
)
;
    }
    upperWall
    {
        type            calculated;
        value           uniform 0;
    }
    lowerWall
    {
        type            calculated;
        value           uniform 0;
    }
    frontAndBack
    {
        type            empty;
    }
}


// ************************************************************************* //
