/*--------------------------------*- C++ -*----------------------------------*\
| =========                 |                                                 |
| \\      /  F ield         | OpenFOAM: The Open Source CFD Toolbox           |
|  \\    /   O peration     | Version:  2406                                  |
|   \\  /    A nd           | Website:  www.openfoam.com                      |
|    \\/     M anipulation  |                                                 |
\*---------------------------------------------------------------------------*/
FoamFile
{
    version     2.0;
    format      ascii;
    arch        "LSB;label=32;scalar=64";
    class       volVectorField;
    location    "125";
    object      U;
}
// * * * * * * * * * * * * * * * * * * * * * * * * * * * * * * * * * * * * * //

dimensions      [0 1 -1 0 0 0 0];

internalField   nonuniform List<vector> 
1900
(
(0.949593 -0.00485271 0)
(0.961034 -0.00910926 0)
(0.975231 -0.00953572 0)
(0.988597 -0.00898622 0)
(1.00215 -0.00860473 0)
(1.0169 -0.00850517 0)
(1.03315 -0.00871384 0)
(1.05082 -0.00969949 0)
(1.07208 -0.00982323 0)
(1.08401 -0.0329248 0)
(2.54548 -0.00502552 0)
(2.54531 -0.0118805 0)
(2.54843 -0.015604 0)
(2.55269 -0.0180551 0)
(2.55894 -0.0203798 0)
(2.56792 -0.0229043 0)
(2.57968 -0.0258329 0)
(2.5942 -0.0297538 0)
(2.61169 -0.035148 0)
(2.63055 -0.0449578 0)
(3.74683 -0.00411038 0)
(3.74709 -0.0108082 0)
(3.7489 -0.015813 0)
(3.75051 -0.020092 0)
(3.75309 -0.0244114 0)
(3.75757 -0.0290744 0)
(3.76395 -0.0343136 0)
(3.77191 -0.0405891 0)
(3.78101 -0.0484138 0)
(3.79008 -0.0590797 0)
(4.54739 -0.00357062 0)
(4.54761 -0.0101603 0)
(4.54859 -0.0160196 0)
(4.54861 -0.0215254 0)
(4.54878 -0.0271119 0)
(4.55003 -0.0330322 0)
(4.5523 -0.0394815 0)
(4.55519 -0.0467119 0)
(4.55827 -0.0549215 0)
(4.56099 -0.0641455 0)
(4.94755 -0.00311234 0)
(4.94743 -0.00915895 0)
(4.94751 -0.0150097 0)
(4.94602 -0.020827 0)
(4.94399 -0.0268112 0)
(4.94234 -0.0331124 0)
(4.941 -0.03985 0)
(4.93958 -0.0471248 0)
(4.93777 -0.0549485 0)
(4.93526 -0.0631714 0)
(4.94749 -0.00247137 0)
(4.94688 -0.00747427 0)
(4.94596 -0.0127198 0)
(4.94292 -0.0182591 0)
(4.93881 -0.0240751 0)
(4.93449 -0.0301872 0)
(4.92993 -0.0366418 0)
(4.92475 -0.0434524 0)
(4.91869 -0.0505552 0)
(4.91159 -0.0577831 0)
(4.54719 -0.00148739 0)
(4.54597 -0.00494007 0)
(4.54399 -0.00916821 0)
(4.53941 -0.0139586 0)
(4.53334 -0.0190531 0)
(4.52666 -0.024393 0)
(4.51927 -0.0299991 0)
(4.51079 -0.0358394 0)
(4.50104 -0.0418113 0)
(4.48991 -0.0477564 0)
(3.74651 8.13017e-05 0)
(3.74439 -0.00126923 0)
(3.74136 -0.00433258 0)
(3.73547 -0.00821751 0)
(3.72784 -0.0123093 0)
(3.71927 -0.0165192 0)
(3.7096 -0.0208878 0)
(3.6985 -0.0253645 0)
(3.6858 -0.029835 0)
(3.67142 -0.0341732 0)
(2.54507 0.00238008 0)
(2.54171 0.00398493 0)
(2.53839 0.00254621 0)
(2.5327 -0.000104163 0)
(2.52542 -0.00293813 0)
(2.51711 -0.00582072 0)
(2.50754 -0.00879031 0)
(2.49635 -0.0117731 0)
(2.48335 -0.0146503 0)
(2.46852 -0.0173282 0)
(0.949185 0.00349173 0)
(0.957317 0.00558415 0)
(0.964723 0.00436344 0)
(0.967874 0.00249922 0)
(0.968089 0.000945088 0)
(0.966424 -0.000351035 0)
(0.962859 -0.00150273 0)
(0.957221 -0.00249237 0)
(0.949603 -0.00328494 0)
(0.940235 -0.00388022 0)
(0.000141723 -0.000186816 0)
(-0.00135984 0.00031275 0)
(-0.00466886 0.000674703 0)
(-0.00894728 0.000799134 0)
(-0.0135131 0.000831461 0)
(-0.0181223 0.000842146 0)
(-0.0227239 0.000852734 0)
(-0.0273157 0.000865929 0)
(-0.0318991 0.000879325 0)
(-0.0364713 0.000890679 0)
(-0.0410263 0.000899008 0)
(-0.0455583 0.000904267 0)
(-0.0500626 0.00090692 0)
(-0.0545371 0.000907659 0)
(-0.0589816 0.000907271 0)
(-0.0633977 0.000906552 0)
(-0.0677883 0.000906234 0)
(-0.0721568 0.000906901 0)
(-0.0765066 0.000908907 0)
(-0.0808397 0.000912274 0)
(-0.0851569 0.000916681 0)
(-0.0894568 0.000921456 0)
(-0.0937364 0.000925717 0)
(-0.0979919 0.000928508 0)
(-0.10222 0.000929054 0)
(-0.106419 0.000926985 0)
(-0.110592 0.000922542 0)
(-0.114746 0.000916716 0)
(-0.118895 0.000911268 0)
(-0.123057 0.000908481 0)
(-0.127257 0.000910596 0)
(-0.131518 0.000919258 0)
(-0.135865 0.000935415 0)
(-0.140317 0.000959126 0)
(-0.144889 0.000989726 0)
(-0.000710034 0.00154153 0)
(-0.00697451 0.00534065 0)
(-0.0168236 0.00783205 0)
(-0.0284612 0.0088692 0)
(-0.0405565 0.00917121 0)
(-0.0526479 0.00921155 0)
(-0.0646048 0.00918501 0)
(-0.0763941 0.00914581 0)
(-0.088007 0.00909999 0)
(-0.0994394 0.00904471 0)
(-0.110689 0.00897933 0)
(-0.121755 0.00890601 0)
(-0.132641 0.0088283 0)
(-0.143353 0.00874992 0)
(-0.153901 0.00867416 0)
(-0.164294 0.00860339 0)
(-0.174545 0.00853887 0)
(-0.184664 0.00848068 0)
(-0.19466 0.00842766 0)
(-0.20454 0.00837761 0)
(-0.214308 0.00832775 0)
(-0.223965 0.00827546 0)
(-0.233509 0.00821918 0)
(-0.24294 0.00815926 0)
(-0.252261 0.00809851 0)
(-0.261481 0.00804249 0)
(-0.270613 0.00799911 0)
(-0.279684 0.00797762 0)
(-0.288724 0.00798699 0)
(-0.297772 0.00803422 0)
(-0.306869 0.00812297 0)
(-0.316053 0.00825281 0)
(-0.325358 0.00841915 0)
(-0.334808 0.00861404 0)
(-0.344417 0.00882774 0)
(-0.00187609 0.00699386 0)
(-0.0140099 0.0167269 0)
(-0.030688 0.0220764 0)
(-0.049179 0.0241235 0)
(-0.0677638 0.0245806 0)
(-0.0859733 0.0244492 0)
(-0.103687 0.0241459 0)
(-0.12088 0.0238018 0)
(-0.13756 0.0234462 0)
(-0.153748 0.0230843 0)
(-0.169466 0.0227195 0)
(-0.184739 0.0223575 0)
(-0.199593 0.0220049 0)
(-0.214056 0.0216676 0)
(-0.228156 0.0213503 0)
(-0.241917 0.0210557 0)
(-0.255363 0.0207842 0)
(-0.268517 0.0205338 0)
(-0.281394 0.0203003 0)
(-0.294007 0.0200778 0)
(-0.306366 0.0198602 0)
(-0.318474 0.0196422 0)
(-0.330336 0.0194218 0)
(-0.341955 0.0192012 0)
(-0.35334 0.0189881 0)
(-0.364505 0.0187953 0)
(-0.375471 0.0186397 0)
(-0.386269 0.0185395 0)
(-0.396936 0.0185107 0)
(-0.407513 0.0185639 0)
(-0.418037 0.0187022 0)
(-0.428541 0.0189202 0)
(-0.439047 0.0192046 0)
(-0.449566 0.0195366 0)
(-0.460097 0.0198954 0)
(-0.0032222 0.0167236 0)
(-0.0215698 0.0348157 0)
(-0.0446443 0.0431121 0)
(-0.0688099 0.0456611 0)
(-0.092157 0.045709 0)
(-0.114384 0.0448836 0)
(-0.13549 0.0438263 0)
(-0.155535 0.0427422 0)
(-0.174598 0.0416837 0)
(-0.19276 0.0406621 0)
(-0.210094 0.0396816 0)
(-0.226671 0.0387469 0)
(-0.242549 0.0378628 0)
(-0.257784 0.0370331 0)
(-0.272426 0.0362598 0)
(-0.286518 0.0355422 0)
(-0.300099 0.0348766 0)
(-0.3132 0.0342562 0)
(-0.325849 0.0336718 0)
(-0.338066 0.0331122 0)
(-0.349866 0.0325664 0)
(-0.361257 0.0320259 0)
(-0.372247 0.0314876 0)
(-0.38284 0.0309554 0)
(-0.393041 0.0304418 0)
(-0.40286 0.0299664 0)
(-0.412311 0.0295541 0)
(-0.421416 0.0292302 0)
(-0.430198 0.0290147 0)
(-0.438684 0.0289184 0)
(-0.446895 0.028939 0)
(-0.454844 0.0290613 0)
(-0.462532 0.0292587 0)
(-0.469949 0.0294969 0)
(-0.477069 0.0297403 0)
(-0.00478718 0.0309514 0)
(-0.0292165 0.0590354 0)
(-0.0572246 0.0694676 0)
(-0.0847077 0.071336 0)
(-0.109961 0.0699562 0)
(-0.133064 0.0676119 0)
(-0.15425 0.0651242 0)
(-0.173749 0.0627382 0)
(-0.191765 0.0605051 0)
(-0.208473 0.0584231 0)
(-0.224017 0.056482 0)
(-0.238514 0.054673 0)
(-0.252064 0.0529896 0)
(-0.264749 0.051426 0)
(-0.276638 0.0499756 0)
(-0.287791 0.0486302 0)
(-0.298258 0.0473785 0)
(-0.308081 0.0462065 0)
(-0.317294 0.0450975 0)
(-0.325927 0.0440331 0)
(-0.333999 0.0429949 0)
(-0.341522 0.0419686 0)
(-0.348501 0.0409471 0)
(-0.354935 0.0399334 0)
(-0.36082 0.0389416 0)
(-0.366151 0.0379954 0)
(-0.370923 0.0371246 0)
(-0.375135 0.0363593 0)
(-0.378792 0.0357214 0)
(-0.381894 0.0352178 0)
(-0.384439 0.0348379 0)
(-0.386419 0.0345536 0)
(-0.387812 0.0343223 0)
(-0.388583 0.0340931 0)
(-0.388686 0.0338144 0)
(-0.00666736 0.0498799 0)
(-0.0366371 0.0880902 0)
(-0.0666519 0.0985496 0)
(-0.0933825 0.0978525 0)
(-0.116145 0.093694 0)
(-0.135689 0.088858 0)
(-0.152586 0.0842178 0)
(-0.167285 0.0799843 0)
(-0.180144 0.0761565 0)
(-0.191438 0.0726814 0)
(-0.201372 0.0695072 0)
(-0.210106 0.066594 0)
(-0.217764 0.0639111 0)
(-0.224445 0.0614339 0)
(-0.230228 0.0591414 0)
(-0.235177 0.0570133 0)
(-0.239347 0.0550282 0)
(-0.24278 0.0531631 0)
(-0.245514 0.0513934 0)
(-0.247579 0.0496926 0)
(-0.248998 0.0480337 0)
(-0.249783 0.0463935 0)
(-0.249937 0.0447576 0)
(-0.249454 0.0431233 0)
(-0.24832 0.0415007 0)
(-0.246514 0.0399117 0)
(-0.244008 0.0383862 0)
(-0.240778 0.0369567 0)
(-0.236799 0.0356463 0)
(-0.232046 0.0344559 0)
(-0.226488 0.0333633 0)
(-0.220084 0.0323295 0)
(-0.212787 0.0313021 0)
(-0.204536 0.0302206 0)
(-0.195264 0.0290245 0)
(-0.00901659 0.0743706 0)
(-0.0431667 0.119588 0)
(-0.0695512 0.125734 0)
(-0.0885917 0.119929 0)
(-0.102198 0.111648 0)
(-0.112068 0.103532 0)
(-0.119061 0.096254 0)
(-0.123789 0.0898811 0)
(-0.126717 0.0842874 0)
(-0.128164 0.079323 0)
(-0.128354 0.0748641 0)
(-0.127446 0.0708171 0)
(-0.125562 0.0671142 0)
(-0.122792 0.0637048 0)
(-0.119202 0.0605484 0)
(-0.114844 0.0576099 0)
(-0.109757 0.0548563 0)
(-0.103969 0.0522571 0)
(-0.0975033 0.0497835 0)
(-0.0903793 0.0474042 0)
(-0.0826111 0.0450856 0)
(-0.074206 0.0427967 0)
(-0.0651646 0.0405145 0)
(-0.0554811 0.0382265 0)
(-0.0451417 0.0359318 0)
(-0.0341229 0.0336405 0)
(-0.0223874 0.0313697 0)
(-0.0098921 0.0291461 0)
(0.003417 0.0269872 0)
(0.0176067 0.0248875 0)
(0.032765 0.0228228 0)
(0.0489826 0.0207544 0)
(0.0663473 0.0186317 0)
(0.0849412 0.0163958 0)
(0.104841 0.013987 0)
(-0.0122652 0.107061 0)
(-0.0449626 0.148384 0)
(-0.0552729 0.142266 0)
(-0.054162 0.12916 0)
(-0.0484311 0.116531 0)
(-0.0402701 0.105255 0)
(-0.0302449 0.0956046 0)
(-0.0188197 0.0874512 0)
(-0.00636894 0.0804523 0)
(0.00688323 0.0743131 0)
(0.0208037 0.0688371 0)
(0.0353115 0.0638911 0)
(0.050354 0.0593743 0)
(0.0658973 0.0552106 0)
(0.0819223 0.0513419 0)
(0.0984203 0.0477207 0)
(0.115392 0.0443044 0)
(0.13284 0.0410563 0)
(0.150769 0.0379473 0)
(0.169185 0.0349466 0)
(0.188094 0.032017 0)
(0.207507 0.029122 0)
(0.227436 0.0262314 0)
(0.247902 0.0233241 0)
(0.268933 0.0203885 0)
(0.290566 0.017422 0)
(0.312861 0.0144316 0)
(0.335852 0.0114233 0)
(0.359651 0.00838845 0)
(0.38437 0.00530715 0)
(0.410117 0.0021536 0)
(0.436998 -0.00110648 0)
(0.465119 -0.00451761 0)
(0.494582 -0.00813215 0)
(0.525483 -0.0120055 0)
(-0.00800676 0.136684 0)
(-0.0147162 0.157632 0)
(0.0196367 0.13125 0)
(0.0613391 0.112656 0)
(0.0999924 0.0985076 0)
(0.135967 0.0859785 0)
(0.17062 0.0752814 0)
(0.204316 0.0664875 0)
(0.237162 0.0591159 0)
(0.269326 0.0526979 0)
(0.300975 0.0469678 0)
(0.332228 0.0417789 0)
(0.363173 0.0370234 0)
(0.393886 0.0326146 0)
(0.424439 0.0284859 0)
(0.454895 0.0245854 0)
(0.485314 0.0208712 0)
(0.515738 0.0173057 0)
(0.546212 0.0138498 0)
(0.576809 0.0104654 0)
(0.607592 0.00711657 0)
(0.638619 0.00377018 0)
(0.66994 0.000396924 0)
(0.70161 -0.00302798 0)
(0.733684 -0.00652406 0)
(0.766229 -0.0101058 0)
(0.799317 -0.0137821 0)
(0.833059 -0.0175638 0)
(0.867548 -0.0214708 0)
(0.902884 -0.0255282 0)
(0.939177 -0.0297665 0)
(0.976539 -0.0342234 0)
(1.01508 -0.0389445 0)
(1.05493 -0.043982 0)
(1.09619 -0.0493929 0)
(0.151348 0.0742948 0)
(0.227846 0.0906943 0)
(0.320512 0.0720516 0)
(0.412109 0.0569121 0)
(0.488561 0.0470441 0)
(0.554006 0.0386006 0)
(0.61355 0.0307073 0)
(0.66918 0.0236988 0)
(0.721662 0.0175987 0)
(0.771633 0.0121837 0)
(0.819637 0.00726654 0)
(0.86606 0.00273912 0)
(0.91117 -0.00147342 0)
(0.955177 -0.00543556 0)
(0.998257 -0.00920207 0)
(1.04056 -0.012818 0)
(1.08223 -0.0163212 0)
(1.12338 -0.0197453 0)
(1.16413 -0.0231254 0)
(1.20458 -0.0264993 0)
(1.24482 -0.0299025 0)
(1.28493 -0.0333676 0)
(1.32499 -0.0369243 0)
(1.3651 -0.0406 0)
(1.40532 -0.0444187 0)
(1.44576 -0.0484023 0)
(1.48651 -0.052572 0)
(1.52766 -0.0569498 0)
(1.56931 -0.0615594 0)
(1.6116 -0.0664292 0)
(1.65461 -0.0715937 0)
(1.69848 -0.077094 0)
(1.74332 -0.0829769 0)
(1.78924 -0.089295 0)
(1.83635 -0.0961048 0)
(1.15213 -0.0625649 0)
(1.20059 -0.0595828 0)
(1.25901 -0.052649 0)
(1.32564 -0.0480062 0)
(1.38973 -0.0451413 0)
(1.44919 -0.0437874 0)
(1.50555 -0.0437448 0)
(1.55963 -0.0445652 0)
(1.61154 -0.0458671 0)
(1.66145 -0.0474638 0)
(1.70962 -0.049271 0)
(1.75629 -0.0512327 0)
(1.80165 -0.0533086 0)
(1.84586 -0.0554771 0)
(1.88906 -0.0577306 0)
(1.93139 -0.0600701 0)
(1.97296 -0.062502 0)
(2.01389 -0.0650383 0)
(2.05428 -0.0676943 0)
(2.09423 -0.0704878 0)
(2.13384 -0.0734391 0)
(2.17321 -0.0765706 0)
(2.21241 -0.0799051 0)
(2.25154 -0.0834656 0)
(2.29068 -0.0872742 0)
(2.32991 -0.0913528 0)
(2.36932 -0.0957237 0)
(2.40899 -0.10041 0)
(2.44901 -0.105439 0)
(2.48948 -0.110839 0)
(2.53049 -0.116647 0)
(2.57212 -0.122902 0)
(2.61446 -0.12965 0)
(2.6576 -0.136938 0)
(2.70161 -0.144819 0)
(2.64581 -0.0584162 0)
(2.65565 -0.0654468 0)
(2.66946 -0.0686242 0)
(2.68964 -0.0714552 0)
(2.71292 -0.0742497 0)
(2.73736 -0.0766937 0)
(2.76283 -0.0788835 0)
(2.78925 -0.0809642 0)
(2.81632 -0.0829644 0)
(2.84374 -0.0848887 0)
(2.87137 -0.0867639 0)
(2.89912 -0.0886235 0)
(2.92694 -0.0904945 0)
(2.95476 -0.0924005 0)
(2.98256 -0.0943654 0)
(3.01031 -0.0964132 0)
(3.03802 -0.098568 0)
(3.06569 -0.100854 0)
(3.09332 -0.103295 0)
(3.12094 -0.105916 0)
(3.14858 -0.108743 0)
(3.17626 -0.111802 0)
(3.20401 -0.115119 0)
(3.23187 -0.11872 0)
(3.25987 -0.122628 0)
(3.28805 -0.126869 0)
(3.31644 -0.131466 0)
(3.3451 -0.136445 0)
(3.37405 -0.141835 0)
(3.40336 -0.147665 0)
(3.43305 -0.15397 0)
(3.46317 -0.160788 0)
(3.49375 -0.168159 0)
(3.52483 -0.176127 0)
(3.55642 -0.184736 0)
(3.79716 -0.0708402 0)
(3.80234 -0.0790667 0)
(3.80842 -0.0839447 0)
(3.81693 -0.0876272 0)
(3.82709 -0.0909129 0)
(3.83797 -0.0937782 0)
(3.84935 -0.0962956 0)
(3.86126 -0.0986294 0)
(3.87359 -0.100863 0)
(3.88619 -0.103017 0)
(3.89899 -0.10511 0)
(3.91195 -0.107168 0)
(3.92502 -0.109221 0)
(3.93818 -0.111294 0)
(3.9514 -0.113414 0)
(3.96467 -0.115606 0)
(3.97797 -0.1179 0)
(3.9913 -0.120322 0)
(4.00467 -0.1229 0)
(4.01806 -0.125664 0)
(4.03149 -0.128641 0)
(4.04497 -0.131861 0)
(4.05849 -0.135351 0)
(4.07206 -0.139138 0)
(4.0857 -0.143247 0)
(4.09941 -0.147706 0)
(4.1132 -0.15254 0)
(4.12707 -0.157774 0)
(4.14103 -0.163438 0)
(4.15508 -0.169561 0)
(4.16923 -0.176173 0)
(4.18346 -0.183309 0)
(4.19777 -0.191003 0)
(4.21214 -0.199292 0)
(4.22654 -0.208211 0)
(4.56261 -0.0734095 0)
(4.56303 -0.0810412 0)
(4.56325 -0.0867121 0)
(4.56423 -0.0912675 0)
(4.56597 -0.0952899 0)
(4.56808 -0.0988655 0)
(4.57036 -0.102018 0)
(4.5728 -0.104846 0)
(4.57535 -0.107442 0)
(4.57794 -0.109856 0)
(4.5805 -0.112127 0)
(4.58299 -0.114296 0)
(4.58538 -0.116406 0)
(4.58766 -0.118498 0)
(4.58981 -0.120607 0)
(4.59181 -0.122769 0)
(4.59366 -0.125019 0)
(4.59535 -0.127388 0)
(4.59686 -0.129908 0)
(4.59821 -0.132612 0)
(4.59937 -0.135528 0)
(4.60034 -0.138686 0)
(4.60112 -0.142112 0)
(4.60169 -0.145834 0)
(4.60205 -0.149876 0)
(4.60217 -0.154264 0)
(4.60203 -0.159022 0)
(4.60163 -0.164173 0)
(4.60093 -0.169743 0)
(4.59991 -0.175756 0)
(4.59852 -0.182238 0)
(4.59674 -0.189217 0)
(4.5945 -0.196718 0)
(4.59175 -0.204768 0)
(4.58842 -0.213392 0)
(4.9317 -0.0713223 0)
(4.92702 -0.0786342 0)
(4.9217 -0.0846706 0)
(4.91631 -0.0896339 0)
(4.91103 -0.0938734 0)
(4.9057 -0.0975467 0)
(4.90022 -0.100717 0)
(4.89455 -0.103476 0)
(4.8887 -0.105926 0)
(4.88262 -0.108145 0)
(4.87628 -0.110191 0)
(4.86965 -0.112117 0)
(4.86273 -0.113971 0)
(4.85548 -0.115798 0)
(4.84791 -0.117636 0)
(4.84 -0.119523 0)
(4.83174 -0.121492 0)
(4.82312 -0.123575 0)
(4.81412 -0.125803 0)
(4.80472 -0.128205 0)
(4.79491 -0.130807 0)
(4.78467 -0.133637 0)
(4.77396 -0.136718 0)
(4.76276 -0.140074 0)
(4.75103 -0.143726 0)
(4.73874 -0.147696 0)
(4.72585 -0.152004 0)
(4.7123 -0.156668 0)
(4.69804 -0.161709 0)
(4.68303 -0.167145 0)
(4.66718 -0.172994 0)
(4.65042 -0.179275 0)
(4.63267 -0.186004 0)
(4.61383 -0.193198 0)
(4.59381 -0.200869 0)
(4.90329 -0.0648242 0)
(4.89378 -0.0712369 0)
(4.8833 -0.0767047 0)
(4.87216 -0.0812528 0)
(4.86055 -0.0850887 0)
(4.84846 -0.0883686 0)
(4.83588 -0.0911748 0)
(4.82279 -0.0935832 0)
(4.80924 -0.0956795 0)
(4.79522 -0.0975393 0)
(4.78073 -0.0992219 0)
(4.76575 -0.100777 0)
(4.75029 -0.102252 0)
(4.73435 -0.103687 0)
(4.71791 -0.105121 0)
(4.70097 -0.106589 0)
(4.68351 -0.108121 0)
(4.66551 -0.109749 0)
(4.64696 -0.111498 0)
(4.62783 -0.113395 0)
(4.60808 -0.115463 0)
(4.58769 -0.117725 0)
(4.56661 -0.120199 0)
(4.54479 -0.122907 0)
(4.52219 -0.125863 0)
(4.49875 -0.129085 0)
(4.47441 -0.132587 0)
(4.4491 -0.136382 0)
(4.42273 -0.140484 0)
(4.39524 -0.144902 0)
(4.36653 -0.149649 0)
(4.3365 -0.154732 0)
(4.30505 -0.16016 0)
(4.27205 -0.165936 0)
(4.23739 -0.172063 0)
(4.47733 -0.0534573 0)
(4.46331 -0.0586544 0)
(4.44798 -0.0631519 0)
(4.43156 -0.0669241 0)
(4.41423 -0.0700737 0)
(4.39605 -0.0727117 0)
(4.37708 -0.0749127 0)
(4.35736 -0.0767409 0)
(4.33694 -0.0782668 0)
(4.31587 -0.0795588 0)
(4.29415 -0.0806747 0)
(4.27182 -0.0816631 0)
(4.24888 -0.0825677 0)
(4.22534 -0.0834277 0)
(4.20121 -0.0842782 0)
(4.17648 -0.0851504 0)
(4.15114 -0.0860722 0)
(4.12518 -0.0870685 0)
(4.09858 -0.0881616 0)
(4.0713 -0.0893717 0)
(4.04331 -0.0907168 0)
(4.01457 -0.0922132 0)
(3.98503 -0.0938754 0)
(3.95465 -0.095716 0)
(3.92335 -0.0977462 0)
(3.89107 -0.0999756 0)
(3.85775 -0.102412 0)
(3.8233 -0.105063 0)
(3.78764 -0.107933 0)
(3.75068 -0.111027 0)
(3.71231 -0.114347 0)
(3.67244 -0.117895 0)
(3.63096 -0.121669 0)
(3.58774 -0.125665 0)
(3.54266 -0.129875 0)
(3.65536 -0.038243 0)
(3.63763 -0.0418976 0)
(3.61836 -0.0450214 0)
(3.59772 -0.0475851 0)
(3.57589 -0.0496427 0)
(3.553 -0.0512747 0)
(3.52914 -0.0525498 0)
(3.50443 -0.0535261 0)
(3.47893 -0.0542625 0)
(3.45272 -0.0548155 0)
(3.42587 -0.0552343 0)
(3.39842 -0.0555593 0)
(3.3704 -0.0558253 0)
(3.34185 -0.056063 0)
(3.31277 -0.0562991 0)
(3.28319 -0.0565563 0)
(3.2531 -0.0568542 0)
(3.22248 -0.0572099 0)
(3.19133 -0.057638 0)
(3.15961 -0.0581514 0)
(3.12729 -0.0587613 0)
(3.09434 -0.059477 0)
(3.0607 -0.0603063 0)
(3.02632 -0.0612557 0)
(2.99114 -0.06233 0)
(2.95509 -0.0635327 0)
(2.9181 -0.064866 0)
(2.8801 -0.066331 0)
(2.841 -0.0679274 0)
(2.80072 -0.0696539 0)
(2.75917 -0.0715075 0)
(2.71626 -0.0734836 0)
(2.67188 -0.0755759 0)
(2.62595 -0.0777759 0)
(2.57835 -0.0800723 0)
(2.45187 -0.019732 0)
(2.43347 -0.0217899 0)
(2.41346 -0.023448 0)
(2.39204 -0.0246996 0)
(2.36943 -0.0255878 0)
(2.34582 -0.026177 0)
(2.32139 -0.0265263 0)
(2.29628 -0.0266854 0)
(2.27062 -0.0266998 0)
(2.24452 -0.0266118 0)
(2.21807 -0.0264575 0)
(2.19134 -0.0262659 0)
(2.16438 -0.0260605 0)
(2.13722 -0.0258606 0)
(2.10989 -0.025682 0)
(2.0824 -0.025537 0)
(2.05473 -0.0254352 0)
(2.02688 -0.0253842 0)
(1.99883 -0.0253896 0)
(1.97053 -0.025456 0)
(1.94196 -0.0255862 0)
(1.91307 -0.0257819 0)
(1.8838 -0.0260441 0)
(1.85411 -0.0263723 0)
(1.82393 -0.0267657 0)
(1.7932 -0.0272225 0)
(1.76186 -0.0277403 0)
(1.72984 -0.0283161 0)
(1.69707 -0.0289462 0)
(1.6635 -0.0296264 0)
(1.62904 -0.0303516 0)
(1.59364 -0.0311158 0)
(1.55723 -0.0319123 0)
(1.51975 -0.0327332 0)
(1.48115 -0.0335696 0)
(0.92935 -0.00429114 0)
(0.917187 -0.00452653 0)
(0.90401 -0.00459874 0)
(0.890102 -0.00453608 0)
(0.875722 -0.00438064 0)
(0.861076 -0.00417321 0)
(0.846317 -0.00394229 0)
(0.831561 -0.00370564 0)
(0.816891 -0.00347617 0)
(0.802363 -0.00326395 0)
(0.788008 -0.00307531 0)
(0.77384 -0.00291317 0)
(0.759856 -0.00277819 0)
(0.746045 -0.00266996 0)
(0.732387 -0.00258725 0)
(0.718856 -0.00252841 0)
(0.705422 -0.00249151 0)
(0.69205 -0.00247472 0)
(0.678706 -0.00247605 0)
(0.665354 -0.00249355 0)
(0.651955 -0.00252514 0)
(0.638472 -0.00256885 0)
(0.62487 -0.00262276 0)
(0.611113 -0.00268523 0)
(0.597165 -0.00275467 0)
(0.582995 -0.00282971 0)
(0.568571 -0.00290887 0)
(0.553865 -0.00299081 0)
(0.53885 -0.00307402 0)
(0.523503 -0.00315706 0)
(0.507803 -0.00323837 0)
(0.491735 -0.00331647 0)
(0.475284 -0.0033897 0)
(0.458444 -0.00345652 0)
(0.44121 -0.00351519 0)
(-0.149588 0.00102587 0)
(-0.154417 0.00106558 0)
(-0.159371 0.00110651 0)
(-0.164447 0.00114657 0)
(-0.169645 0.00118463 0)
(-0.174973 0.00122076 0)
(-0.180455 0.00125664 0)
(-0.186129 0.00129594 0)
(-0.192052 0.00134394 0)
(-0.198298 0.00140674 0)
(-0.354192 0.00905058 0)
(-0.364131 0.00927525 0)
(-0.374232 0.00949943 0)
(-0.384496 0.00972787 0)
(-0.394939 0.00997336 0)
(-0.405591 0.0102561 0)
(-0.416505 0.010602 0)
(-0.427753 0.0110387 0)
(-0.439423 0.0115916 0)
(-0.45161 0.0122795 0)
(-0.470628 0.0202618 0)
(-0.481139 0.0206235 0)
(-0.49161 0.0209792 0)
(-0.502025 0.0213413 0)
(-0.512376 0.0217368 0)
(-0.522667 0.0222047 0)
(-0.532914 0.0227907 0)
(-0.543142 0.0235384 0)
(-0.553374 0.0244803 0)
(-0.563622 0.0256293 0)
(-0.483853 0.0299584 0)
(-0.490253 0.030132 0)
(-0.496211 0.0302583 0)
(-0.501665 0.030354 0)
(-0.506552 0.0304552 0)
(-0.51081 0.0306113 0)
(-0.514378 0.0308747 0)
(-0.517193 0.0312868 0)
(-0.519182 0.0318633 0)
(-0.520253 0.0325834 0)
(-0.388057 0.0334436 0)
(-0.386621 0.0329516 0)
(-0.384286 0.0323283 0)
(-0.380949 0.0315864 0)
(-0.376495 0.0307606 0)
(-0.370801 0.0298991 0)
(-0.363734 0.0290486 0)
(-0.35516 0.0282365 0)
(-0.344935 0.0274528 0)
(-0.332899 0.0266388 0)
(-0.184894 0.0276631 0)
(-0.173337 0.0260976 0)
(-0.160494 0.0243043 0)
(-0.146253 0.0222799 0)
(-0.130489 0.0200414 0)
(-0.113062 0.0176184 0)
(-0.0938179 0.0150399 0)
(-0.0725867 0.012316 0)
(-0.0491682 0.0094182 0)
(-0.0233286 0.00627079 0)
(0.1261 0.0113473 0)
(0.148802 0.00842124 0)
(0.173045 0.00516674 0)
(0.198933 0.0015603 0)
(0.226597 -0.00240477 0)
(0.256197 -0.00672499 0)
(0.287928 -0.0113978 0)
(0.322022 -0.0164388 0)
(0.35873 -0.0218955 0)
(0.39831 -0.0278532 0)
(0.557934 -0.0161955 0)
(0.592038 -0.0207601 0)
(0.627897 -0.0257511 0)
(0.665628 -0.0312106 0)
(0.705366 -0.0371722 0)
(0.747272 -0.0436659 0)
(0.79153 -0.0507245 0)
(0.83835 -0.0583923 0)
(0.887956 -0.0667324 0)
(0.940576 -0.07583 0)
(1.13898 -0.0552373 0)
(1.18342 -0.061574 0)
(1.22962 -0.0684591 0)
(1.27771 -0.075945 0)
(1.32782 -0.0840803 0)
(1.38009 -0.0929124 0)
(1.43468 -0.102491 0)
(1.49175 -0.112873 0)
(1.55146 -0.124127 0)
(1.61399 -0.136335 0)
(1.88476 -0.103465 0)
(1.93458 -0.111434 0)
(1.98591 -0.12007 0)
(2.03885 -0.129428 0)
(2.0935 -0.13956 0)
(2.14996 -0.150518 0)
(2.20833 -0.162355 0)
(2.26869 -0.175126 0)
(2.33113 -0.188894 0)
(2.39571 -0.203725 0)
(2.74656 -0.153347 0)
(2.79253 -0.162573 0)
(2.83956 -0.17255 0)
(2.88771 -0.183327 0)
(2.93701 -0.19495 0)
(2.98749 -0.207464 0)
(3.03918 -0.220912 0)
(3.09207 -0.235337 0)
(3.14615 -0.250783 0)
(3.20138 -0.267294 0)
(3.58854 -0.194031 0)
(3.6212 -0.204056 0)
(3.65439 -0.214853 0)
(3.68809 -0.226459 0)
(3.72226 -0.238909 0)
(3.75687 -0.252234 0)
(3.79185 -0.26646 0)
(3.82711 -0.281612 0)
(3.86255 -0.297709 0)
(3.89805 -0.31477 0)
(4.24093 -0.217795 0)
(4.25525 -0.228077 0)
(4.26946 -0.239084 0)
(4.28345 -0.250842 0)
(4.29715 -0.263368 0)
(4.31044 -0.276679 0)
(4.32319 -0.29078 0)
(4.33526 -0.305674 0)
(4.34647 -0.321357 0)
(4.35661 -0.337818 0)
(4.58442 -0.222613 0)
(4.57966 -0.232449 0)
(4.57403 -0.242913 0)
(4.5674 -0.254016 0)
(4.55964 -0.265759 0)
(4.55057 -0.278138 0)
(4.54004 -0.29114 0)
(4.52783 -0.304747 0)
(4.51374 -0.318929 0)
(4.49753 -0.333649 0)
(4.57247 -0.209026 0)
(4.54969 -0.217674 0)
(4.52533 -0.226814 0)
(4.49923 -0.236438 0)
(4.47121 -0.246532 0)
(4.44109 -0.257076 0)
(4.40867 -0.268039 0)
(4.37373 -0.279384 0)
(4.33604 -0.291062 0)
(4.29535 -0.303015 0)
(4.20092 -0.178539 0)
(4.1625 -0.185355 0)
(4.12198 -0.192499 0)
(4.07918 -0.199953 0)
(4.03392 -0.207689 0)
(3.98603 -0.215675 0)
(3.93532 -0.223869 0)
(3.88157 -0.232222 0)
(3.8246 -0.240673 0)
(3.76418 -0.249157 0)
(3.4956 -0.134291 0)
(3.4464 -0.138895 0)
(3.39494 -0.143667 0)
(3.34107 -0.148583 0)
(3.28464 -0.15361 0)
(3.22551 -0.15871 0)
(3.16354 -0.163841 0)
(3.09858 -0.168952 0)
(3.0305 -0.173986 0)
(2.95919 -0.178881 0)
(2.529 -0.0824514 0)
(2.47778 -0.084896 0)
(2.42461 -0.0873856 0)
(2.36939 -0.0898962 0)
(2.31204 -0.0924002 0)
(2.25248 -0.0948662 0)
(2.19064 -0.0972595 0)
(2.12648 -0.0995418 0)
(2.05997 -0.101672 0)
(1.99111 -0.103608 0)
(1.44137 -0.0344112 0)
(1.40037 -0.0352464 0)
(1.35811 -0.0360624 0)
(1.31458 -0.0368452 0)
(1.26976 -0.0375793 0)
(1.22365 -0.0382488 0)
(1.17627 -0.0388368 0)
(1.12767 -0.0393262 0)
(1.07791 -0.0397 0)
(1.02705 -0.0399419 0)
(0.423584 -0.00356405 0)
(0.405574 -0.00360134 0)
(0.387196 -0.00362538 0)
(0.368472 -0.00363452 0)
(0.349432 -0.00362732 0)
(0.330113 -0.00360258 0)
(0.31056 -0.00355938 0)
(0.290828 -0.00349721 0)
(0.270977 -0.00341593 0)
(0.251076 -0.00331586 0)
(-0.204949 0.00148976 0)
(-0.212091 0.00159799 0)
(-0.219805 0.00173658 0)
(-0.22817 0.00191245 0)
(-0.237256 0.00213315 0)
(-0.247127 0.00240602 0)
(-0.257846 0.00273618 0)
(-0.269474 0.00312784 0)
(-0.282072 0.00358466 0)
(-0.295694 0.00411203 0)
(-0.310378 0.0047154 0)
(-0.326125 0.00539817 0)
(-0.342873 0.00615774 0)
(-0.360466 0.00698076 0)
(-0.378622 0.00783817 0)
(-0.396918 0.0086793 0)
(-0.414793 0.00943405 0)
(-0.431566 0.0100091 0)
(-0.446446 0.0102772 0)
(-0.458519 0.0100818 0)
(-0.46678 0.00931567 0)
(-0.470104 0.00797843 0)
(-0.467312 0.00615974 0)
(-0.457949 0.00393824 0)
(-0.441471 0.00141684 0)
(-0.417599 -0.00127484 0)
(-0.386256 -0.00402791 0)
(-0.347529 -0.00674746 0)
(-0.301677 -0.00937023 0)
(-0.249122 -0.0119099 0)
(-0.190435 -0.0144375 0)
(-0.126359 -0.0168895 0)
(-0.0578255 -0.0191187 0)
(0.0143369 -0.0208828 0)
(0.0898109 -0.0220173 0)
(-0.464402 0.013112 0)
(-0.477873 0.01409 0)
(-0.492073 0.0152071 0)
(-0.507024 0.0164518 0)
(-0.522715 0.0178101 0)
(-0.539104 0.0192674 0)
(-0.556113 0.0208097 0)
(-0.573619 0.0224203 0)
(-0.59145 0.0240731 0)
(-0.609361 0.0257238 0)
(-0.627018 0.0272989 0)
(-0.643973 0.0286839 0)
(-0.659648 0.0297159 0)
(-0.673328 0.0301841 0)
(-0.684172 0.0298412 0)
(-0.691239 0.0284323 0)
(-0.69353 0.0257371 0)
(-0.690012 0.0216082 0)
(-0.679658 0.0159831 0)
(-0.661557 0.00885445 0)
(-0.635493 0.000242653 0)
(-0.601096 -0.00972397 0)
(-0.558308 -0.0207332 0)
(-0.506658 -0.032419 0)
(-0.44619 -0.0444404 0)
(-0.37716 -0.0564845 0)
(-0.299994 -0.0683326 0)
(-0.215176 -0.0797764 0)
(-0.123337 -0.0906177 0)
(-0.025372 -0.100651 0)
(0.0780206 -0.10966 0)
(0.186573 -0.117558 0)
(0.299586 -0.124385 0)
(0.416022 -0.130042 0)
(0.535022 -0.134377 0)
(-0.573869 0.0269741 0)
(-0.584059 0.0284801 0)
(-0.594092 0.0300928 0)
(-0.603818 0.0317442 0)
(-0.613031 0.0333587 0)
(-0.621473 0.0348594 0)
(-0.628828 0.0361699 0)
(-0.634725 0.0372063 0)
(-0.638736 0.0378638 0)
(-0.640368 0.0380046 0)
(-0.639073 0.0374509 0)
(-0.63424 0.0359765 0)
(-0.625204 0.0333089 0)
(-0.611245 0.0291587 0)
(-0.591612 0.0232696 0)
(-0.565579 0.0154746 0)
(-0.532707 0.00570282 0)
(-0.492727 -0.00602352 0)
(-0.445529 -0.0195257 0)
(-0.391273 -0.0346091 0)
(-0.329436 -0.0511966 0)
(-0.260007 -0.069089 0)
(-0.183022 -0.0879908 0)
(-0.0986143 -0.107501 0)
(-0.00728358 -0.127136 0)
(0.0902799 -0.146454 0)
(0.193834 -0.165139 0)
(0.303155 -0.182911 0)
(0.41765 -0.199476 0)
(0.536644 -0.214575 0)
(0.659396 -0.227902 0)
(0.785094 -0.23927 0)
(0.912944 -0.248691 0)
(1.04217 -0.25619 0)
(1.17205 -0.261838 0)
(-0.520277 0.033387 0)
(-0.519079 0.0341802 0)
(-0.516435 0.0348455 0)
(-0.51207 0.0352537 0)
(-0.505657 0.0352749 0)
(-0.496823 0.0347862 0)
(-0.48516 0.0336719 0)
(-0.470231 0.0318102 0)
(-0.451579 0.0290575 0)
(-0.428725 0.0252497 0)
(-0.401186 0.0202132 0)
(-0.36853 0.0137638 0)
(-0.330478 0.0056547 0)
(-0.286695 -0.00437655 0)
(-0.236945 -0.0164852 0)
(-0.181205 -0.0306977 0)
(-0.119263 -0.0469643 0)
(-0.0507263 -0.0651897 0)
(0.0243679 -0.085231 0)
(0.105753 -0.107028 0)
(0.193382 -0.130415 0)
(0.287153 -0.155045 0)
(0.38684 -0.180491 0)
(0.492142 -0.206234 0)
(0.602732 -0.231764 0)
(0.718228 -0.256644 0)
(0.838088 -0.280431 0)
(0.961661 -0.302692 0)
(1.08825 -0.323036 0)
(1.2171 -0.341144 0)
(1.34744 -0.356777 0)
(1.47848 -0.369783 0)
(1.60947 -0.380105 0)
(1.73972 -0.38779 0)
(1.86859 -0.392973 0)
(-0.318869 0.0256922 0)
(-0.302618 0.0244744 0)
(-0.283868 0.0228265 0)
(-0.262309 0.0205911 0)
(-0.237601 0.0176217 0)
(-0.209385 0.0137891 0)
(-0.177341 0.00897757 0)
(-0.141141 0.00306503 0)
(-0.100478 -0.00408366 0)
(-0.0550308 -0.0126114 0)
(-0.00452484 -0.0226555 0)
(0.0510804 -0.0343553 0)
(0.112092 -0.0479176 0)
(0.178729 -0.0635282 0)
(0.251118 -0.0812936 0)
(0.329313 -0.101269 0)
(0.41333 -0.123437 0)
(0.503143 -0.147649 0)
(0.598685 -0.173767 0)
(0.699814 -0.201624 0)
(0.806265 -0.230878 0)
(0.917677 -0.261089 0)
(1.03361 -0.291755 0)
(1.15357 -0.322313 0)
(1.27699 -0.352184 0)
(1.40324 -0.380808 0)
(1.53162 -0.407656 0)
(1.66135 -0.432238 0)
(1.79162 -0.454128 0)
(1.92161 -0.47299 0)
(2.05053 -0.488584 0)
(2.17763 -0.500782 0)
(2.3022 -0.509574 0)
(2.42364 -0.515081 0)
(2.54144 -0.517541 0)
(0.00520241 0.00275535 0)
(0.0367078 -0.00127737 0)
(0.0714439 -0.00599043 0)
(0.109655 -0.0115474 0)
(0.151582 -0.0181039 0)
(0.197431 -0.0257918 0)
(0.247435 -0.0347296 0)
(0.30184 -0.045032 0)
(0.360889 -0.0568144 0)
(0.424822 -0.0701915 0)
(0.493874 -0.0852939 0)
(0.56824 -0.102313 0)
(0.648059 -0.121423 0)
(0.73338 -0.142727 0)
(0.824185 -0.166272 0)
(0.920392 -0.192035 0)
(1.02185 -0.219921 0)
(1.12835 -0.249744 0)
(1.23957 -0.281243 0)
(1.35513 -0.314088 0)
(1.47451 -0.347862 0)
(1.59711 -0.382065 0)
(1.72222 -0.416123 0)
(1.8491 -0.449414 0)
(1.97695 -0.481299 0)
(2.10492 -0.51116 0)
(2.23215 -0.538424 0)
(2.35777 -0.562581 0)
(2.48095 -0.583208 0)
(2.60089 -0.599994 0)
(2.71686 -0.612752 0)
(2.82825 -0.621429 0)
(2.93453 -0.626113 0)
(3.03529 -0.627029 0)
(3.13023 -0.624531 0)
(0.441009 -0.0344385 0)
(0.487055 -0.0417976 0)
(0.536664 -0.0500741 0)
(0.590049 -0.0594123 0)
(0.647412 -0.0699565 0)
(0.708946 -0.0818446 0)
(0.77484 -0.0952057 0)
(0.845278 -0.110163 0)
(0.920427 -0.126833 0)
(1.00043 -0.145328 0)
(1.08539 -0.165748 0)
(1.17538 -0.188188 0)
(1.27036 -0.212724 0)
(1.37024 -0.239386 0)
(1.47479 -0.268142 0)
(1.58372 -0.298888 0)
(1.69662 -0.331439 0)
(1.813 -0.365523 0)
(1.93227 -0.400784 0)
(2.05375 -0.43679 0)
(2.17665 -0.47303 0)
(2.30011 -0.508921 0)
(2.42323 -0.543822 0)
(2.54507 -0.57707 0)
(2.66469 -0.608001 0)
(2.78118 -0.635993 0)
(2.89366 -0.66049 0)
(3.00131 -0.681024 0)
(3.10342 -0.697242 0)
(3.19936 -0.708921 0)
(3.28864 -0.715981 0)
(3.37088 -0.71849 0)
(3.44584 -0.716662 0)
(3.51343 -0.710846 0)
(3.57364 -0.701518 0)
(0.996431 -0.0857931 0)
(1.05573 -0.0967452 0)
(1.11865 -0.108818 0)
(1.18536 -0.122147 0)
(1.25601 -0.136863 0)
(1.33072 -0.153089 0)
(1.40957 -0.170937 0)
(1.49263 -0.190506 0)
(1.57992 -0.211879 0)
(1.67143 -0.235122 0)
(1.76706 -0.260277 0)
(1.86665 -0.287365 0)
(1.96996 -0.31637 0)
(2.07664 -0.347226 0)
(2.18622 -0.379798 0)
(2.29815 -0.413878 0)
(2.41179 -0.449178 0)
(2.52637 -0.485328 0)
(2.64108 -0.521881 0)
(2.75502 -0.558317 0)
(2.86725 -0.594059 0)
(2.97678 -0.628477 0)
(3.08264 -0.660918 0)
(3.18388 -0.690729 0)
(3.2796 -0.717288 0)
(3.369 -0.740033 0)
(3.45136 -0.758493 0)
(3.52609 -0.772307 0)
(3.59273 -0.781246 0)
(3.65097 -0.785222 0)
(3.70064 -0.784296 0)
(3.74172 -0.778676 0)
(3.77434 -0.768711 0)
(3.79873 -0.754877 0)
(3.81525 -0.737758 0)
(1.67947 -0.149593 0)
(1.74803 -0.164006 0)
(1.81977 -0.179683 0)
(1.89477 -0.19673 0)
(1.97304 -0.215247 0)
(2.05459 -0.235322 0)
(2.13936 -0.257026 0)
(2.22724 -0.280411 0)
(2.31807 -0.305503 0)
(2.41162 -0.332304 0)
(2.50758 -0.360783 0)
(2.60559 -0.390869 0)
(2.70515 -0.42245 0)
(2.8057 -0.455355 0)
(2.90659 -0.48935 0)
(3.00707 -0.524132 0)
(3.10633 -0.559327 0)
(3.20347 -0.594493 0)
(3.29758 -0.629123 0)
(3.38772 -0.662662 0)
(3.47293 -0.694515 0)
(3.55229 -0.724068 0)
(3.62493 -0.75071 0)
(3.69006 -0.773858 0)
(3.74699 -0.792983 0)
(3.79517 -0.807643 0)
(3.83417 -0.817498 0)
(3.86376 -0.822337 0)
(3.88381 -0.822083 0)
(3.89441 -0.816807 0)
(3.89577 -0.806722 0)
(3.88827 -0.792182 0)
(3.8724 -0.773662 0)
(3.84875 -0.751742 0)
(3.81801 -0.727086 0)
(2.46248 -0.219695 0)
(2.53145 -0.236878 0)
(2.6026 -0.255349 0)
(2.67587 -0.275175 0)
(2.75114 -0.29641 0)
(2.82828 -0.319092 0)
(2.90705 -0.343238 0)
(2.98719 -0.368839 0)
(3.06837 -0.395855 0)
(3.15019 -0.424214 0)
(3.23217 -0.453806 0)
(3.31377 -0.484479 0)
(3.39437 -0.516034 0)
(3.47329 -0.548218 0)
(3.54975 -0.580722 0)
(3.62296 -0.613179 0)
(3.69206 -0.645164 0)
(3.75618 -0.676202 0)
(3.81446 -0.705776 0)
(3.86604 -0.733342 0)
(3.91012 -0.758342 0)
(3.94596 -0.780225 0)
(3.97293 -0.79847 0)
(3.99052 -0.812609 0)
(3.99835 -0.822251 0)
(3.99622 -0.827103 0)
(3.98407 -0.826991 0)
(3.96206 -0.821874 0)
(3.93048 -0.811844 0)
(3.8898 -0.797134 0)
(3.84064 -0.778107 0)
(3.78376 -0.755244 0)
(3.71999 -0.729123 0)
(3.65025 -0.700398 0)
(3.57547 -0.669769 0)
(3.2577 -0.284915 0)
(3.315 -0.303684 0)
(3.37315 -0.323636 0)
(3.43196 -0.344791 0)
(3.4912 -0.367154 0)
(3.5506 -0.390709 0)
(3.60981 -0.415415 0)
(3.66844 -0.441201 0)
(3.72606 -0.467966 0)
(3.78214 -0.495572 0)
(3.83614 -0.523844 0)
(3.88743 -0.552565 0)
(3.93535 -0.581474 0)
(3.97917 -0.610265 0)
(4.01817 -0.638584 0)
(4.05156 -0.666036 0)
(4.07859 -0.692185 0)
(4.0985 -0.716564 0)
(4.11058 -0.738687 0)
(4.11419 -0.758064 0)
(4.10875 -0.774217 0)
(4.09383 -0.7867 0)
(4.0691 -0.79512 0)
(4.03439 -0.799157 0)
(3.98973 -0.798586 0)
(3.9353 -0.79329 0)
(3.87147 -0.783276 0)
(3.79878 -0.768679 0)
(3.71797 -0.749761 0)
(3.62989 -0.726906 0)
(3.53552 -0.700604 0)
(3.43595 -0.671431 0)
(3.33227 -0.640027 0)
(3.22563 -0.607068 0)
(3.11712 -0.57324 0)
(3.93344 -0.332803 0)
(3.96853 -0.351813 0)
(4.00308 -0.371791 0)
(4.03683 -0.392712 0)
(4.06944 -0.414534 0)
(4.10057 -0.43719 0)
(4.1298 -0.460588 0)
(4.15667 -0.484606 0)
(4.1807 -0.509092 0)
(4.20133 -0.533857 0)
(4.21798 -0.558679 0)
(4.23005 -0.5833 0)
(4.2369 -0.607423 0)
(4.23788 -0.630719 0)
(4.23233 -0.652825 0)
(4.21962 -0.673351 0)
(4.19914 -0.691886 0)
(4.17036 -0.708011 0)
(4.13281 -0.721312 0)
(4.08612 -0.731391 0)
(4.03005 -0.737889 0)
(3.9645 -0.7405 0)
(3.88956 -0.73899 0)
(3.80546 -0.733216 0)
(3.71264 -0.723135 0)
(3.61171 -0.708819 0)
(3.50348 -0.690455 0)
(3.38888 -0.668346 0)
(3.26901 -0.642901 0)
(3.14506 -0.614618 0)
(3.01825 -0.584067 0)
(2.88987 -0.551864 0)
(2.76115 -0.518646 0)
(2.63325 -0.485042 0)
(2.50724 -0.451651 0)
(4.36548 -0.355034 0)
(4.37279 -0.372974 0)
(4.37827 -0.391591 0)
(4.38158 -0.410821 0)
(4.38237 -0.430581 0)
(4.38022 -0.450762 0)
(4.37472 -0.471234 0)
(4.36539 -0.491835 0)
(4.35175 -0.512376 0)
(4.33328 -0.53264 0)
(4.30945 -0.552379 0)
(4.27972 -0.571319 0)
(4.24358 -0.589159 0)
(4.20051 -0.605578 0)
(4.15003 -0.620239 0)
(4.09173 -0.632794 0)
(4.02526 -0.642899 0)
(3.95037 -0.650221 0)
(3.86692 -0.654455 0)
(3.77492 -0.655335 0)
(3.67453 -0.652655 0)
(3.56607 -0.646278 0)
(3.45004 -0.63615 0)
(3.32713 -0.622314 0)
(3.1982 -0.604913 0)
(3.06425 -0.584191 0)
(2.92644 -0.560488 0)
(2.78599 -0.534232 0)
(2.64424 -0.505918 0)
(2.50249 -0.476094 0)
(2.36204 -0.445328 0)
(2.22412 -0.414192 0)
(2.08982 -0.383231 0)
(1.9601 -0.352946 0)
(1.83573 -0.323776 0)
(4.47892 -0.348858 0)
(4.45764 -0.364492 0)
(4.43337 -0.380476 0)
(4.40576 -0.396713 0)
(4.37447 -0.41309 0)
(4.3391 -0.429471 0)
(4.29925 -0.4457 0)
(4.25452 -0.461595 0)
(4.20449 -0.476953 0)
(4.14875 -0.49155 0)
(4.08691 -0.505143 0)
(4.01858 -0.517471 0)
(3.94344 -0.528266 0)
(3.86122 -0.53725 0)
(3.77172 -0.54415 0)
(3.67482 -0.548704 0)
(3.57053 -0.55067 0)
(3.45896 -0.549841 0)
(3.3404 -0.546052 0)
(3.21526 -0.5392 0)
(3.08412 -0.529245 0)
(2.94774 -0.516227 0)
(2.80701 -0.500268 0)
(2.66296 -0.481574 0)
(2.51677 -0.460432 0)
(2.36968 -0.437205 0)
(2.22296 -0.412314 0)
(2.07791 -0.386224 0)
(1.93579 -0.359426 0)
(1.79775 -0.332408 0)
(1.66482 -0.30564 0)
(1.53788 -0.27955 0)
(1.4176 -0.254508 0)
(1.30446 -0.230816 0)
(1.19874 -0.2087 0)
(4.25141 -0.315172 0)
(4.20394 -0.327453 0)
(4.15264 -0.33976 0)
(4.09723 -0.351981 0)
(4.03741 -0.363988 0)
(3.97286 -0.375638 0)
(3.9033 -0.386768 0)
(3.82845 -0.397205 0)
(3.74805 -0.406757 0)
(3.66186 -0.415226 0)
(3.56973 -0.422404 0)
(3.47152 -0.428082 0)
(3.3672 -0.432057 0)
(3.2568 -0.434134 0)
(3.14047 -0.43414 0)
(3.01846 -0.431929 0)
(2.89116 -0.42739 0)
(2.75909 -0.420458 0)
(2.62289 -0.411124 0)
(2.48336 -0.399437 0)
(2.3414 -0.38551 0)
(2.19805 -0.369523 0)
(2.05439 -0.351719 0)
(1.9116 -0.332396 0)
(1.77085 -0.311901 0)
(1.6333 -0.290611 0)
(1.50003 -0.268917 0)
(1.37204 -0.24721 0)
(1.25016 -0.225857 0)
(1.13506 -0.205192 0)
(1.02724 -0.185493 0)
(0.926974 -0.166982 0)
(0.834373 -0.149817 0)
(0.749357 -0.134089 0)
(0.671694 -0.119833 0)
(3.70012 -0.257594 0)
(3.63221 -0.265898 0)
(3.56023 -0.273969 0)
(3.48402 -0.281699 0)
(3.40338 -0.288967 0)
(3.31817 -0.295645 0)
(3.22826 -0.301595 0)
(3.13359 -0.306675 0)
(3.03411 -0.310737 0)
(2.92985 -0.313637 0)
(2.82092 -0.315237 0)
(2.70749 -0.315407 0)
(2.58983 -0.314036 0)
(2.46831 -0.311037 0)
(2.34339 -0.30635 0)
(2.21566 -0.299952 0)
(2.08579 -0.291858 0)
(1.95456 -0.282131 0)
(1.82282 -0.270875 0)
(1.69151 -0.258246 0)
(1.56161 -0.244439 0)
(1.43409 -0.229689 0)
(1.30993 -0.214257 0)
(1.19004 -0.198424 0)
(1.07526 -0.182475 0)
(0.966286 -0.166685 0)
(0.863695 -0.151307 0)
(0.76789 -0.136562 0)
(0.679105 -0.122628 0)
(0.597411 -0.10964 0)
(0.522722 -0.0976848 0)
(0.454821 -0.0868057 0)
(0.393386 -0.0770064 0)
(0.33801 -0.0682562 0)
(0.28823 -0.0604932 0)
(2.88453 -0.183566 0)
(2.80644 -0.187968 0)
(2.72486 -0.192004 0)
(2.63974 -0.195591 0)
(2.55108 -0.198639 0)
(2.45893 -0.201057 0)
(2.36337 -0.202755 0)
(2.26454 -0.203646 0)
(2.16266 -0.203649 0)
(2.05799 -0.202693 0)
(1.95088 -0.20072 0)
(1.84174 -0.19769 0)
(1.73107 -0.193586 0)
(1.61943 -0.188413 0)
(1.50745 -0.182207 0)
(1.39581 -0.175029 0)
(1.28525 -0.166971 0)
(1.17652 -0.158151 0)
(1.07035 -0.14871 0)
(0.967496 -0.138811 0)
(0.868623 -0.128626 0)
(0.77434 -0.118333 0)
(0.685158 -0.108105 0)
(0.601473 -0.0981026 0)
(0.523556 -0.0884689 0)
(0.451552 -0.0793198 0)
(0.385477 -0.0707452 0)
(0.325233 -0.0628067 0)
(0.270621 -0.0555383 0)
(0.22136 -0.0489505 0)
(0.177116 -0.0430391 0)
(0.137521 -0.037786 0)
(0.102182 -0.0331581 0)
(0.0706994 -0.0291048 0)
(0.0426725 -0.0255556 0)
(1.9199 -0.105303 0)
(1.8464 -0.106711 0)
(1.77069 -0.107785 0)
(1.69288 -0.108479 0)
(1.61313 -0.10875 0)
(1.53164 -0.108557 0)
(1.44865 -0.107865 0)
(1.36447 -0.106647 0)
(1.27943 -0.104885 0)
(1.19391 -0.102572 0)
(1.10836 -0.0997124 0)
(1.02321 -0.0963269 0)
(0.938982 -0.0924492 0)
(0.856163 -0.0881276 0)
(0.775266 -0.0834244 0)
(0.69679 -0.0784135 0)
(0.621205 -0.0731752 0)
(0.54894 -0.0677937 0)
(0.480362 -0.0623554 0)
(0.415769 -0.0569442 0)
(0.355382 -0.051638 0)
(0.299336 -0.0465035 0)
(0.247681 -0.0415944 0)
(0.200388 -0.0369569 0)
(0.157369 -0.0326313 0)
(0.118477 -0.0286442 0)
(0.0835054 -0.0250106 0)
(0.0522137 -0.0217339 0)
(0.0243325 -0.0188088 0)
(-0.000416891 -0.0162233 0)
(-0.0223143 -0.0139643 0)
(-0.0416525 -0.0120127 0)
(-0.058717 -0.0103407 0)
(-0.0737703 -0.00890914 0)
(-0.0870553 -0.00766439 0)
(0.975225 -0.0400364 0)
(0.922546 -0.0399696 0)
(0.869175 -0.0397295 0)
(0.815292 -0.0393067 0)
(0.761102 -0.0386948 0)
(0.706833 -0.0378912 0)
(0.652735 -0.0368968 0)
(0.599071 -0.0357172 0)
(0.546118 -0.0343622 0)
(0.494158 -0.0328459 0)
(0.443474 -0.0311865 0)
(0.394336 -0.0294059 0)
(0.347004 -0.0275281 0)
(0.301708 -0.0255791 0)
(0.258653 -0.0235836 0)
(0.218007 -0.0215683 0)
(0.179912 -0.0195619 0)
(0.144459 -0.0175935 0)
(0.111691 -0.0156874 0)
(0.0816155 -0.0138644 0)
(0.054203 -0.0121402 0)
(0.0293883 -0.0105272 0)
(0.00707135 -0.00903302 0)
(-0.0128554 -0.00766885 0)
(-0.0305312 -0.00644213 0)
(-0.0461358 -0.00535221 0)
(-0.0598405 -0.00439583 0)
(-0.0718195 -0.00356789 0)
(-0.0822483 -0.00286135 0)
(-0.0912981 -0.00226643 0)
(-0.0991286 -0.00177271 0)
(-0.105891 -0.00137225 0)
(-0.111732 -0.00105339 0)
(-0.116782 -0.00079749 0)
(-0.12115 -0.000577745 0)
(0.231199 -0.00319764 0)
(0.211426 -0.00306244 0)
(0.191843 -0.00291158 0)
(0.172536 -0.00274687 0)
(0.153594 -0.0025701 0)
(0.135105 -0.0023834 0)
(0.117158 -0.00218868 0)
(0.099834 -0.00198808 0)
(0.0832126 -0.00178335 0)
(0.0673646 -0.00157641 0)
(0.0523532 -0.00136888 0)
(0.0382317 -0.00116254 0)
(0.0250431 -0.000958528 0)
(0.0128189 -0.000756747 0)
(0.0015759 -0.000555326 0)
(-0.00868317 -0.000356844 0)
(-0.0179659 -0.000169007 0)
(-0.0262933 1.84497e-06 0)
(-0.0336965 0.000152694 0)
(-0.0402146 0.000282245 0)
(-0.0458961 0.000390266 0)
(-0.0507976 0.000476316 0)
(-0.0549822 0.000540546 0)
(-0.0585103 0.000584623 0)
(-0.0614376 0.000611537 0)
(-0.0638279 0.000624604 0)
(-0.065749 0.000626631 0)
(-0.0672649 0.000619412 0)
(-0.0684356 0.000604372 0)
(-0.0693167 0.000583493 0)
(-0.0699577 0.000558226 0)
(-0.0704049 0.000528654 0)
(-0.0707012 0.000495417 0)
(-0.070883 0.000460421 0)
(-0.0709745 0.000427301 0)
(0.168111 -0.0227721 0)
(0.248388 -0.0233139 0)
(0.329933 -0.02369 0)
(0.412333 -0.0239628 0)
(0.495199 -0.0241544 0)
(0.578871 -0.0245138 0)
(0.661782 -0.0244853 0)
(0.750037 -0.0262483 0)
(0.821453 -0.0227273 0)
(0.951348 -0.0347596 0)
(0.655858 -0.137516 0)
(0.777889 -0.13972 0)
(0.900541 -0.141187 0)
(1.02346 -0.142146 0)
(1.1462 -0.142813 0)
(1.2695 -0.143623 0)
(1.39074 -0.144355 0)
(1.52012 -0.147134 0)
(1.62278 -0.146116 0)
(1.81449 -0.163045 0)
(1.30196 -0.265786 0)
(1.43141 -0.268269 0)
(1.55996 -0.269591 0)
(1.68739 -0.270122 0)
(1.81335 -0.27028 0)
(1.93865 -0.270598 0)
(2.06083 -0.271444 0)
(2.18974 -0.274215 0)
(2.29146 -0.276651 0)
(2.4776 -0.293197 0)
(1.99553 -0.395894 0)
(2.12014 -0.396894 0)
(2.2421 -0.396411 0)
(2.36124 -0.394954 0)
(2.47738 -0.393124 0)
(2.59118 -0.39153 0)
(2.70078 -0.391036 0)
(2.814 -0.392269 0)
(2.90326 -0.396092 0)
(3.05995 -0.408386 0)
(2.65521 -0.517307 0)
(2.76466 -0.514838 0)
(2.86962 -0.510693 0)
(2.97006 -0.505499 0)
(3.06595 -0.499996 0)
(3.15777 -0.494852 0)
(3.24445 -0.491253 0)
(3.33101 -0.489175 0)
(3.39926 -0.491947 0)
(3.51071 -0.497165 0)
(3.21919 -0.619091 0)
(3.30211 -0.611281 0)
(3.37903 -0.601765 0)
(3.45007 -0.591263 0)
(3.51541 -0.5806 0)
(3.57533 -0.570478 0)
(3.62969 -0.562218 0)
(3.6803 -0.555351 0)
(3.72007 -0.55485 0)
(3.77489 -0.551178 0)
(3.62661 -0.68926 0)
(3.67254 -0.674742 0)
(3.71171 -0.658701 0)
(3.74442 -0.641912 0)
(3.77105 -0.62522 0)
(3.79175 -0.609327 0)
(3.80724 -0.595497 0)
(3.81624 -0.583096 0)
(3.82281 -0.577656 0)
(3.8162 -0.564927 0)
(3.82432 -0.71802 0)
(3.82643 -0.696396 0)
(3.8221 -0.673656 0)
(3.81179 -0.650578 0)
(3.79606 -0.627961 0)
(3.77495 -0.606479 0)
(3.74988 -0.587164 0)
(3.71705 -0.569512 0)
(3.69002 -0.558428 0)
(3.62581 -0.538291 0)
(3.78087 -0.700411 0)
(3.73806 -0.672467 0)
(3.6903 -0.644008 0)
(3.63817 -0.615766 0)
(3.58236 -0.588442 0)
(3.52285 -0.562642 0)
(3.46145 -0.539054 0)
(3.39281 -0.517526 0)
(3.33683 -0.501313 0)
(3.22769 -0.476985 0)
(3.49658 -0.637958 0)
(3.41447 -0.605685 0)
(3.32995 -0.573634 0)
(3.24368 -0.542446 0)
(3.15635 -0.512675 0)
(3.06791 -0.484827 0)
(2.98025 -0.459209 0)
(2.88748 -0.436103 0)
(2.81191 -0.416528 0)
(2.67751 -0.39214 0)
(3.00775 -0.53921 0)
(2.89844 -0.505609 0)
(2.78998 -0.473003 0)
(2.68296 -0.441892 0)
(2.57795 -0.412659 0)
(2.47484 -0.385672 0)
(2.37523 -0.360901 0)
(2.27366 -0.338987 0)
(2.19091 -0.318746 0)
(2.05382 -0.298329 0)
(2.38403 -0.419021 0)
(2.26437 -0.387632 0)
(2.14884 -0.357884 0)
(2.0378 -0.3301 0)
(1.93154 -0.304481 0)
(1.8298 -0.281236 0)
(1.73362 -0.260113 0)
(1.63863 -0.241894 0)
(1.56117 -0.22388 0)
(1.44114 -0.210214 0)
(1.7173 -0.296084 0)
(1.60517 -0.270153 0)
(1.49954 -0.246187 0)
(1.40038 -0.224319 0)
(1.3076 -0.20459 0)
(1.22074 -0.187058 0)
(1.14016 -0.171397 0)
(1.06286 -0.158301 0)
(0.99954 -0.144666 0)
(0.908161 -0.138495 0)
(1.10051 -0.188311 0)
(1.00967 -0.16973 0)
(0.925941 -0.152978 0)
(0.848937 -0.138034 0)
(0.778206 -0.124837 0)
(0.713153 -0.113367 0)
(0.653687 -0.10339 0)
(0.598133 -0.0953974 0)
(0.552138 -0.0870357 0)
(0.491059 -0.0871731 0)
(0.601021 -0.107028 0)
(0.53687 -0.0956126 0)
(0.478698 -0.0855007 0)
(0.425923 -0.0766082 0)
(0.377994 -0.0688774 0)
(0.334399 -0.0623484 0)
(0.294988 -0.0570352 0)
(0.259186 -0.0533145 0)
(0.228926 -0.050092 0)
(0.192562 -0.0540159 0)
(0.243542 -0.053628 0)
(0.20342 -0.0475547 0)
(0.167341 -0.0421769 0)
(0.134815 -0.0374497 0)
(0.105436 -0.0334322 0)
(0.0789288 -0.0303495 0)
(0.0553043 -0.0284986 0)
(0.0344349 -0.0281726 0)
(0.0159243 -0.0288863 0)
(-0.00405074 -0.0332893 0)
(0.0177087 -0.0224217 0)
(-0.00456275 -0.0196138 0)
(-0.0244811 -0.0170786 0)
(-0.0423447 -0.014857 0)
(-0.0583848 -0.013141 0)
(-0.0727371 -0.012287 0)
(-0.0854145 -0.0126682 0)
(-0.0967409 -0.0144071 0)
(-0.107974 -0.0171095 0)
(-0.118712 -0.0202041 0)
(-0.0987906 -0.00654293 0)
(-0.109162 -0.00548946 0)
(-0.118322 -0.00449503 0)
(-0.126409 -0.00364492 0)
(-0.133578 -0.00315074 0)
(-0.140003 -0.00333162 0)
(-0.145898 -0.00449723 0)
(-0.151837 -0.00676275 0)
(-0.158917 -0.00977484 0)
(-0.165831 -0.0122805 0)
(-0.124915 -0.000361693 0)
(-0.128125 -0.000121224 0)
(-0.130808 0.000144158 0)
(-0.133011 0.000379353 0)
(-0.13485 0.000455692 0)
(-0.136536 0.000179637 0)
(-0.138417 -0.000672096 0)
(-0.141215 -0.00230158 0)
(-0.145941 -0.00460875 0)
(-0.151135 -0.00650846 0)
(-0.0709829 0.000401829 0)
(-0.0708948 0.000390948 0)
(-0.0706848 0.000398487 0)
(-0.0703407 0.000418626 0)
(-0.0699026 0.000431102 0)
(-0.0694839 0.00040415 0)
(-0.0692996 0.00029564 0)
(-0.0698776 3.7646e-06 0)
(-0.0721841 -0.000684344 0)
(-0.075662 -0.00164966 0)
)
;

boundaryField
{
    inlet
    {
        type            fixedProfile;
        profile         csvFile;
        profileCoeffs
        {
            nHeaderLine     0;
            refColumn       0;
            componentColumns 3(1 2 3);
            separator       ",";
            mergeSeparators 0;
            file            "0/Uprofile.csv";
        }
        direction       (0 1 0);
        origin          0;
        value           nonuniform List<vector> 10((0.95 0 0) (2.55 0 0) (3.75 0 0) (4.55 0 0) (4.95 0 0) (4.95 0 0) (4.55 0 0) (3.75 0 0) (2.55 0 0) (0.95 0 0));
    }
    outlet
    {
        type            zeroGradient;
    }
    upperWall
    {
        type            noSlip;
    }
    lowerWall
    {
        type            noSlip;
    }
    frontAndBack
    {
        type            empty;
    }
}


// ************************************************************************* //
