/*--------------------------------*- C++ -*----------------------------------*\
| =========                 |                                                 |
| \\      /  F ield         | OpenFOAM: The Open Source CFD Toolbox           |
|  \\    /   O peration     | Version:  2406                                  |
|   \\  /    A nd           | Website:  www.openfoam.com                      |
|    \\/     M anipulation  |                                                 |
\*---------------------------------------------------------------------------*/
FoamFile
{
    version     2.0;
    format      ascii;
    arch        "LSB;label=32;scalar=64";
    class       volVectorField;
    location    "84";
    object      U;
}
// * * * * * * * * * * * * * * * * * * * * * * * * * * * * * * * * * * * * * //

dimensions      [0 1 -1 0 0 0 0];

internalField   nonuniform List<vector> 
1916
(
(0.098302 -0.000949941 0)
(0.1002 -0.000958607 0)
(0.101757 -0.000543716 0)
(0.102822 -0.000304301 0)
(0.103548 -0.000193458 0)
(0.104076 -0.000126334 0)
(0.104467 -8.25759e-05 0)
(0.104759 -5.68969e-05 0)
(0.104982 -4.20087e-05 0)
(0.105159 -3.23613e-05 0)
(0.105302 -2.54824e-05 0)
(0.10542 -2.03692e-05 0)
(0.105517 -1.63853e-05 0)
(0.105598 -1.30858e-05 0)
(0.105665 -1.01971e-05 0)
(0.105719 -7.5322e-06 0)
(0.105762 -4.89763e-06 0)
(0.105794 -2.09367e-06 0)
(0.105815 1.08499e-06 0)
(0.105823 4.84781e-06 0)
(0.105816 9.44407e-06 0)
(0.105791 1.51936e-05 0)
(0.105745 2.25481e-05 0)
(0.105672 3.20953e-05 0)
(0.105563 4.45948e-05 0)
(0.105408 6.10133e-05 0)
(0.105193 8.26111e-05 0)
(0.104899 0.000111016 0)
(0.104501 0.000148329 0)
(0.103966 0.000197208 0)
(0.10325 0.000260955 0)
(0.102299 0.000343538 0)
(0.101039 0.00044956 0)
(0.0993805 0.000584025 0)
(0.0972102 0.000751845 0)
(0.0943907 0.000956883 0)
(0.0907609 0.00120036 0)
(0.0861398 0.00147844 0)
(0.0803392 0.00177902 0)
(0.0731868 0.00207791 0)
(0.064564 0.00233563 0)
(0.0544646 0.00249535 0)
(0.0430647 0.00248673 0)
(0.0308019 0.00223502 0)
(0.0185186 0.00167263 0)
(0.00798266 0.000532576 0)
(0.000352193 -0.000265643 0)
(0.276253 -0.00143266 0)
(0.27645 -0.0022408 0)
(0.277048 -0.00188767 0)
(0.277586 -0.00141288 0)
(0.278158 -0.00106525 0)
(0.278741 -0.000807394 0)
(0.279264 -0.000611406 0)
(0.279709 -0.000469602 0)
(0.280084 -0.000369752 0)
(0.280402 -0.000297598 0)
(0.280673 -0.000243187 0)
(0.280903 -0.000200827 0)
(0.281099 -0.000166884 0)
(0.281267 -0.000138695 0)
(0.281409 -0.000114277 0)
(0.281528 -9.21675e-05 0)
(0.281625 -7.11296e-05 0)
(0.281702 -4.99618e-05 0)
(0.281756 -2.73686e-05 0)
(0.281788 -1.92044e-06 0)
(0.281792 2.80532e-05 0)
(0.281765 6.459e-05 0)
(0.281699 0.000110338 0)
(0.281585 0.000168749 0)
(0.281408 0.000244362 0)
(0.28115 0.000343114 0)
(0.280787 0.000472797 0)
(0.280284 0.00064359 0)
(0.279598 0.000868766 0)
(0.278669 0.00116549 0)
(0.277419 0.00155577 0)
(0.275744 0.0020674 0)
(0.273509 0.00273486 0)
(0.270535 0.00359974 0)
(0.266594 0.00471037 0)
(0.261392 0.00611961 0)
(0.254559 0.00787967 0)
(0.245641 0.010032 0)
(0.234096 0.0125901 0)
(0.219305 0.0155124 0)
(0.20062 0.0186652 0)
(0.177457 0.0217766 0)
(0.149452 0.0243997 0)
(0.116707 0.0258799 0)
(0.0800839 0.0253294 0)
(0.0428016 0.0209788 0)
(0.00725612 0.0117132 0)
(0.436511 -0.000789554 0)
(0.436465 -0.00157981 0)
(0.436435 -0.0016839 0)
(0.43624 -0.00155128 0)
(0.436217 -0.00138366 0)
(0.436387 -0.00120356 0)
(0.436635 -0.0010212 0)
(0.436895 -0.000856945 0)
(0.437151 -0.000719876 0)
(0.437396 -0.000607461 0)
(0.437623 -0.00051451 0)
(0.43783 -0.000436954 0)
(0.438015 -0.000371491 0)
(0.43818 -0.000315066 0)
(0.438325 -0.000264964 0)
(0.43845 -0.000218893 0)
(0.438556 -0.000174756 0)
(0.438642 -0.000130379 0)
(0.438706 -8.33354e-05 0)
(0.438748 -3.08539e-05 0)
(0.438762 3.03509e-05 0)
(0.438745 0.00010435 0)
(0.438688 0.000196378 0)
(0.438582 0.000313281 0)
(0.438413 0.000464073 0)
(0.438162 0.000660628 0)
(0.437804 0.000918588 0)
(0.437305 0.00125855 0)
(0.436619 0.00170761 0)
(0.435686 0.00230129 0)
(0.434422 0.00308586 0)
(0.432718 0.00412118 0)
(0.430426 0.00548381 0)
(0.42735 0.00727016 0)
(0.423227 0.0095992 0)
(0.417705 0.0126134 0)
(0.410321 0.0164758 0)
(0.400462 0.0213597 0)
(0.387332 0.0274252 0)
(0.369911 0.0347736 0)
(0.346928 0.0433705 0)
(0.31688 0.0529232 0)
(0.278111 0.0627333 0)
(0.229111 0.0714976 0)
(0.168743 0.0771801 0)
(0.0993146 0.0748612 0)
(0.0209904 0.0524297 0)
(0.576715 -0.000420517 0)
(0.576787 -0.00101985 0)
(0.576756 -0.00126624 0)
(0.57639 -0.00130837 0)
(0.576083 -0.00127687 0)
(0.575953 -0.00120423 0)
(0.575922 -0.00110056 0)
(0.575934 -0.000985011 0)
(0.575976 -0.000873003 0)
(0.576044 -0.000770062 0)
(0.576125 -0.000676737 0)
(0.576213 -0.000592641 0)
(0.5763 -0.000516938 0)
(0.576386 -0.000448101 0)
(0.576466 -0.000384202 0)
(0.576539 -0.00032324 0)
(0.576602 -0.000263099 0)
(0.576655 -0.000201298 0)
(0.576696 -0.000134805 0)
(0.576721 -5.99192e-05 0)
(0.576728 2.79002e-05 0)
(0.576712 0.000134375 0)
(0.576668 0.000266919 0)
(0.576586 0.0004353 0)
(0.576457 0.000652457 0)
(0.576267 0.000935536 0)
(0.575994 0.00130726 0)
(0.575615 0.00179774 0)
(0.575092 0.00244688 0)
(0.574377 0.00330748 0)
(0.573405 0.00444926 0)
(0.572086 0.00596388 0)
(0.570299 0.00797118 0)
(0.567874 0.0106267 0)
(0.564579 0.01413 0)
(0.560093 0.0187338 0)
(0.553963 0.0247509 0)
(0.545559 0.0325571 0)
(0.533994 0.0425811 0)
(0.51802 0.0552701 0)
(0.495891 0.0710115 0)
(0.465209 0.0899658 0)
(0.422723 0.111816 0)
(0.364418 0.135254 0)
(0.28508 0.157643 0)
(0.182594 0.170056 0)
(0.0457613 0.13851 0)
(0.696829 -0.000258903 0)
(0.696973 -0.00068969 0)
(0.697046 -0.000930059 0)
(0.696734 -0.00102152 0)
(0.696388 -0.00104375 0)
(0.696162 -0.0010272 0)
(0.69601 -0.00097881 0)
(0.695886 -0.000910337 0)
(0.695789 -0.000834602 0)
(0.695719 -0.00075851 0)
(0.695673 -0.000684484 0)
(0.695643 -0.000613551 0)
(0.695624 -0.000546094 0)
(0.695614 -0.000481626 0)
(0.69561 -0.000418981 0)
(0.695609 -0.000356645 0)
(0.69561 -0.00029279 0)
(0.695609 -0.000225029 0)
(0.695606 -0.000150202 0)
(0.695599 -6.42211e-05 0)
(0.695585 3.81005e-05 0)
(0.695561 0.000163421 0)
(0.695524 0.000320456 0)
(0.69547 0.000520771 0)
(0.695392 0.000779786 0)
(0.695284 0.00111806 0)
(0.695134 0.001563 0)
(0.694928 0.00215114 0)
(0.694648 0.00293122 0)
(0.694266 0.00396829 0)
(0.693745 0.0053492 0)
(0.693035 0.00718974 0)
(0.69206 0.00964411 0)
(0.690716 0.0129172 0)
(0.688849 0.0172803 0)
(0.686232 0.0230913 0)
(0.682528 0.0308187 0)
(0.677227 0.0410697 0)
(0.66955 0.0546187 0)
(0.658297 0.0724268 0)
(0.641598 0.0956385 0)
(0.61657 0.125486 0)
(0.578642 0.163131 0)
(0.52121 0.208926 0)
(0.433166 0.262363 0)
(0.303813 0.313881 0)
(0.0914199 0.301038 0)
(0.796901 -0.000170139 0)
(0.797073 -0.000472366 0)
(0.797217 -0.000669682 0)
(0.796979 -0.000767497 0)
(0.796661 -0.000808954 0)
(0.796427 -0.00081684 0)
(0.796247 -0.00079718 0)
(0.79608 -0.000757505 0)
(0.795927 -0.000707378 0)
(0.795794 -0.000653127 0)
(0.79568 -0.000597564 0)
(0.795581 -0.000542035 0)
(0.795495 -0.000487199 0)
(0.795421 -0.000432915 0)
(0.795356 -0.000378327 0)
(0.795298 -0.000322159 0)
(0.795248 -0.000262761 0)
(0.795203 -0.000197892 0)
(0.795163 -0.000124467 0)
(0.795127 -3.83881e-05 0)
(0.795096 6.56523e-05 0)
(0.795067 0.000194533 0)
(0.795042 0.000357309 0)
(0.795019 0.000566042 0)
(0.795 0.00083689 0)
(0.794984 0.0011915 0)
(0.794972 0.00165885 0)
(0.794964 0.00227778 0)
(0.79496 0.00310045 0)
(0.794959 0.00419694 0)
(0.794961 0.00566174 0)
(0.79496 0.00762232 0)
(0.794946 0.0102511 0)
(0.794898 0.0137816 0)
(0.794775 0.0185311 0)
(0.794502 0.0249317 0)
(0.793939 0.0335732 0)
(0.792836 0.0452633 0)
(0.790738 0.0611101 0)
(0.78684 0.0826321 0)
(0.779682 0.111917 0)
(0.766735 0.151757 0)
(0.743188 0.206006 0)
(0.701515 0.278886 0)
(0.625233 0.377412 0)
(0.496447 0.494535 0)
(0.185293 0.562994 0)
(0.876947 -0.00011298 0)
(0.877129 -0.000320625 0)
(0.87731 -0.000469562 0)
(0.877126 -0.000554856 0)
(0.876843 -0.000597954 0)
(0.876621 -0.00061376 0)
(0.876442 -0.000607406 0)
(0.876267 -0.000584037 0)
(0.876098 -0.000550378 0)
(0.875942 -0.000511502 0)
(0.875801 -0.000470041 0)
(0.875673 -0.000427342 0)
(0.875556 -0.000384086 0)
(0.87545 -0.000340252 0)
(0.875355 -0.000295168 0)
(0.875269 -0.000247744 0)
(0.875191 -0.000196519 0)
(0.875123 -0.000139491 0)
(0.875065 -7.38689e-05 0)
(0.875017 4.10356e-06 0)
(0.874982 9.93321e-05 0)
(0.87496 0.000218203 0)
(0.874956 0.000369135 0)
(0.874973 0.000563358 0)
(0.875018 0.000815951 0)
(0.875099 0.00114717 0)
(0.875228 0.00158424 0)
(0.87542 0.00216379 0)
(0.875694 0.00293525 0)
(0.876077 0.00396547 0)
(0.876605 0.00534524 0)
(0.877322 0.00719831 0)
(0.878287 0.00969414 0)
(0.879576 0.013066 0)
(0.881279 0.0176372 0)
(0.883505 0.0238591 0)
(0.886377 0.032368 0)
(0.890013 0.0440703 0)
(0.894486 0.0602745 0)
(0.899756 0.0828936 0)
(0.90543 0.114796 0)
(0.910601 0.160286 0)
(0.912056 0.226475 0)
(0.906046 0.323914 0)
(0.868155 0.478004 0)
(0.81205 0.734734 0)
(0.307368 1.08085 0)
(0.936977 -7.21129e-05 0)
(0.93716 -0.000207114 0)
(0.937361 -0.000309245 0)
(0.937212 -0.000372617 0)
(0.936955 -0.000407388 0)
(0.936746 -0.000422314 0)
(0.936573 -0.000421096 0)
(0.9364 -0.000407117 0)
(0.936227 -0.000384741 0)
(0.936063 -0.000357546 0)
(0.935913 -0.000327607 0)
(0.935774 -0.000296058 0)
(0.935645 -0.000263479 0)
(0.935527 -0.000229895 0)
(0.93542 -0.000194815 0)
(0.935323 -0.000157391 0)
(0.935237 -0.000116464 0)
(0.935162 -7.04304e-05 0)
(0.9351 -1.70489e-05 0)
(0.935054 4.67164e-05 0)
(0.935027 0.000124851 0)
(0.935021 0.000222554 0)
(0.935045 0.000346676 0)
(0.935105 0.000506361 0)
(0.935215 0.000713891 0)
(0.935388 0.000985794 0)
(0.935647 0.00134434 0)
(0.936018 0.00181957 0)
(0.936541 0.00245217 0)
(0.937266 0.00329743 0)
(0.938262 0.00443091 0)
(0.93962 0.00595635 0)
(0.941465 0.00801719 0)
(0.943962 0.0108133 0)
(0.947334 0.0146258 0)
(0.951881 0.0198545 0)
(0.958002 0.0270755 0)
(0.966233 0.037132 0)
(0.977286 0.0512802 0)
(0.992133 0.0714282 0)
(1.01199 0.100555 0)
(1.03894 0.143396 0)
(1.07441 0.207985 0)
(1.12938 0.307584 0)
(1.19487 0.46922 0)
(1.4129 0.728438 0)
(1.51696 1.26093 0)
(0.976996 -3.97633e-05 0)
(0.977178 -0.000114818 0)
(0.977388 -0.000172989 0)
(0.97726 -0.000210381 0)
(0.977019 -0.000231415 0)
(0.97682 -0.000240498 0)
(0.976652 -0.000239751 0)
(0.976482 -0.000231088 0)
(0.976309 -0.00021694 0)
(0.976143 -0.000199397 0)
(0.97599 -0.000179752 0)
(0.975847 -0.000158736 0)
(0.975714 -0.000136717 0)
(0.975592 -0.00011371 0)
(0.975482 -8.93972e-05 0)
(0.975383 -6.3222e-05 0)
(0.975295 -3.44187e-05 0)
(0.975222 -1.92873e-06 0)
(0.975163 3.57246e-05 0)
(0.975124 8.05421e-05 0)
(0.975108 0.000135154 0)
(0.975121 0.000202988 0)
(0.975171 0.000288559 0)
(0.975269 0.000397882 0)
(0.975431 0.000539029 0)
(0.975678 0.000722866 0)
(0.976038 0.000964041 0)
(0.976549 0.00128235 0)
(0.977261 0.00170464 0)
(0.978245 0.00226753 0)
(0.979594 0.00302121 0)
(0.981437 0.00403498 0)
(0.983949 0.00540522 0)
(0.987367 0.00726733 0)
(0.992021 0.00981354 0)
(0.998366 0.0133205 0)
(1.00704 0.018192 0)
(1.01894 0.0250282 0)
(1.03535 0.034736 0)
(1.05815 0.0487143 0)
(1.09009 0.0691399 0)
(1.13573 0.0995054 0)
(1.20122 0.145061 0)
(1.3022 0.214507 0)
(1.44753 0.317349 0)
(1.70377 0.455363 0)
(2.05256 0.682409 0)
(0.997004 -1.15698e-05 0)
(0.997186 -3.32963e-05 0)
(0.9974 -4.97234e-05 0)
(0.997282 -5.96474e-05 0)
(0.99705 -6.42717e-05 0)
(0.996856 -6.48707e-05 0)
(0.996691 -6.21007e-05 0)
(0.996522 -5.65562e-05 0)
(0.99635 -4.89934e-05 0)
(0.996184 -4.00699e-05 5.91737e-34)
(0.99603 -3.01923e-05 0)
(0.995886 -1.95756e-05 0)
(0.995753 -8.30801e-06 0)
(0.995631 3.64466e-06 0)
(0.99552 1.64317e-05 0)
(0.995422 3.02915e-05 5.90208e-34)
(0.995337 4.55427e-05 0)
(0.995266 6.26108e-05 0)
(0.995212 8.20705e-05 0)
(0.99518 0.000104685 0)
(0.995173 0.000131444 0)
(0.995199 0.000163628 0)
(0.995266 0.000202902 0)
(0.995388 0.000251468 -5.87512e-34)
(0.995582 0.000312259 0)
(0.995872 0.000389197 0)
(0.99629 0.000487549 0)
(0.996878 0.000614411 0)
(0.997697 0.000779393 0)
(0.998824 0.000995582 0)
(1.00037 0.00128093 0)
(1.00248 0.00166025 0)
(1.00535 0.00216815 0)
(1.00928 0.0028534 0)
(1.01464 0.00378555 0)
(1.02197 0.00506529 0)
(1.03206 0.00684057 0)
(1.04601 0.00933275 0)
(1.06543 0.012878 0)
(1.0927 0.0179969 0)
(1.13137 0.025486 0)
(1.18684 0.036606 -4.73849e-34)
(1.26692 0.052951 0)
(1.38307 0.0769741 0)
(1.55029 0.107991 0)
(1.77723 0.140417 0)
(2.09948 0.166764 0)
(0.997004 1.53404e-05 0)
(0.997186 4.48206e-05 0)
(0.9974 6.92795e-05 0)
(0.997282 8.71225e-05 0)
(0.997051 9.96485e-05 0)
(0.996857 0.000108298 0)
(0.996693 0.000113804 0)
(0.996525 0.000116844 0)
(0.996354 0.000118261 0)
(0.996189 0.000118802 -5.91719e-34)
(0.996036 0.000118974 0)
(0.995893 0.00011911 0)
(0.995762 0.000119423 0)
(0.995641 0.000120005 0)
(0.995533 0.000120838 0)
(0.995437 0.000121834 -5.90171e-34)
(0.995354 0.000122844 0)
(0.995286 0.000123629 0)
(0.995235 0.000123814 0)
(0.995206 0.000122853 0)
(0.995202 0.000119997 0)
(0.995232 0.00011424 0)
(0.995304 0.00010422 0)
(0.995431 8.80831e-05 5.8756e-34)
(0.99563 6.32879e-05 0)
(0.995926 2.63624e-05 0)
(0.996351 -2.74371e-05 0)
(0.996947 -0.000104585 0)
(0.997774 -0.000213943 0)
(0.998911 -0.000367677 0)
(1.00047 -0.000582579 0)
(1.00259 -0.000881958 0)
(1.00548 -0.00129842 0)
(1.00942 -0.001878 0)
(1.0148 -0.00268641 0)
(1.02217 -0.00381871 0)
(1.03229 -0.00541451 0)
(1.04628 -0.00768226 0)
(1.06576 -0.0109376 0)
(1.09312 -0.0156678 0)
(1.13193 -0.0226122 0)
(1.18762 -0.0329334 4.74107e-34)
(1.26808 -0.0480448 0)
(1.38484 -0.0700658 0)
(1.55317 -0.0977394 0)
(1.78139 -0.124095 0)
(2.10626 -0.140813 0)
(0.976996 4.34348e-05 0)
(0.977178 0.00012604 0)
(0.977389 0.000192037 0)
(0.977262 0.000237137 0)
(0.977022 0.000265855 0)
(0.976825 0.000282762 0)
(0.976659 0.000290053 0)
(0.976491 0.000289721 0)
(0.97632 0.000284286 0)
(0.976158 0.000275921 0)
(0.976008 0.000266022 0)
(0.975869 0.000255429 0)
(0.97574 0.000244635 0)
(0.975624 0.000233774 0)
(0.975519 0.000222658 0)
(0.975426 0.000210876 0)
(0.975346 0.000197829 0)
(0.97528 0.000182635 0)
(0.975231 0.000164012 0)
(0.975201 0.000140168 0)
(0.975196 0.000108709 0)
(0.975221 6.64638e-05 0)
(0.975284 9.21607e-06 0)
(0.975397 -6.87225e-05 0)
(0.975575 -0.000175049 0)
(0.97584 -0.000320207 0)
(0.97622 -0.000518351 0)
(0.976753 -0.000788704 0)
(0.977491 -0.00115743 0)
(0.978504 -0.00166031 0)
(0.979886 -0.00234651 0)
(0.981767 -0.00328402 0)
(0.984321 -0.00456754 0)
(0.987791 -0.00633019 0)
(0.992507 -0.00876111 0)
(0.998928 -0.0121325 0)
(1.0077 -0.0168422 0)
(1.01972 -0.0234808 0)
(1.0363 -0.0329416 0)
(1.05935 -0.0466021 0)
(1.09166 -0.0666056 0)
(1.13791 -0.0963946 0)
(1.20438 -0.141123 0)
(1.30713 -0.209363 0)
(1.45558 -0.310295 0)
(1.7175 -0.444484 0)
(2.07707 -0.666293 0)
(0.936977 7.55876e-05 0)
(0.937161 0.000217736 0)
(0.937362 0.000327284 0)
(0.937215 0.000397947 0)
(0.93696 0.000439971 0)
(0.936754 0.000462269 0)
(0.936584 0.000468615 0)
(0.936414 0.000462467 0)
(0.936245 0.000448272 0)
(0.936087 0.00042969 0)
(0.935943 0.000408892 0)
(0.93581 0.000387115 0)
(0.935689 0.000365054 0)
(0.935579 0.000342845 0)
(0.935482 0.000320127 0)
(0.935395 0.000296183 0)
(0.93532 0.000270013 0)
(0.935258 0.000240174 0)
(0.935211 0.00020461 0)
(0.935181 0.000160475 0)
(0.935171 0.000104008 0)
(0.935185 3.02453e-05 0)
(0.93523 -6.73893e-05 0)
(0.935315 -0.000197746 0)
(0.935451 -0.000372766 0)
(0.935654 -0.000608606 0)
(0.935946 -0.000927097 0)
(0.936355 -0.0013578 0)
(0.936919 -0.00194083 0)
(0.937691 -0.00273082 0)
(0.938739 -0.0038025 0)
(0.940158 -0.0052587 0)
(0.942073 -0.00724168 0)
(0.944652 -0.00994987 0)
(0.948121 -0.0136625 0)
(0.952785 -0.0187772 0)
(0.959052 -0.0258672 0)
(0.967471 -0.0357721 0)
(0.978774 -0.0497443 0)
(0.993964 -0.0696884 0)
(1.01431 -0.0985827 0)
(1.042 -0.141173 0)
(1.07859 -0.205534 0)
(1.13565 -0.305029 0)
(1.20406 -0.467072 0)
(1.43162 -0.727125 0)
(1.54478 -1.26905 0)
(0.876947 0.000116164 0)
(0.877129 0.000330362 0)
(0.877312 0.00048611 0)
(0.87713 0.000578075 0)
(0.876849 0.000627785 0)
(0.876631 0.000650297 0)
(0.876456 0.000650804 0)
(0.876287 0.000634528 0)
(0.876124 0.000608263 0)
(0.875974 0.000577167 0)
(0.875842 0.000543952 0)
(0.875723 0.000510067 0)
(0.875616 0.000476283 0)
(0.875522 0.000442696 0)
(0.875439 0.000408738 0)
(0.875367 0.000373456 0)
(0.875306 0.000335514 0)
(0.875255 0.00029307 0)
(0.875216 0.000243477 0)
(0.875191 0.000183174 0)
(0.875179 0.00010743 0)
(0.875184 1.00919e-05 0)
(0.87521 -0.000117044 0)
(0.87526 -0.000284932 0)
(0.875341 -0.000508386 0)
(0.875463 -0.000807327 0)
(0.875637 -0.00120866 0)
(0.875879 -0.00174861 0)
(0.876209 -0.0024762 0)
(0.876656 -0.00345781 0)
(0.877254 -0.00478376 0)
(0.878052 -0.00657725 0)
(0.87911 -0.00900722 0)
(0.880505 -0.0123064 0)
(0.882333 -0.0167978 0)
(0.884709 -0.0229325 0)
(0.887761 -0.0313476 0)
(0.89162 -0.0429514 0)
(0.896377 -0.0590574 0)
(0.902017 -0.0815892 0)
(0.908183 -0.113439 0)
(0.914029 -0.158956 0)
(0.916384 -0.225362 0)
(0.911691 -0.323383 0)
(0.875068 -0.479063 0)
(0.822049 -0.739678 0)
(0.31033 -1.09738 0)
(0.796901 0.000172944 0)
(0.797074 0.000480953 0)
(0.797219 0.000684287 0)
(0.796984 0.00078796 0)
(0.79667 0.000835191 0)
(0.79644 0.000848907 0)
(0.796265 0.000835193 0)
(0.796105 0.000801644 0)
(0.795959 0.000757888 0)
(0.795835 0.00071033 0)
(0.795731 0.000661855 0)
(0.795644 0.000613892 0)
(0.795571 0.000567179 0)
(0.79551 0.000521675 0)
(0.795461 0.000476623 0)
(0.795422 0.000430863 0)
(0.795391 0.000382851 0)
(0.795368 0.000330479 0)
(0.795352 0.000270789 0)
(0.795344 0.000199846 0)
(0.795342 0.000112494 0)
(0.795347 2.04416e-06 0)
(0.795358 -0.000140376 0)
(0.795376 -0.000326611 0)
(0.795402 -0.000572608 0)
(0.795436 -0.000899755 0)
(0.795479 -0.0013368 0)
(0.795533 -0.00192231 0)
(0.795597 -0.00270819 0)
(0.795674 -0.00376428 0)
(0.795762 -0.00518486 0)
(0.795858 -0.00709729 0)
(0.795954 -0.00967403 0)
(0.796031 -0.013149 0)
(0.796053 -0.0178402 0)
(0.795948 -0.0241814 0)
(0.795583 -0.0327657 0)
(0.794714 -0.0444061 0)
(0.792901 -0.0602208 0)
(0.78935 -0.0817453 0)
(0.782617 -0.111097 0)
(0.77019 -0.151119 0)
(0.747251 -0.205757 0)
(0.706268 -0.279349 0)
(0.630552 -0.379203 0)
(0.5022 -0.498244 0)
(0.188428 -0.569775 0)
(0.696829 0.000261249 0)
(0.696974 0.000696888 0)
(0.697049 0.000942314 0)
(0.69674 0.00103864 0)
(0.696398 0.00106562 0)
(0.696177 0.00105382 0)
(0.696031 0.00101028 0)
(0.695916 0.000946759 0)
(0.695827 0.000876172 0)
(0.695768 0.00080546 0)
(0.695734 0.000737142 0)
(0.695717 0.000672269 0)
(0.695713 0.000611333 0)
(0.69572 0.000553886 0)
(0.695734 0.000498897 0)
(0.695754 0.00044489 0)
(0.695778 0.00039018 0)
(0.695803 0.000332421 0)
(0.695828 0.000268624 0)
(0.695852 0.000194756 0)
(0.695873 0.000105833 0)
(0.695887 -4.74354e-06 0)
(0.695892 -0.000145462 0)
(0.695885 -0.00032782 0)
(0.695859 -0.000566989 0)
(0.695808 -0.000883455 0)
(0.695721 -0.00130437 0)
(0.695586 -0.00186621 0)
(0.695384 -0.00261752 0)
(0.695089 -0.0036234 0)
(0.694666 -0.00497063 0)
(0.694063 -0.00677534 0)
(0.69321 -0.00919209 0)
(0.692003 -0.0124268 0)
(0.690289 -0.0167523 0)
(0.687847 -0.0225292 0)
(0.684342 -0.03023 0)
(0.679268 -0.0404691 0)
(0.671851 -0.0540317 0)
(0.660894 -0.0718954 0)
(0.644524 -0.0952302 0)
(0.619848 -0.125304 0)
(0.582257 -0.163333 0)
(0.52508 -0.209724 0)
(0.437021 -0.264058 0)
(0.307147 -0.316792 0)
(0.0927549 -0.305173 0)
(0.576716 0.000422335 0)
(0.576788 0.00102546 0)
(0.576759 0.00127578 0)
(0.576396 0.00132161 0)
(0.576094 0.00129368 0)
(0.57597 0.00122458 0)
(0.575946 0.00112447 0)
(0.575967 0.00101256 0)
(0.576019 0.000904295 0)
(0.576098 0.000805281 0)
(0.576193 0.000716089 0)
(0.576295 0.000636399 0)
(0.576399 0.000565401 0)
(0.576503 0.000501665 0)
(0.576603 0.000443298 0)
(0.576698 0.000388397 0)
(0.576787 0.000334871 0)
(0.576868 0.000280353 0)
(0.576939 0.000221847 0)
(0.576998 0.000155785 0)
(0.577042 7.76719e-05 0)
(0.577067 -1.80707e-05 0)
(0.577068 -0.00013881 0)
(0.577037 -0.000294161 0)
(0.576963 -0.000497014 0)
(0.576834 -0.000764366 0)
(0.57663 -0.00111892 0)
(0.576325 -0.00159067 0)
(0.575884 -0.0022196 0)
(0.575261 -0.00305852 0)
(0.574391 -0.00417742 0)
(0.573185 -0.0056683 0)
(0.571522 -0.0076518 0)
(0.569235 -0.0102845 0)
(0.566093 -0.0137679 0)
(0.561774 -0.0183574 0)
(0.555829 -0.0243702 0)
(0.547627 -0.032188 0)
(0.536277 -0.0422487 0)
(0.520528 -0.0550115 0)
(0.498621 -0.0708801 0)
(0.468135 -0.0900338 0)
(0.425771 -0.112175 0)
(0.367449 -0.136004 0)
(0.287835 -0.15888 0)
(0.184694 -0.171808 0)
(0.0464368 -0.140433 0)
(0.436511 0.000790804 0)
(0.436466 0.00158368 0)
(0.436438 0.00169043 0)
(0.436247 0.00156023 0)
(0.436228 0.00139487 0)
(0.436405 0.00121698 0)
(0.436661 0.00103683 0)
(0.43693 0.000874807 0)
(0.437196 0.000740024 0)
(0.437452 0.000630009 0)
(0.437693 0.000539572 0)
(0.437914 0.0004647 0)
(0.438116 0.000402094 0)
(0.438299 0.000348781 0)
(0.438464 0.000302052 0)
(0.438612 0.000259694 0)
(0.438742 0.000219603 0)
(0.438855 0.000179698 0)
(0.43895 0.000137552 0)
(0.439024 9.04983e-05 0)
(0.439076 3.52459e-05 0)
(0.439098 -3.21575e-05 0)
(0.439086 -0.000116957 0)
(0.439029 -0.000225877 0)
(0.438913 -0.000367953 0)
(0.438722 -0.000554945 0)
(0.43843 -0.000802554 0)
(0.438003 -0.00113131 0)
(0.437397 -0.00156847 0)
(0.436551 -0.00214959 0)
(0.435383 -0.0029213 0)
(0.433785 -0.0039438 0)
(0.431608 -0.0052944 0)
(0.428658 -0.00707046 0)
(0.42467 -0.0093926 0)
(0.419293 -0.0124054 0)
(0.412061 -0.0162751 0)
(0.402359 -0.0211791 0)
(0.389385 -0.0272831 0)
(0.372107 -0.0346948 0)
(0.349238 -0.0433868 0)
(0.31925 -0.0530717 0)
(0.280451 -0.0630517 0)
(0.231285 -0.072013 0)
(0.170559 -0.0779014 0)
(0.100553 -0.0757492 0)
(0.0213229 -0.0532591 0)
(0.276253 0.00143336 0)
(0.276451 0.00224298 0)
(0.277051 0.00189116 0)
(0.277592 0.00141743 0)
(0.278169 0.00107078 0)
(0.278757 0.000813867 0)
(0.279287 0.000618837 0)
(0.27974 0.00047798 0)
(0.280123 0.000379124 0)
(0.280452 0.00030799 0)
(0.280734 0.000254681 0)
(0.280977 0.000213463 0)
(0.281187 0.000180779 0)
(0.281369 0.000153925 0)
(0.281528 0.000131006 0)
(0.281666 0.000110505 0)
(0.281784 9.12751e-05 0)
(0.281883 7.20589e-05 0)
(0.281962 5.16686e-05 0)
(0.282021 2.86126e-05 0)
(0.282055 1.31616e-06 0)
(0.282061 -3.23453e-05 0)
(0.282031 -7.4886e-05 0)
(0.281956 -0.000129832 0)
(0.281823 -0.000201604 0)
(0.281614 -0.000296246 0)
(0.281304 -0.000421451 0)
(0.280859 -0.000587549 0)
(0.280237 -0.000807765 0)
(0.279378 -0.0010995 0)
(0.278204 -0.00148483 0)
(0.276612 -0.00199197 0)
(0.274465 -0.00265571 0)
(0.271586 -0.00351841 0)
(0.267744 -0.00462915 0)
(0.262643 -0.0060421 0)
(0.255912 -0.00781087 0)
(0.247091 -0.00997889 0)
(0.235628 -0.0125615 0)
(0.220898 -0.0155192 0)
(0.202237 -0.0187192 0)
(0.179044 -0.0218885 0)
(0.150935 -0.0245756 0)
(0.117996 -0.0261169 0)
(0.0810789 -0.025615 0)
(0.0434171 -0.0212819 0)
(0.00739158 -0.0119587 0)
(0.098302 0.00095017 0)
(0.100201 0.000959178 0)
(0.101759 0.000544492 0)
(0.102826 0.000305217 0)
(0.103554 0.00019449 0)
(0.104086 0.000127473 0)
(0.10448 8.38199e-05 0)
(0.104776 5.82468e-05 0)
(0.105004 4.34734e-05 0)
(0.105186 3.3946e-05 0)
(0.105335 2.71958e-05 0)
(0.105459 2.22177e-05 0)
(0.105563 1.83854e-05 0)
(0.105651 1.52507e-05 0)
(0.105726 1.2545e-05 0)
(0.10579 1.00776e-05 0)
(0.105843 7.66731e-06 0)
(0.105886 5.1151e-06 0)
(0.105918 2.2267e-06 0)
(0.10594 -1.21215e-06 0)
(0.105947 -5.45814e-06 0)
(0.105939 -1.08429e-05 0)
(0.105911 -1.77949e-05 0)
(0.105857 -2.68972e-05 0)
(0.105769 -3.89056e-05 0)
(0.105638 -5.48008e-05 0)
(0.105448 -7.58494e-05 0)
(0.105182 -0.0001037 0)
(0.104815 -0.000140471 0)
(0.104312 -0.000188854 0)
(0.103632 -0.000252192 0)
(0.102718 -0.000334526 0)
(0.101498 -0.000440551 0)
(0.0998806 -0.000575404 0)
(0.0977514 -0.000744164 0)
(0.0949716 -0.000950892 0)
(0.0913775 -0.00119702 0)
(0.0867853 -0.0014789 0)
(0.0810027 -0.00178451 0)
(0.0738522 -0.00208954 0)
(0.0652104 -0.00235406 0)
(0.055066 -0.00252038 0)
(0.0435923 -0.00251686 0)
(0.0312279 -0.00226717 0)
(0.0188206 -0.00170344 0)
(0.00815302 -0.000557108 0)
(0.000382681 0.000242605 0)
(1.77401 0.885168 0)
(1.4569 0.420778 0)
(1.07629 0.157844 0)
(0.933045 0.0424975 0)
(0.911091 -0.00318458 0)
(0.878351 -0.034951 0)
(2.48457 0.545621 0)
(2.63404 0.341288 0)
(2.6108 0.230143 0)
(2.55993 0.172572 0)
(2.51389 0.134808 0)
(2.45659 0.111635 0)
(2.4733 0.112213 0)
(2.75385 0.0652156 0)
(2.89711 0.0586092 0)
(2.96016 0.0677536 0)
(2.99131 0.079429 0)
(2.99971 0.0956086 0)
(2.48212 -0.0683078 0)
(2.76365 0.00268011 0)
(2.9092 0.0368659 0)
(2.97801 0.0598822 0)
(3.02214 0.0872971 0)
(3.05028 0.120682 0)
(2.5217 -0.508452 0)
(2.69072 -0.279094 0)
(2.70138 -0.146685 0)
(2.69953 -0.0688635 0)
(2.71256 -0.0045839 0)
(2.72496 0.0558081 0)
(1.8289 -0.892863 0)
(1.54902 -0.425451 0)
(1.21249 -0.156479 0)
(1.11976 -0.0288765 0)
(1.17083 0.0346786 0)
(1.23115 0.0922702 0)
(-0.000936659 0.000809415 0)
(-0.00744423 0.00180679 0)
(-0.0163419 0.00209578 0)
(-0.0255165 0.00196282 0)
(-0.0338316 0.00175434 0)
(-0.0411429 0.00154294 0)
(-0.0475133 0.00134536 0)
(-0.0530193 0.00116638 0)
(-0.057731 0.00100657 0)
(-0.0617121 0.000865095 0)
(-0.0650187 0.000739788 0)
(-0.0676998 0.000627549 0)
(-0.0697975 0.000524807 0)
(-0.0713501 0.000428797 0)
(-0.0723947 0.000337729 0)
(-0.0729703 0.000250874 0)
(-0.0731211 0.000168454 0)
(-0.0728985 9.18676e-05 0)
(-0.072364 2.23695e-05 0)
(-0.0715842 -3.88712e-05 0)
(-0.0706288 -9.09777e-05 0)
(-0.0695679 -0.000133592 0)
(-0.0684684 -0.000166902 0)
(-0.067392 -0.000191194 0)
(-0.0663939 -0.000207231 0)
(-0.0655224 -0.000215666 0)
(-0.0648186 -0.000217173 0)
(-0.064317 -0.000212008 0)
(-0.064046 -0.000200208 0)
(-0.0640281 -0.000181287 0)
(-0.0642808 -0.000154669 0)
(-0.0648174 -0.000119347 0)
(-0.0656452 -7.48298e-05 0)
(-0.0667652 -2.01559e-05 0)
(-0.0681713 4.54764e-05 0)
(-0.0698476 0.000121604 0)
(-0.071764 0.000203205 0)
(-0.0738716 0.000281571 0)
(-0.0761039 0.000350483 0)
(-0.0783846 0.000407744 0)
(-0.0806242 0.000439441 0)
(-0.0827023 0.000412161 0)
(-0.0844737 0.000321106 0)
(-0.0857873 0.000221923 0)
(-0.0864785 9.94932e-05 0)
(-0.0867551 -0.000120474 0)
(-0.0869348 -0.000143701 0)
(-0.00365345 0.00863783 0)
(-0.0224874 0.016507 0)
(-0.0446773 0.0183319 0)
(-0.0662754 0.0172899 0)
(-0.0854329 0.0154281 0)
(-0.10203 0.0134749 0)
(-0.116265 0.0116293 0)
(-0.128373 0.00992935 0)
(-0.138576 0.00837218 0)
(-0.147068 0.0069459 0)
(-0.154018 0.00563707 0)
(-0.159571 0.00443265 0)
(-0.163855 0.00332299 0)
(-0.166986 0.00230259 0)
(-0.169075 0.001372 0)
(-0.170235 0.000535571 0)
(-0.170586 -0.000196647 0)
(-0.170257 -0.000811711 0)
(-0.169382 -0.00129918 0)
(-0.168103 -0.00165327 0)
(-0.166566 -0.00187324 0)
(-0.164911 -0.00196389 0)
(-0.163271 -0.00193435 0)
(-0.161763 -0.00179672 0)
(-0.160494 -0.00156461 0)
(-0.159555 -0.00125209 0)
(-0.159022 -0.000872934 0)
(-0.158956 -0.000440014 0)
(-0.159405 3.47391e-05 0)
(-0.160404 0.000540276 0)
(-0.161978 0.00106734 0)
(-0.164136 0.00160547 0)
(-0.166872 0.00214265 0)
(-0.170166 0.00266483 0)
(-0.173974 0.00315535 0)
(-0.178231 0.00359228 0)
(-0.18284 0.00394745 0)
(-0.187671 0.00418935 0)
(-0.192568 0.00429151 0)
(-0.197357 0.00422929 0)
(-0.201845 0.00397093 0)
(-0.205825 0.00348447 0)
(-0.209148 0.00277145 0)
(-0.211719 0.00187407 0)
(-0.21335 0.000907333 0)
(-0.214461 0.00033127 0)
(-0.216187 0.000515388 0)
(-0.00656702 0.0253898 0)
(-0.0364899 0.0429931 0)
(-0.0678235 0.0451637 0)
(-0.0965242 0.0415506 0)
(-0.121234 0.0365404 0)
(-0.142321 0.0315721 0)
(-0.160274 0.0270243 0)
(-0.175533 0.0229446 0)
(-0.188463 0.01929 0)
(-0.199354 0.0160014 0)
(-0.208431 0.0130236 0)
(-0.215872 0.0103117 0)
(-0.221823 0.00783405 0)
(-0.226415 0.00557405 0)
(-0.229769 0.00352872 0)
(-0.232011 0.00170704 0)
(-0.233274 0.000126788 0)
(-0.23371 -0.00118899 0)
(-0.233473 -0.00222217 0)
(-0.232733 -0.0029603 0)
(-0.231668 -0.00340343 0)
(-0.230451 -0.00356286 0)
(-0.229248 -0.0034588 0)
(-0.22821 -0.00311728 0)
(-0.227473 -0.00256725 0)
(-0.227154 -0.00183901 0)
(-0.227348 -0.000962148 0)
(-0.228134 3.39237e-05 0)
(-0.229566 0.00112109 0)
(-0.231684 0.00227606 0)
(-0.23451 0.00347402 0)
(-0.238044 0.00468669 0)
(-0.242265 0.00588211 0)
(-0.247127 0.00702196 0)
(-0.252557 0.00806083 0)
(-0.258453 0.00894299 0)
(-0.26468 0.00960433 0)
(-0.271061 0.00997869 0)
(-0.277401 0.0100102 0)
(-0.2835 0.00965578 0)
(-0.289144 0.00888613 0)
(-0.294116 0.00770867 0)
(-0.298294 0.00620359 0)
(-0.301643 0.00452764 0)
(-0.303966 0.00294471 0)
(-0.305452 0.00192704 0)
(-0.308104 0.00205257 0)
(-0.00936293 0.0508006 0)
(-0.0471531 0.0779385 0)
(-0.080991 0.0774941 0)
(-0.109536 0.0694069 0)
(-0.133367 0.0602302 0)
(-0.153615 0.0516999 0)
(-0.171042 0.0441706 0)
(-0.186219 0.0375845 0)
(-0.199546 0.0317823 0)
(-0.211286 0.0266104 0)
(-0.221609 0.0219453 0)
(-0.230625 0.0176967 0)
(-0.238409 0.0138053 0)
(-0.245017 0.0102423 0)
(-0.250504 0.00700319 0)
(-0.254932 0.00410667 0)
(-0.258377 0.0015858 0)
(-0.260943 -0.000518437 0)
(-0.262763 -0.00217438 0)
(-0.263977 -0.00336 0)
(-0.264746 -0.00406959 0)
(-0.265242 -0.00431645 0)
(-0.265636 -0.00413054 0)
(-0.266091 -0.00355291 0)
(-0.266757 -0.00262992 0)
(-0.267762 -0.0014121 0)
(-0.269213 4.70832e-05 0)
(-0.271193 0.00169325 0)
(-0.27376 0.00348052 0)
(-0.276954 0.00536433 0)
(-0.28079 0.00729563 0)
(-0.285258 0.00922295 0)
(-0.290326 0.0110873 0)
(-0.295936 0.0128221 0)
(-0.302003 0.0143501 0)
(-0.308421 0.0155853 0)
(-0.31505 0.016434 0)
(-0.321722 0.0168064 0)
(-0.328253 0.0166265 0)
(-0.334469 0.0158471 0)
(-0.340189 0.0144599 0)
(-0.345226 0.012514 0)
(-0.349475 0.0101363 0)
(-0.352878 0.00755355 0)
(-0.355166 0.00510759 0)
(-0.356312 0.00331745 0)
(-0.358563 0.00308545 0)
(-0.0119457 0.0843031 0)
(-0.0501621 0.114012 0)
(-0.0742804 0.105739 0)
(-0.0916229 0.0922124 0)
(-0.1064 0.0794647 0)
(-0.119951 0.0683545 0)
(-0.132775 0.0589422 0)
(-0.145224 0.0509335 0)
(-0.157465 0.0439681 0)
(-0.169514 0.0377654 0)
(-0.181305 0.0321289 0)
(-0.192731 0.0269245 0)
(-0.203668 0.0220725 0)
(-0.213986 0.0175385 0)
(-0.223568 0.0133269 0)
(-0.232311 0.00947158 0)
(-0.240145 0.00603519 0)
(-0.247042 0.00309076 0)
(-0.253029 0.000703508 0)
(-0.258179 -0.00108296 0)
(-0.262599 -0.0022435 0)
(-0.26642 -0.00277897 0)
(-0.269788 -0.00271476 0)
(-0.272863 -0.00209653 0)
(-0.275805 -0.000984984 0)
(-0.278763 0.000543682 0)
(-0.281855 0.00241309 0)
(-0.285181 0.00454485 0)
(-0.288815 0.00686928 0)
(-0.292803 0.0093139 0)
(-0.297165 0.0118059 0)
(-0.301896 0.0142693 0)
(-0.306973 0.0166217 0)
(-0.312348 0.0187718 0)
(-0.31796 0.0206187 0)
(-0.32373 0.0220548 0)
(-0.32956 0.0229692 0)
(-0.335334 0.0232555 0)
(-0.340927 0.0228234 0)
(-0.346224 0.0216192 0)
(-0.351097 0.0196464 0)
(-0.355406 0.0169806 0)
(-0.359057 0.0137807 0)
(-0.361962 0.0103127 0)
(-0.363783 0.00694644 0)
(-0.364395 0.00424411 0)
(-0.366087 0.0035461 0)
(-0.00676629 0.113936 0)
(-0.0262668 0.134493 0)
(-0.0182095 0.115209 0)
(-0.00920424 0.100082 0)
(-0.0065182 0.0879428 0)
(-0.00880941 0.0775317 0)
(-0.0147718 0.0689992 0)
(-0.0238498 0.06195 0)
(-0.035555 0.0558137 0)
(-0.0493559 0.0502184 0)
(-0.0647421 0.0449484 0)
(-0.0812373 0.0398642 0)
(-0.0983927 0.0348864 0)
(-0.115786 0.0299907 0)
(-0.133028 0.0251972 0)
(-0.149763 0.0205609 0)
(-0.165673 0.0161933 0)
(-0.180505 0.0122443 0)
(-0.194098 0.00884468 0)
(-0.206365 0.00608984 0)
(-0.217294 0.00405144 0)
(-0.226944 0.00276306 0)
(-0.235424 0.0022182 0)
(-0.24288 0.00238166 0)
(-0.249484 0.00319661 0)
(-0.255417 0.00457447 0)
(-0.260845 0.00641648 0)
(-0.265907 0.00861968 0)
(-0.270715 0.0110837 0)
(-0.275349 0.0137086 0)
(-0.279864 0.016399 0)
(-0.284289 0.0190556 0)
(-0.288636 0.0215787 0)
(-0.292901 0.0238584 0)
(-0.297073 0.0257817 0)
(-0.301133 0.0272285 0)
(-0.30506 0.0280824 0)
(-0.308822 0.0282287 0)
(-0.312383 0.0275697 0)
(-0.315716 0.0260388 0)
(-0.318775 0.023636 0)
(-0.321485 0.0204344 0)
(-0.323794 0.0166028 0)
(-0.325617 0.0124238 0)
(-0.326609 0.00828825 0)
(-0.326559 0.00477184 0)
(-0.327588 0.00366578 0)
(0.107277 0.0920784 0)
(0.145241 0.111253 0)
(0.194355 0.099788 0)
(0.232666 0.0918884 0)
(0.250954 0.0871456 0)
(0.255182 0.0827928 0)
(0.250208 0.0788174 0)
(0.238084 0.0754329 0)
(0.220117 0.0723328 0)
(0.197536 0.0691502 0)
(0.171436 0.0656762 0)
(0.14277 0.0618079 0)
(0.112397 0.0574981 0)
(0.0811126 0.0527573 0)
(0.049633 0.0476526 0)
(0.0186147 0.0423058 0)
(-0.0114791 0.0369029 0)
(-0.0401879 0.0316254 0)
(-0.0670268 0.0266498 0)
(-0.0916727 0.0221652 0)
(-0.113924 0.0183432 0)
(-0.133708 0.0153074 0)
(-0.151053 0.0131321 0)
(-0.166073 0.0118542 0)
(-0.178969 0.0114472 0)
(-0.189991 0.0118141 0)
(-0.199384 0.0128274 0)
(-0.207372 0.0143558 0)
(-0.214153 0.016267 0)
(-0.219891 0.018434 0)
(-0.224722 0.0207325 0)
(-0.228753 0.0230452 0)
(-0.23207 0.0252534 0)
(-0.234744 0.0272401 0)
(-0.23684 0.0288839 0)
(-0.238422 0.0300658 0)
(-0.239558 0.0306685 0)
(-0.240317 0.0305839 0)
(-0.240775 0.0297109 0)
(-0.241009 0.0279764 0)
(-0.241089 0.0253589 0)
(-0.241055 0.0219112 0)
(-0.24095 0.0177724 0)
(-0.240788 0.0132309 0)
(-0.240297 0.00871651 0)
(-0.239202 0.00478852 0)
(-0.238924 0.00327492 0)
(0.877293 -0.0362541 0)
(0.867582 -0.00723891 0)
(0.866883 0.019792 0)
(0.865252 0.0412635 0)
(0.852416 0.0584449 0)
(0.828243 0.0717277 0)
(0.795323 0.0816746 0)
(0.755235 0.0890508 0)
(0.709074 0.0943219 0)
(0.658044 0.0976518 0)
(0.603377 0.0991185 0)
(0.546212 0.0988123 0)
(0.487596 0.0968423 0)
(0.428517 0.0933413 0)
(0.369899 0.0884809 0)
(0.312603 0.0824883 0)
(0.257421 0.0756393 0)
(0.205101 0.0682337 0)
(0.156252 0.0606047 0)
(0.111326 0.0531126 0)
(0.0706251 0.0461054 0)
(0.0342968 0.0398771 0)
(0.00230001 0.034603 0)
(-0.025555 0.0303349 0)
(-0.0494115 0.0271168 0)
(-0.0694822 0.0249406 0)
(-0.0861231 0.0236986 0)
(-0.0996929 0.0232513 0)
(-0.110541 0.0234406 0)
(-0.11899 0.0241052 0)
(-0.125324 0.0250861 0)
(-0.12979 0.0262354 0)
(-0.132604 0.0274117 0)
(-0.133953 0.0284828 0)
(-0.134013 0.02932 0)
(-0.132949 0.0298042 0)
(-0.130929 0.0298232 0)
(-0.128126 0.0292789 0)
(-0.12472 0.0280793 0)
(-0.120901 0.026152 0)
(-0.116856 0.0234622 0)
(-0.112766 0.0200392 0)
(-0.108818 0.0159831 0)
(-0.105195 0.0115582 0)
(-0.101889 0.00724214 0)
(-0.0986178 0.00360486 0)
(-0.0955594 0.00139656 0)
(2.37795 0.104182 0)
(2.28456 0.109572 0)
(2.18938 0.120066 0)
(2.09387 0.13171 0)
(1.99471 0.143601 0)
(1.89098 0.154907 0)
(1.78358 0.164721 0)
(1.6734 0.172573 0)
(1.56107 0.178289 0)
(1.44733 0.181748 0)
(1.33312 0.182867 0)
(1.21941 0.18164 0)
(1.10719 0.17814 0)
(0.997448 0.1725 0)
(0.891121 0.164907 0)
(0.789107 0.155606 0)
(0.692226 0.144895 0)
(0.601205 0.133118 0)
(0.516647 0.120666 0)
(0.439013 0.10797 0)
(0.368624 0.0954797 0)
(0.305653 0.0836218 0)
(0.250123 0.0727505 0)
(0.201891 0.0631109 0)
(0.160615 0.0548475 0)
(0.125826 0.0480105 0)
(0.0969918 0.04255 0)
(0.0735482 0.0383283 0)
(0.054938 0.0351609 0)
(0.0406376 0.0328427 0)
(0.0301677 0.0311721 0)
(0.0230997 0.0299584 0)
(0.0190493 0.0290336 0)
(0.0176689 0.0282437 0)
(0.0186361 0.0274551 0)
(0.0216444 0.0265454 0)
(0.0263928 0.0254109 0)
(0.0325788 0.0239593 0)
(0.0398946 0.0221128 0)
(0.0480341 0.0198009 0)
(0.0566948 0.0169877 0)
(0.065577 0.0136843 0)
(0.0743896 0.00996683 0)
(0.0828069 0.00603421 0)
(0.0907551 0.00221097 0)
(0.0977046 -0.000714344 0)
(0.107695 -0.00430088 0)
(2.98342 0.119721 0)
(2.94785 0.15017 0)
(2.90102 0.181577 0)
(2.84555 0.211056 0)
(2.77993 0.237911 0)
(2.70292 0.261614 0)
(2.61466 0.281622 0)
(2.51566 0.297681 1.67624e-35)
(2.40636 0.309716 0)
(2.28743 0.317663 0)
(2.15996 0.32147 0)
(2.02534 0.321147 0)
(1.88528 0.31679 1.40188e-35)
(1.74171 0.308587 0)
(1.59674 0.296821 0)
(1.45258 0.28188 0)
(1.31144 0.264254 0)
(1.17544 0.244528 0)
(1.04644 0.223361 0)
(0.926015 0.201456 0)
(0.815354 0.17951 0)
(0.715243 0.158172 0)
(0.626082 0.137989 1.64725e-35)
(0.547902 0.119387 0)
(0.48042 0.102652 0)
(0.423109 0.0879356 0)
(0.375282 0.0752523 0)
(0.336148 0.0645001 0)
(0.304871 0.0554937 0)
(0.280615 0.047998 0)
(0.262576 0.0417594 0)
(0.250008 0.0365317 0)
(0.242226 0.0320895 0)
(0.238612 0.0282335 0)
(0.238606 0.0247907 0)
(0.241698 0.0216146 0)
(0.247418 0.0185826 0)
(0.255322 0.0155965 -1.27324e-35)
(0.264988 0.0125695 0)
(0.27602 0.00942258 0)
(0.288047 0.00610604 0)
(0.300711 0.0026238 -7.18622e-36)
(0.313675 -0.000971262 0)
(0.326531 -0.00451009 0)
(0.339366 -0.00785753 0)
(0.350391 -0.0101919 0)
(0.366816 -0.014194 0)
(3.05918 0.15799 0)
(3.05359 0.19354 0)
(3.04271 0.226759 0)
(3.03014 0.259356 0)
(3.01368 0.291636 0)
(2.9906 0.322934 0)
(2.95934 0.352577 0)
(2.91847 0.37995 -1.4606e-35)
(2.86635 0.404354 0)
(2.80153 0.425036 0)
(2.72304 0.441269 0)
(2.63048 0.452419 0)
(2.52404 0.457974 -1.08707e-35)
(2.40452 0.457577 0)
(2.27343 0.451068 0)
(2.13289 0.438519 0)
(1.98562 0.420268 0)
(1.83472 0.396933 0)
(1.6835 0.369393 0)
(1.53527 0.338734 0)
(1.39307 0.306167 0)
(1.25952 0.272917 0)
(1.13664 0.240117 -1.09443e-35)
(1.02581 0.208732 0)
(0.92777 0.179497 0)
(0.842684 0.152896 0)
(0.770243 0.129168 0)
(0.709792 0.108338 0)
(0.66044 0.0902707 0)
(0.621167 0.0747206 0)
(0.590911 0.0613855 0)
(0.568622 0.0499479 0)
(0.553306 0.0401011 0)
(0.544042 0.0315655 0)
(0.539992 0.0240952 0)
(0.540395 0.0174815 0)
(0.544568 0.0115519 0)
(0.551883 0.00617348 9.05361e-36)
(0.561778 0.00122254 0)
(0.573761 -0.00342214 0)
(0.587358 -0.00783644 0)
(0.602133 -0.0120362 5.0889e-36)
(0.617714 -0.0159955 0)
(0.633579 -0.0195856 0)
(0.650076 -0.0227905 0)
(0.664158 -0.0247825 0)
(0.686574 -0.0282495 0)
(2.72735 0.115275 0)
(2.72314 0.162727 0)
(2.72739 0.202975 0)
(2.74293 0.241772 0)
(2.76422 0.280184 0)
(2.78726 0.318028 0)
(2.81006 0.355368 0)
(2.83041 0.392097 0)
(2.84541 0.427719 0)
(2.85215 0.461482 0)
(2.84793 0.49247 0)
(2.83034 0.51964 0)
(2.79735 0.541873 0)
(2.74748 0.558048 0)
(2.68001 0.567144 0)
(2.5951 0.568351 0)
(2.49391 0.561186 0)
(2.37854 0.545595 0)
(2.25194 0.522017 0)
(2.11771 0.491378 0)
(1.97982 0.455027 0)
(1.84224 0.414601 0)
(1.70869 0.371861 0)
(1.58237 0.328519 0)
(1.46578 0.286087 0)
(1.36065 0.245774 0)
(1.26797 0.208428 0)
(1.18805 0.174546 0)
(1.12067 0.144316 0)
(1.06522 0.117683 0)
(1.02081 0.0944313 0)
(0.986394 0.0742445 0)
(0.960897 0.0567662 0)
(0.943228 0.0416358 0)
(0.932354 0.0285138 0)
(0.927309 0.0170956 0)
(0.927216 0.00711809 0)
(0.931272 -0.00163302 0)
(0.938823 -0.00934829 0)
(0.949178 -0.0162042 0)
(0.961745 -0.0223241 0)
(0.975985 -0.0277756 0)
(0.991471 -0.0325795 0)
(1.00758 -0.0366839 0)
(1.02481 -0.0400899 0)
(1.0394 -0.0422919 0)
(1.06387 -0.0449951 0)
(1.35312 0.15259 0)
(1.45451 0.175926 0)
(1.57028 0.194052 0)
(1.69708 0.215596 0)
(1.82168 0.241097 0)
(1.94104 0.27066 0)
(2.05621 0.30411 0)
(2.167 0.340762 0)
(2.27198 0.379767 0)
(2.36936 0.420246 0)
(2.45715 0.461205 0)
(2.53305 0.501431 0)
(2.5946 0.539479 0)
(2.63932 0.573701 0)
(2.66507 0.602332 0)
(2.67022 0.623611 0)
(2.65399 0.635966 0)
(2.61661 0.638218 0)
(2.55938 0.629764 0)
(2.48468 0.610684 0)
(2.39576 0.581774 0)
(2.29653 0.544465 0)
(2.19119 0.500665 0)
(2.08386 0.452536 0)
(1.97834 0.402259 0)
(1.87783 0.351828 0)
(1.78481 0.302901 0)
(1.70098 0.256723 0)
(1.62735 0.214114 0)
(1.56428 0.175508 0)
(1.51165 0.141032 0)
(1.46896 0.110583 0)
(1.43547 0.0839098 0)
(1.41031 0.0606782 0)
(1.39253 0.0405204 0)
(1.3812 0.0230684 0)
(1.37541 0.00797335 0)
(1.37431 -0.00507841 0)
(1.37717 -0.0163509 0)
(1.38322 -0.0260752 0)
(1.39182 -0.0344345 0)
(1.40237 -0.0415693 0)
(1.41438 -0.047565 0)
(1.42721 -0.0524858 0)
(1.44123 -0.0562923 0)
(1.45311 -0.0590206 0)
(1.47351 -0.0609477 0)
(0.192544 -0.0706777 0)
(0.317732 -0.0699913 0)
(0.468955 -0.025197 0)
(0.630418 0.0184787 0)
(0.785188 0.0582635 0)
(0.93696 0.0987029 0)
(1.08979 0.141335 0)
(1.24426 0.186134 0)
(1.39943 0.233076 0)
(1.55394 0.282166 0)
(1.70597 0.333152 0)
(1.85315 0.385401 0)
(1.99262 0.437866 0)
(2.1212 0.489073 0)
(2.23562 0.537138 0)
(2.33279 0.579864 0)
(2.41014 0.614935 0)
(2.46584 0.640192 0)
(2.49911 0.653917 0)
(2.51026 0.655071 0)
(2.50074 0.643449 0)
(2.47302 0.619734 0)
(2.43034 0.585405 0)
(2.37641 0.542544 0)
(2.31509 0.493574 0)
(2.25005 0.440982 0)
(2.18457 0.387089 0)
(2.12137 0.333872 0)
(2.06249 0.28287 0)
(2.00937 0.235165 0)
(1.96283 0.191419 0)
(1.92324 0.151943 0)
(1.89054 0.116775 0)
(1.86442 0.0857694 0)
(1.84437 0.0586601 0)
(1.82978 0.0351162 0)
(1.81997 0.014781 0)
(1.81423 -0.00270808 0)
(1.81194 -0.0176777 0)
(1.81246 -0.0304 0)
(1.81521 -0.0411122 0)
(1.81966 -0.0500219 0)
(1.82534 -0.0572824 0)
(1.83178 -0.0630717 0)
(1.83899 -0.067322 0)
(1.84517 -0.0705571 0)
(1.85571 -0.0718571 0)
(-0.0101545 -0.167201 0)
(-0.0112673 -0.178159 0)
(0.0436182 -0.133411 0)
(0.116158 -0.0997388 0)
(0.195819 -0.0702603 0)
(0.284247 -0.0390392 0)
(0.384953 -0.00527344 0)
(0.498689 0.0312241 0)
(0.625445 0.071234 0)
(0.764285 0.115432 0)
(0.913461 0.164086 0)
(1.07063 0.217038 0)
(1.23279 0.273651 0)
(1.39638 0.332727 0)
(1.55741 0.39245 0)
(1.71168 0.450428 0)
(1.85515 0.503861 0)
(1.98421 0.549841 0)
(2.09596 0.585686 0)
(2.18844 0.609246 0)
(2.26075 0.619181 0)
(2.31314 0.61513 0)
(2.34685 0.597735 0)
(2.36397 0.568515 0)
(2.36715 0.529639 0)
(2.35932 0.483639 0)
(2.34347 0.433121 0)
(2.32235 0.380523 0)
(2.2984 0.327939 0)
(2.27359 0.277029 0)
(2.24943 0.228998 0)
(2.22699 0.184631 0)
(2.20694 0.144354 0)
(2.18963 0.108318 0)
(2.17515 0.0764687 0)
(2.1634 0.0486152 0)
(2.15415 0.0244846 0)
(2.1471 0.0037601 0)
(2.14185 -0.0138956 0)
(2.13804 -0.0287834 0)
(2.13535 -0.0411756 0)
(2.13345 -0.0513263 0)
(2.13206 -0.0594405 0)
(2.13097 -0.0657702 0)
(2.12985 -0.0702732 0)
(2.12902 -0.0736881 0)
(2.12703 -0.0746252 0)
(-0.0161288 -0.124492 0)
(-0.062481 -0.161916 0)
(-0.0794321 -0.147755 0)
(-0.0772821 -0.129216 0)
(-0.0621966 -0.111676 0)
(-0.0351748 -0.0941462 0)
(0.0046254 -0.0759539 0)
(0.057959 -0.0560554 0)
(0.125243 -0.0331465 0)
(0.20787 -0.00577245 0)
(0.306815 0.0272036 0)
(0.422129 0.0665647 0)
(0.552568 0.112648 0)
(0.695853 0.165063 0)
(0.848858 0.2225 0)
(1.00785 0.282752 0)
(1.16872 0.342922 0)
(1.32731 0.399746 0)
(1.47958 0.449881 0)
(1.62192 0.490283 0)
(1.75141 0.518591 0)
(1.86605 0.533399 0)
(1.96476 0.534361 0)
(2.04736 0.522152 0)
(2.11451 0.498304 0)
(2.16746 0.464958 0)
(2.20788 0.424573 0)
(2.23765 0.379647 0)
(2.25867 0.3325 0)
(2.27275 0.285111 0)
(2.28149 0.239053 0)
(2.28623 0.195477 0)
(2.28808 0.155153 0)
(2.28787 0.118524 0)
(2.28622 0.0857787 0)
(2.28356 0.0569107 0)
(2.28015 0.0317865 0)
(2.27618 0.0101921 0)
(2.27166 -0.00814053 0)
(2.26662 -0.0235078 0)
(2.26103 -0.0361908 0)
(2.25492 -0.0464655 0)
(2.24822 -0.0545638 0)
(2.2411 -0.0607587 0)
(2.233 -0.0650828 0)
(2.22618 -0.0681913 0)
(2.21321 -0.0689833 0)
(-0.0137685 -0.0779416 0)
(-0.06664 -0.117128 0)
(-0.110839 -0.119218 0)
(-0.144602 -0.113453 0)
(-0.168653 -0.107138 0)
(-0.183597 -0.101013 0)
(-0.189042 -0.0946717 0)
(-0.18416 -0.0874147 0)
(-0.167834 -0.0783804 0)
(-0.138636 -0.0664845 0)
(-0.0949867 -0.050394 0)
(-0.0353275 -0.028674 0)
(0.0417281 5.31758e-05 0)
(0.136377 0.0366388 0)
(0.246769 0.080712 0)
(0.37131 0.13064 0)
(0.507589 0.184091 0)
(0.652662 0.23842 0)
(0.80298 0.290444 0)
(0.954781 0.336724 0)
(1.1044 0.374277 0)
(1.24847 0.400938 0)
(1.38414 0.415518 0)
(1.50921 0.417849 0)
(1.62221 0.408694 0)
(1.7224 0.389537 0)
(1.80969 0.362335 0)
(1.88446 0.32927 0)
(1.94747 0.292503 0)
(1.99973 0.253992 0)
(2.04234 0.215383 0)
(2.07645 0.177969 0)
(2.10317 0.142691 0)
(2.12352 0.110178 0)
(2.1384 0.0807912 0)
(2.14859 0.0546886 0)
(2.15477 0.0318705 0)
(2.15749 0.0122391 0)
(2.15722 -0.00438091 0)
(2.15434 -0.0182244 0)
(2.14918 -0.0295482 0)
(2.14206 -0.0386058 0)
(2.13315 -0.0456302 0)
(2.12293 -0.0508599 0)
(2.11073 -0.0544209 0)
(2.10023 -0.0567207 0)
(2.08 -0.0573218 0)
(-0.0103988 -0.0401995 0)
(-0.0556683 -0.0668351 0)
(-0.102984 -0.073129 0)
(-0.147599 -0.0738342 0)
(-0.188163 -0.0740071 0)
(-0.224835 -0.074611 0)
(-0.257385 -0.075601 0)
(-0.285197 -0.0766853 0)
(-0.307264 -0.0773858 0)
(-0.322146 -0.0768923 0)
(-0.327948 -0.0740081 0)
(-0.322394 -0.0672693 0)
(-0.302968 -0.05511 0)
(-0.267109 -0.0360454 0)
(-0.212654 -0.00930353 0)
(-0.139339 0.0246285 0)
(-0.0487276 0.0639369 0)
(0.0577282 0.10618 0)
(0.177029 0.148842 0)
(0.306969 0.189305 0)
(0.444602 0.224867 0)
(0.586462 0.253313 0)
(0.728918 0.272991 0)
(0.868553 0.283152 0)
(1.00238 0.283938 0)
(1.12796 0.276147 0)
(1.24349 0.261098 0)
(1.34785 0.240423 0)
(1.44046 0.21582 0)
(1.52122 0.188892 0)
(1.59041 0.16105 0)
(1.64863 0.133455 0)
(1.69663 0.107002 0)
(1.73528 0.0823311 0)
(1.7655 0.0598559 0)
(1.78816 0.0398085 0)
(1.80412 0.0222779 0)
(1.81415 0.00725117 0)
(1.81904 -0.00539088 0)
(1.81945 -0.0157996 0)
(1.81593 -0.024156 0)
(1.80898 -0.0306473 0)
(1.79903 -0.0354732 0)
(1.7868 -0.0388059 0)
(1.77171 -0.0408756 0)
(1.7583 -0.0417511 0)
(1.73281 -0.0419048 0)
(-0.00591913 -0.013784 0)
(-0.0353118 -0.0257953 0)
(-0.070458 -0.030051 0)
(-0.107076 -0.0316381 0)
(-0.143618 -0.0330278 0)
(-0.180309 -0.0348419 0)
(-0.217402 -0.0372282 0)
(-0.254992 -0.0402542 0)
(-0.292959 -0.0439182 0)
(-0.330818 -0.0480186 0)
(-0.367526 -0.05202 0)
(-0.401319 -0.054957 0)
(-0.429601 -0.0554214 0)
(-0.448948 -0.0517533 0)
(-0.45536 -0.0425224 0)
(-0.444756 -0.0270968 0)
(-0.413779 -0.00612586 0)
(-0.362516 0.0187598 0)
(-0.292688 0.0456559 0)
(-0.204776 0.0725339 0)
(-0.101317 0.0974131 0)
(0.0141159 0.118554 0)
(0.137727 0.134651 0)
(0.266282 0.145087 0)
(0.396037 0.14961 0)
(0.52327 0.148215 0)
(0.644905 0.141645 0)
(0.758463 0.131081 0)
(0.862061 0.11764 0)
(0.954472 0.102356 0)
(1.03508 0.0861743 0)
(1.10377 0.0698961 0)
(1.16081 0.0541681 0)
(1.20675 0.0394712 0)
(1.24235 0.0261407 0)
(1.26848 0.0143774 0)
(1.28609 0.00426685 0)
(1.29623 -0.00418177 0)
(1.29976 -0.0109661 0)
(1.29753 -0.0161704 0)
(1.29044 -0.0199382 0)
(1.27935 -0.0224449 0)
(1.26504 -0.0238894 0)
(1.24851 -0.0244033 0)
(1.22951 -0.0243298 0)
(1.21263 -0.0232485 0)
(1.18398 -0.0231154 0)
(-0.00142745 -0.00126946 0)
(-0.0113722 -0.00270095 0)
(-0.0251755 -0.00329444 0)
(-0.0406087 -0.0035164 0)
(-0.0567401 -0.00378444 0)
(-0.0737763 -0.00415294 0)
(-0.0920629 -0.00465513 0)
(-0.111974 -0.00534449 0)
(-0.133947 -0.00630053 0)
(-0.158449 -0.00762198 0)
(-0.185871 -0.00940353 0)
(-0.216338 -0.0116729 0)
(-0.24944 -0.0142714 0)
(-0.283901 -0.0167424 0)
(-0.317342 -0.0183328 0)
(-0.346343 -0.0181864 0)
(-0.366873 -0.0157559 0)
(-0.374806 -0.0111777 0)
(-0.366156 -0.00520319 0)
(-0.340349 0.00137302 0)
(-0.297438 0.00784391 0)
(-0.239107 0.0137391 0)
(-0.168126 0.0188614 0)
(-0.0880886 0.022827 0)
(-0.00305564 0.0250454 0)
(0.0834924 0.0251224 0)
(0.168584 0.0235176 0)
(0.249036 0.0208601 0)
(0.322157 0.0175124 0)
(0.386264 0.0137671 0)
(0.440458 0.00990609 0)
(0.48445 0.0061756 0)
(0.51845 0.00276892 0)
(0.543058 -0.000180352 0)
(0.55915 -0.00259559 0)
(0.567771 -0.0044563 0)
(0.570054 -0.00578846 0)
(0.567004 -0.00660908 0)
(0.559875 -0.00695011 0)
(0.54975 -0.00688977 0)
(0.537559 -0.00653423 0)
(0.524106 -0.00598373 0)
(0.510011 -0.00533477 0)
(0.495905 -0.00459869 0)
(0.481759 -0.00401423 0)
(0.469742 -0.00284762 0)
(0.452432 -0.00404315 0)
)
;

boundaryField
{
    inlet
    {
        type            fixedProfile;
        profile         csvFile;
        profileCoeffs
        {
            nHeaderLine     0;
            refColumn       0;
            componentColumns 3(1 2 3);
            separator       ",";
            mergeSeparators 0;
            file            "0/Uprofile.csv";
        }
        direction       (0 1 0);
        origin          -1;
        value           nonuniform List<vector> 
20
(
(0.0975 0 0)
(0.2775 0 0)
(0.4375 0 0)
(0.5775 0 0)
(0.6975 0 0)
(0.7975 0 0)
(0.8775 0 0)
(0.9375 0 0)
(0.9775 0 0)
(0.9975 0 0)
(0.9975 0 0)
(0.9775 0 0)
(0.9375 0 0)
(0.8775 0 0)
(0.7975 0 0)
(0.6975 0 0)
(0.5775 0 0)
(0.4375 0 0)
(0.2775 0 0)
(0.0975 0 0)
)
;
    }
    outlet
    {
        type            zeroGradient;
    }
    upperWall
    {
        type            noSlip;
    }
    lowerWall
    {
        type            noSlip;
    }
    frontAndBack
    {
        type            empty;
    }
}


// ************************************************************************* //
