/*--------------------------------*- C++ -*----------------------------------*\
| =========                 |                                                 |
| \\      /  F ield         | OpenFOAM: The Open Source CFD Toolbox           |
|  \\    /   O peration     | Version:  2406                                  |
|   \\  /    A nd           | Website:  www.openfoam.com                      |
|    \\/     M anipulation  |                                                 |
\*---------------------------------------------------------------------------*/
FoamFile
{
    version     2.0;
    format      ascii;
    arch        "LSB;label=32;scalar=64";
    class       volVectorField;
    location    "99";
    object      U;
}
// * * * * * * * * * * * * * * * * * * * * * * * * * * * * * * * * * * * * * //

dimensions      [0 1 -1 0 0 0 0];

internalField   nonuniform List<vector> 
1964
(
(0.100651 -0.00194152 0)
(0.102874 -0.00294837 0)
(0.105523 -0.00249927 0)
(0.10872 -0.00185899 0)
(0.111492 -0.00136684 0)
(0.113662 -0.00100702 0)
(0.115421 -0.000744774 0)
(0.116898 -0.000559912 0)
(0.118143 -0.000431916 0)
(0.119195 -0.000342334 0)
(0.120094 -0.000278516 0)
(0.120873 -0.00023246 0)
(0.121556 -0.000198931 0)
(0.122163 -0.000174326 0)
(0.122708 -0.000156299 0)
(0.123205 -0.000143307 0)
(0.123663 -0.000134467 0)
(0.124092 -0.000129276 0)
(0.124502 -0.000127639 0)
(0.124901 -0.000129716 0)
(0.125299 -0.00013603 0)
(0.125707 -0.000147363 0)
(0.126136 -0.000164923 0)
(0.126604 -0.000190328 0)
(0.127129 -0.000225869 0)
(0.127737 -0.000274595 0)
(0.128459 -0.000340687 0)
(0.129338 -0.000429677 0)
(0.13043 -0.000549027 0)
(0.131808 -0.000708629 0)
(0.133569 -0.000921762 0)
(0.135841 -0.00120607 0)
(0.138794 -0.00158508 0)
(0.142654 -0.00208983 0)
(0.147718 -0.00276092 0)
(0.15438 -0.0036504 0)
(0.163149 -0.00482329 0)
(0.174682 -0.00635737 0)
(0.189806 -0.00833992 0)
(0.209535 -0.0108585 0)
(0.235058 -0.0139838 0)
(0.26768 -0.0177357 0)
(0.308725 -0.0220479 0)
(0.359244 -0.0266563 0)
(0.419759 -0.031112 0)
(0.489648 -0.0345272 0)
(0.566644 -0.0359542 0)
(0.27689 -0.00180621 0)
(0.275672 -0.00358042 0)
(0.274988 -0.00388645 0)
(0.275069 -0.00367183 0)
(0.275644 -0.00332695 0)
(0.276437 -0.0029355 0)
(0.277326 -0.00254441 0)
(0.278257 -0.00219236 0)
(0.27919 -0.0018928 0)
(0.280095 -0.00164262 0)
(0.280957 -0.00143489 0)
(0.281772 -0.00126323 0)
(0.282539 -0.00112202 0)
(0.283259 -0.00100636 0)
(0.283937 -0.000912286 0)
(0.284577 -0.000836819 0)
(0.285187 -0.000777925 0)
(0.285771 -0.000734452 0)
(0.286338 -0.000706073 0)
(0.286897 -0.000693326 0)
(0.287457 -0.000697686 0)
(0.288031 -0.000721741 0)
(0.288632 -0.000769406 0)
(0.289281 -0.00084626 0)
(0.29 -0.000959989 0)
(0.29082 -0.00112104 0)
(0.291781 -0.00134344 0)
(0.292932 -0.00164597 0)
(0.294341 -0.00205361 0)
(0.296096 -0.00259957 0)
(0.29831 -0.00332776 0)
(0.301133 -0.00429616 0)
(0.30476 -0.00558086 0)
(0.309446 -0.00728102 0)
(0.31552 -0.00952437 0)
(0.323406 -0.0124728 0)
(0.333645 -0.0163261 0)
(0.34692 -0.0213223 0)
(0.364074 -0.0277284 0)
(0.386134 -0.0358176 0)
(0.414309 -0.0458216 0)
(0.44995 -0.0578502 0)
(0.494539 -0.071791 0)
(0.549346 -0.0870295 0)
(0.615507 -0.102559 0)
(0.692872 -0.115868 0)
(0.779533 -0.124219 0)
(0.43707 -0.00100897 0)
(0.436399 -0.00225923 0)
(0.435604 -0.00273801 0)
(0.434872 -0.00285693 0)
(0.434376 -0.00284573 0)
(0.434102 -0.00275292 0)
(0.433983 -0.00260106 0)
(0.43398 -0.00242346 0)
(0.434068 -0.00224458 0)
(0.434223 -0.00207483 0)
(0.434425 -0.00191774 0)
(0.434661 -0.0017751 0)
(0.434921 -0.00164793 0)
(0.435198 -0.00153658 0)
(0.435487 -0.00144106 0)
(0.435787 -0.00136141 0)
(0.436096 -0.00129803 0)
(0.436414 -0.00125188 0)
(0.436744 -0.00122462 0)
(0.43709 -0.00121882 0)
(0.437456 -0.00123825 0)
(0.437851 -0.00128824 0)
(0.438285 -0.00137617 0)
(0.438771 -0.00151206 0)
(0.439328 -0.00170934 0)
(0.43998 -0.00198597 0)
(0.44076 -0.00236584 0)
(0.441709 -0.00288063 0)
(0.442882 -0.00357226 0)
(0.444352 -0.00449608 0)
(0.446214 -0.0057249 0)
(0.448591 -0.0073542 0)
(0.451645 -0.00950855 0)
(0.455586 -0.0123494 0)
(0.460687 -0.0160837 0)
(0.467303 -0.0209736 0)
(0.475889 -0.0273436 0)
(0.487033 -0.0355844 0)
(0.501488 -0.0461435 0)
(0.520211 -0.0595014 0)
(0.544401 -0.0760957 0)
(0.575519 -0.0962283 0)
(0.615395 -0.119822 0)
(0.665719 -0.14612 0)
(0.72929 -0.173759 0)
(0.806195 -0.198225 0)
(0.897173 -0.216151 0)
(0.577197 -0.000590295 0)
(0.576873 -0.00151528 0)
(0.576376 -0.00205083 0)
(0.575737 -0.00230499 0)
(0.575167 -0.00240764 0)
(0.574726 -0.0024147 0)
(0.574381 -0.00235221 0)
(0.574103 -0.00224825 0)
(0.573881 -0.00212751 0)
(0.573709 -0.00200441 0)
(0.573579 -0.00188587 0)
(0.573482 -0.0017757 0)
(0.573412 -0.00167648 0)
(0.573367 -0.00158988 0)
(0.573342 -0.00151702 0)
(0.573337 -0.00145887 0)
(0.573351 -0.00141675 0)
(0.573383 -0.00139257 0)
(0.573435 -0.0013891 0)
(0.573508 -0.00141024 0)
(0.573606 -0.00146137 0)
(0.573733 -0.00154989 0)
(0.573896 -0.00168583 0)
(0.574103 -0.00188263 0)
(0.574366 -0.00215819 0)
(0.574702 -0.00253626 0)
(0.575129 -0.00304828 0)
(0.575677 -0.00373576 0)
(0.576381 -0.00465346 0)
(0.57729 -0.00587345 0)
(0.578465 -0.00749034 0)
(0.579989 -0.00962795 0)
(0.581971 -0.0124478 0)
(0.584552 -0.0161594 0)
(0.587922 -0.0210327 0)
(0.59233 -0.0274125 0)
(0.598111 -0.0357332 0)
(0.605719 -0.0465328 0)
(0.615772 -0.0604574 0)
(0.629135 -0.0782581 0)
(0.646989 -0.100714 0)
(0.671022 -0.128587 0)
(0.70345 -0.162115 0)
(0.747012 -0.200982 0)
(0.806488 -0.243117 0)
(0.881702 -0.281103 0)
(0.984085 -0.313864 0)
(0.697259 -0.000388875 0)
(0.697083 -0.00106897 0)
(0.696782 -0.00153924 0)
(0.696294 -0.00180652 0)
(0.695788 -0.00194044 0)
(0.695352 -0.00199007 0)
(0.694977 -0.00197914 0)
(0.69464 -0.00192684 0)
(0.694338 -0.00185182 0)
(0.694071 -0.00176759 0)
(0.693835 -0.00168207 0)
(0.693625 -0.00160003 0)
(0.693437 -0.0015249 0)
(0.693267 -0.0014593 0)
(0.693114 -0.00140524 0)
(0.692976 -0.00136455 0)
(0.692851 -0.00133928 0)
(0.692741 -0.00133208 0)
(0.692643 -0.00134648 0)
(0.692559 -0.0013872 0)
(0.69249 -0.00146057 0)
(0.692437 -0.00157518 0)
(0.692403 -0.00174249 0)
(0.69239 -0.00197786 0)
(0.692404 -0.00230162 0)
(0.69245 -0.0027407 0)
(0.692537 -0.00333067 0)
(0.692674 -0.00411845 0)
(0.692877 -0.00516586 0)
(0.693163 -0.00655424 0)
(0.693558 -0.00839042 0)
(0.694094 -0.0108145 0)
(0.694817 -0.0140098 0)
(0.695785 -0.0182154 0)
(0.697084 -0.0237428 0)
(0.698831 -0.0309954 0)
(0.701201 -0.040494 0)
(0.704454 -0.0529073 0)
(0.708989 -0.069084 0)
(0.715462 -0.0900963 0)
(0.724854 -0.117235 0)
(0.739069 -0.152084 0)
(0.760318 -0.19605 0)
(0.794539 -0.250601 0)
(0.845177 -0.314912 0)
(0.923288 -0.378618 0)
(1.04731 -0.455026 0)
(0.797294 -0.000268834 0)
(0.797191 -0.000760109 0)
(0.797002 -0.00113602 0)
(0.796621 -0.00137966 0)
(0.796177 -0.0015214 0)
(0.795765 -0.00159313 0)
(0.79539 -0.001613 0)
(0.795039 -0.00159443 0)
(0.794709 -0.00155113 0)
(0.794403 -0.00149476 0)
(0.794123 -0.00143332 0)
(0.793863 -0.00137206 0)
(0.793623 -0.00131482 0)
(0.793398 -0.00126465 0)
(0.793187 -0.00122403 0)
(0.792987 -0.00119523 0)
(0.792799 -0.00118065 0)
(0.792618 -0.00118325 0)
(0.792444 -0.00120681 0)
(0.792275 -0.00125626 0)
(0.79211 -0.00133817 0)
(0.791947 -0.0014613 0)
(0.791782 -0.00163733 0)
(0.791614 -0.00188185 0)
(0.791439 -0.00221548 0)
(0.791253 -0.0026655 0)
(0.79105 -0.00326787 0)
(0.790823 -0.00407008 0)
(0.790562 -0.00513465 0)
(0.790255 -0.00654397 0)
(0.789887 -0.00840641 0)
(0.789437 -0.0108645 0)
(0.788882 -0.0141056 0)
(0.788191 -0.0183761 0)
(0.787331 -0.0240002 0)
(0.786269 -0.0314049 0)
(0.784979 -0.041154 0)
(0.783465 -0.053995 0)
(0.781791 -0.0709243 0)
(0.780199 -0.0932815 0)
(0.779105 -0.122886 0)
(0.780009 -0.162238 0)
(0.784068 -0.214815 0)
(0.800726 -0.285182 0)
(0.826037 -0.380673 0)
(0.91471 -0.493976 0)
(1.02468 -0.693884 0)
(0.877315 -0.00018614 0)
(0.87725 -0.000533998 0)
(0.877123 -0.000817372 0)
(0.876813 -0.00101764 0)
(0.87642 -0.00114468 0)
(0.876033 -0.00121662 0)
(0.875667 -0.00124682 0)
(0.875313 -0.00124534 0)
(0.874969 -0.00122208 0)
(0.874641 -0.00118603 0)
(0.874333 -0.00114399 0)
(0.874042 -0.00110069 0)
(0.873768 -0.00105965 0)
(0.873507 -0.00102367 0)
(0.873259 -0.000995171 0)
(0.87302 -0.000976358 0)
(0.872789 -0.000969597 0)
(0.872562 -0.000977702 0)
(0.872337 -0.00100422 0)
(0.87211 -0.00105375 0)
(0.871877 -0.00113233 0)
(0.871633 -0.00124798 0)
(0.87137 -0.00141138 0)
(0.87108 -0.00163671 0)
(0.870753 -0.00194273 0)
(0.870373 -0.00235424 0)
(0.869924 -0.00290394 0)
(0.869379 -0.00363495 0)
(0.868707 -0.00460416 0)
(0.867868 -0.00588654 0)
(0.866805 -0.00758099 0)
(0.865449 -0.00981796 0)
(0.863708 -0.0127698 0)
(0.861462 -0.0166649 0)
(0.858559 -0.0218063 0)
(0.854806 -0.0285991 0)
(0.849962 -0.0375878 0)
(0.843733 -0.0495115 0)
(0.835768 -0.0653883 0)
(0.825701 -0.0866369 0)
(0.81307 -0.115312 0)
(0.79789 -0.154357 0)
(0.779141 -0.208625 0)
(0.762485 -0.284791 0)
(0.736816 -0.398727 0)
(0.786145 -0.559287 0)
(0.735197 -0.898475 0)
(0.937328 -0.000123067 0)
(0.937282 -0.000355945 0)
(0.937191 -0.000552584 0)
(0.936926 -0.000698987 0)
(0.93657 -0.000797003 0)
(0.936204 -0.000856156 0)
(0.935848 -0.000885285 0)
(0.935493 -0.000891343 0)
(0.935142 -0.000880857 0)
(0.934802 -0.000859955 0)
(0.934475 -0.000833613 0)
(0.934164 -0.000805515 0)
(0.933866 -0.000778456 0)
(0.933581 -0.000754714 0)
(0.933306 -0.00073627 0)
(0.933039 -0.000724987 0)
(0.932777 -0.000722842 0)
(0.932516 -0.000732159 0)
(0.932253 -0.000755834 0)
(0.931982 -0.000797582 0)
(0.931697 -0.000862263 0)
(0.931389 -0.000956304 0)
(0.931049 -0.00108824 0)
(0.930663 -0.00126938 0)
(0.930213 -0.00151469 0)
(0.929678 -0.00184393 0)
(0.929026 -0.00228316 0)
(0.928221 -0.00286678 0)
(0.927211 -0.00364016 0)
(0.925929 -0.00466321 0)
(0.924288 -0.00601506 0)
(0.922173 -0.00780046 0)
(0.919433 -0.0101583 0)
(0.915871 -0.0132737 0)
(0.911228 -0.0173942 0)
(0.905164 -0.0228536 0)
(0.897236 -0.0301065 0)
(0.886864 -0.0397783 0)
(0.873281 -0.052745 0)
(0.855493 -0.070246 0)
(0.832132 -0.0941008 0)
(0.801471 -0.126924 0)
(0.760512 -0.172984 0)
(0.706415 -0.237983 0)
(0.625886 -0.33512 0)
(0.52695 -0.483952 0)
(0.205143 -0.718805 0)
(0.977336 -7.04908e-05 0)
(0.9773 -0.000204778 0)
(0.977228 -0.0003204 0)
(0.97699 -0.000409157 0)
(0.976656 -0.000470663 0)
(0.976306 -0.000509291 0)
(0.975957 -0.000529872 0)
(0.975604 -0.000536422 0)
(0.97525 -0.000532659 0)
(0.974901 -0.000522141 0)
(0.974564 -0.000507903 0)
(0.97424 -0.000492288 0)
(0.973928 -0.000477102 0)
(0.973626 -0.000463819 0)
(0.973333 -0.000453731 0)
(0.973047 -0.000448069 0)
(0.972764 -0.000448137 0)
(0.972481 -0.000455456 0)
(0.972191 -0.000471914 0)
(0.97189 -0.000499919 0)
(0.971568 -0.000542614 0)
(0.971217 -0.000604147 0)
(0.970822 -0.000690015 0)
(0.970367 -0.000807503 0)
(0.969831 -0.000966245 0)
(0.969184 -0.00117896 0)
(0.968389 -0.00146242 0)
(0.967397 -0.00183877 0)
(0.966144 -0.00233724 0)
(0.964544 -0.00299644 0)
(0.962487 -0.00386748 0)
(0.959824 -0.00501809 0)
(0.956362 -0.00653839 0)
(0.951844 -0.00854879 0)
(0.945932 -0.0112112 0)
(0.938176 -0.0147452 0)
(0.927975 -0.0194513 0)
(0.914526 -0.0257462 0)
(0.896742 -0.0342154 0)
(0.873145 -0.0456904 0)
(0.841683 -0.0613764 0)
(0.799523 -0.082988 0)
(0.742532 -0.113091 0)
(0.665114 -0.154863 0)
(0.558223 -0.213409 0)
(0.411145 -0.288392 0)
(0.185002 -0.363869 0)
(0.99734 -2.3125e-05 0)
(0.997308 -6.73572e-05 0)
(0.997245 -0.00010579 0)
(0.997018 -0.000135775 0)
(0.996696 -0.000156982 0)
(0.996353 -0.000170652 0)
(0.996008 -0.0001783 0)
(0.995656 -0.000181242 0)
(0.995301 -0.000180696 0)
(0.994949 -0.000177836 9.70405e-35)
(0.994607 -0.000173684 0)
(0.994276 -0.000169042 0)
(0.993957 -0.00016453 0)
(0.993647 -0.000160656 0)
(0.993345 -0.000157867 0)
(0.99305 -0.000156593 9.69097e-35)
(0.992756 -0.000157291 0)
(0.992461 -0.000160491 0)
(0.992158 -0.00016685 0)
(0.99184 -0.000177206 0)
(0.9915 -0.000192649 0)
(0.991126 -0.000214616 0)
(0.990703 -0.000245008 0)
(0.990213 -0.000286342 -9.68061e-35)
(0.989631 -0.000341945 0)
(0.988926 -0.000416209 0)
(0.988056 -0.000514927 0)
(0.986966 -0.000645741 0)
(0.985586 -0.000818742 0)
(0.98382 -0.00104727 0)
(0.981544 -0.00134897 0)
(0.978594 -0.00174728 0)
(0.974752 -0.00227339 0)
(0.969733 -0.00296909 0)
(0.963153 -0.00389064 0)
(0.954503 -0.00511451 0)
(0.9431 -0.0067457 0)
(0.92802 -0.00892993 0)
(0.908005 -0.0118721 0)
(0.881332 -0.0158626 0)
(0.845604 -0.021317 0)
(0.797516 -0.0288207 -1.51291e-34)
(0.732393 -0.039196 0)
(0.644161 -0.0534808 0)
(0.524003 -0.0728113 0)
(0.366475 -0.0976823 0)
(0.148721 -0.115971 0)
(0.99734 2.26587e-05 0)
(0.997308 6.58362e-05 0)
(0.997245 0.000103296 0)
(0.997018 0.000132324 0)
(0.996696 0.000152576 0)
(0.996353 0.000165283 0)
(0.996008 0.000171958 0)
(0.995656 0.000173911 0)
(0.9953 0.000172357 0)
(0.994949 0.000168463 -9.70409e-35)
(0.994606 0.000163244 0)
(0.994276 0.000157497 0)
(0.993956 0.000151838 0)
(0.993646 0.000146768 0)
(0.993344 0.000142725 0)
(0.993048 0.000140126 -9.69105e-35)
(0.992754 0.000139421 0)
(0.992459 0.000141133 0)
(0.992156 0.000145913 0)
(0.991838 0.000154585 0)
(0.991498 0.000168229 0)
(0.991123 0.000188268 0)
(0.9907 0.000216593 0)
(0.990209 0.00025571 9.68077e-35)
(0.989627 0.000308935 0)
(0.988921 0.000380646 0)
(0.988051 0.000476622 0)
(0.986961 0.000604492 0)
(0.98558 0.000774336 0)
(0.983813 0.000999482 0)
(0.981537 0.00129758 0)
(0.978586 0.00169207 0)
(0.974744 0.00221415 0)
(0.969724 0.00290563 0)
(0.963143 0.00382283 0)
(0.954493 0.00504228 0)
(0.943089 0.0066691 0)
(0.928008 0.00884921 0)
(0.907993 0.0117878 0)
(0.88132 0.0157756 0)
(0.845592 0.0212288 0)
(0.797505 0.0287337 1.51299e-34)
(0.732383 0.0391137 0)
(0.644154 0.0534083 0)
(0.523999 0.0727553 0)
(0.366474 0.0976516 0)
(0.148721 0.115975 0)
(0.977336 7.00344e-05 0)
(0.9773 0.000203291 0)
(0.977228 0.00031796 0)
(0.976989 0.000405783 0)
(0.976656 0.000466354 0)
(0.976306 0.000504042 0)
(0.975956 0.000523673 0)
(0.975603 0.000529258 0)
(0.975248 0.000524512 0)
(0.9749 0.000512987 0)
(0.974563 0.00049771 0)
(0.974238 0.000481018 0)
(0.973925 0.000464712 0)
(0.973623 0.000450262 0)
(0.97333 0.00043895 0)
(0.973043 0.000431996 0)
(0.972759 0.000430697 0)
(0.972475 0.000436568 0)
(0.972185 0.000451489 0)
(0.971882 0.000477856 0)
(0.97156 0.000518798 0)
(0.971208 0.000578452 0)
(0.970812 0.000662304 0)
(0.970356 0.000777629 0)
(0.969819 0.000934049 0)
(0.969171 0.00114427 0)
(0.968374 0.00142505 0)
(0.967381 0.00179852 0)
(0.966126 0.0022939 0)
(0.964525 0.00294979 0)
(0.962466 0.00381729 0)
(0.959801 0.00496413 0)
(0.956337 0.00648044 0)
(0.951817 0.00848665 0)
(0.945903 0.0111447 0)
(0.938145 0.0146742 0)
(0.927942 0.0193758 0)
(0.914492 0.0256663 0)
(0.896706 0.0341316 0)
(0.873108 0.0456032 0)
(0.841647 0.0612871 0)
(0.79949 0.0828985 0)
(0.742502 0.113005 0)
(0.665091 0.154785 0)
(0.558211 0.213346 0)
(0.411147 0.288353 0)
(0.18501 0.363867 0)
(0.937328 0.000122631 0)
(0.937282 0.000354524 0)
(0.937191 0.000550253 0)
(0.936926 0.000695764 0)
(0.936569 0.000792889 0)
(0.936204 0.000851147 0)
(0.935847 0.000879371 0)
(0.935492 0.000884511 0)
(0.935141 0.000873091 0)
(0.934799 0.000851233 0)
(0.934472 0.000823905 0)
(0.93416 0.000794785 0)
(0.933862 0.000766666 0)
(0.933576 0.000741821 0)
(0.9333 0.000722217 0)
(0.933032 0.000709709 0)
(0.932769 0.000706269 0)
(0.932507 0.000714214 0)
(0.932242 0.000736432 0)
(0.93197 0.000776627 0)
(0.931684 0.000839646 0)
(0.931375 0.000931905 0)
(0.931033 0.00106193 0)
(0.930645 0.00124101 0)
(0.930193 0.00148412 0)
(0.929655 0.00181098 0)
(0.929002 0.00224766 0)
(0.928194 0.00282854 0)
(0.927181 0.00359896 0)
(0.925897 0.00461883 0)
(0.924253 0.00596728 0)
(0.922135 0.00774903 0)
(0.919392 0.010103 0)
(0.915826 0.0132142 0)
(0.911179 0.0173304 0)
(0.905112 0.0227852 0)
(0.897181 0.0300334 0)
(0.886806 0.0397004 0)
(0.873221 0.0526624 0)
(0.855431 0.0701589 0)
(0.832071 0.0940098 0)
(0.801413 0.12683 0)
(0.760459 0.17289 0)
(0.706375 0.237892 0)
(0.625863 0.335041 0)
(0.526962 0.483902 0)
(0.205141 0.71884 0)
(0.877315 0.000185733 0)
(0.877249 0.000532677 0)
(0.877123 0.000815204 0)
(0.876812 0.00101464 0)
(0.876419 0.00114085 0)
(0.876032 0.00121197 0)
(0.875666 0.00124133 0)
(0.87531 0.00123901 0)
(0.874966 0.00121488 0)
(0.874638 0.00117796 0)
(0.874328 0.00113501 0)
(0.874037 0.00109077 0)
(0.873762 0.00104875 0)
(0.8735 0.00101177 0)
(0.87325 0.0009822 0)
(0.87301 0.000962264 0)
(0.872778 0.000954316 0)
(0.87255 0.000961162 0)
(0.872323 0.000986345 0)
(0.872094 0.00103444 0)
(0.871859 0.00111149 0)
(0.871612 0.00122551 0)
(0.871347 0.00138715 0)
(0.871055 0.00161059 0)
(0.870725 0.00191459 0)
(0.870343 0.00232391 0)
(0.86989 0.00287124 0)
(0.869341 0.00359971 0)
(0.868666 0.00456616 0)
(0.867823 0.00584558 0)
(0.866756 0.00753682 0)
(0.865396 0.00977034 0)
(0.86365 0.0127185 0)
(0.861399 0.0166096 0)
(0.858491 0.0217467 0)
(0.854733 0.0285349 0)
(0.849884 0.0375186 0)
(0.843651 0.049437 0)
(0.835682 0.0653082 0)
(0.825612 0.0865509 0)
(0.81298 0.11522 0)
(0.797802 0.154258 0)
(0.77906 0.20852 0)
(0.762422 0.284681 0)
(0.736782 0.398615 0)
(0.786189 0.559175 0)
(0.735329 0.89842 0)
(0.797294 0.000268466 0)
(0.797191 0.000758918 0)
(0.797002 0.00113407 0)
(0.79662 0.00137696 0)
(0.796176 0.00151796 0)
(0.795764 0.00158895 0)
(0.795388 0.00160807 0)
(0.795036 0.00158875 0)
(0.794705 0.00154469 0)
(0.794399 0.00148754 0)
(0.794117 0.00142529 0)
(0.793857 0.00136321 0)
(0.793615 0.00130511 0)
(0.793389 0.00125405 0)
(0.793176 0.00121249 0)
(0.792975 0.00118269 0)
(0.792784 0.00116707 0)
(0.792602 0.00116857 0)
(0.792426 0.00119095 0)
(0.792255 0.00123914 0)
(0.792087 0.0013197 0)
(0.791921 0.00144138 0)
(0.791753 0.00161587 0)
(0.791582 0.00185872 0)
(0.791404 0.00219055 0)
(0.791214 0.00263861 0)
(0.791007 0.00323888 0)
(0.790775 0.0040388 0)
(0.79051 0.00510091 0)
(0.790198 0.00650755 0)
(0.789824 0.00836707 0)
(0.789369 0.010822 0)
(0.788808 0.0140596 0)
(0.788111 0.0183264 0)
(0.787245 0.0239463 0)
(0.786176 0.0313464 0)
(0.784879 0.0410904 0)
(0.783359 0.0539258 0)
(0.781679 0.0708487 0)
(0.780081 0.0931985 0)
(0.778983 0.122794 0)
(0.779887 0.162136 0)
(0.78395 0.214699 0)
(0.800621 0.285049 0)
(0.825961 0.380516 0)
(0.914688 0.49378 0)
(1.02476 0.693631 0)
(0.697259 0.000388556 0)
(0.697083 0.00106795 0)
(0.696782 0.00153755 0)
(0.696294 0.00180419 0)
(0.695787 0.00193747 0)
(0.695351 0.00198648 0)
(0.694975 0.00197491 0)
(0.694637 0.00192198 0)
(0.694334 0.00184631 0)
(0.694066 0.00176143 0)
(0.693829 0.00167523 0)
(0.693617 0.0015925 0)
(0.693427 0.00151666 0)
(0.693256 0.00145031 0)
(0.693101 0.00139546 0)
(0.692961 0.00135395 0)
(0.692834 0.00132781 0)
(0.692721 0.00131969 0)
(0.692621 0.00133311 0)
(0.692534 0.00137277 0)
(0.692462 0.00144502 0)
(0.692406 0.00155841 0)
(0.692368 0.00172443 0)
(0.692352 0.00195839 0)
(0.692361 0.00228064 0)
(0.692403 0.00271808 0)
(0.692485 0.00330626 0)
(0.692617 0.0040921 0)
(0.692814 0.00513738 0)
(0.693095 0.00652345 0)
(0.693483 0.0083571 0)
(0.694013 0.0107784 0)
(0.694728 0.0139706 0)
(0.695688 0.0181728 0)
(0.696979 0.0236963 0)
(0.698718 0.0309445 0)
(0.701079 0.0404382 0)
(0.704324 0.0528457 0)
(0.708849 0.0690155 0)
(0.715314 0.0900194 0)
(0.724698 0.117148 0)
(0.738907 0.151983 0)
(0.760153 0.19593 0)
(0.794374 0.250453 0)
(0.845021 0.314724 0)
(0.923144 0.378366 0)
(1.0472 0.454668 0)
(0.577197 0.000590034 0)
(0.576873 0.00151444 0)
(0.576375 0.00204945 0)
(0.575736 0.00230309 0)
(0.575165 0.00240523 0)
(0.574724 0.00241179 0)
(0.574379 0.0023488 0)
(0.574099 0.00224435 0)
(0.573876 0.00212311 0)
(0.573703 0.0019995 0)
(0.573571 0.00188044 0)
(0.573473 0.00176974 0)
(0.573402 0.00166997 0)
(0.573354 0.00158279 0)
(0.573327 0.00150932 0)
(0.57332 0.00145055 0)
(0.573331 0.00140776 0)
(0.57336 0.00138288 0)
(0.573409 0.00137865 0)
(0.573479 0.00139897 0)
(0.573574 0.00144923 0)
(0.573697 0.00153683 0)
(0.573856 0.00167176 0)
(0.574059 0.00186747 0)
(0.574317 0.00214184 0)
(0.574647 0.00251863 0)
(0.57507 0.00302924 0)
(0.575612 0.00371518 0)
(0.57631 0.0046312 0)
(0.577211 0.00584932 0)
(0.578379 0.00746413 0)
(0.579895 0.00959944 0)
(0.581869 0.0124167 0)
(0.584441 0.0161253 0)
(0.587801 0.0209952 0)
(0.592199 0.0273711 0)
(0.597969 0.0356872 0)
(0.605566 0.0464813 0)
(0.615607 0.0603992 0)
(0.628959 0.0781914 0)
(0.6468 0.100636 0)
(0.67082 0.128494 0)
(0.703234 0.162002 0)
(0.746781 0.200838 0)
(0.806242 0.24293 0)
(0.881436 0.28085 0)
(0.983796 0.313516 0)
(0.43707 0.00100878 0)
(0.436399 0.00225861 0)
(0.435604 0.00273699 0)
(0.434871 0.00285553 0)
(0.434375 0.00284396 0)
(0.4341 0.0027508 0)
(0.43398 0.0025986 0)
(0.433976 0.00242065 0)
(0.434062 0.00224144 0)
(0.434216 0.00207134 0)
(0.434417 0.00191391 0)
(0.434651 0.00177091 0)
(0.434909 0.00164337 0)
(0.435184 0.00153163 0)
(0.435471 0.00143571 0)
(0.435768 0.00135564 0)
(0.436074 0.00129183 0)
(0.436389 0.0012452 0)
(0.436716 0.00121742 0)
(0.437059 0.00121107 0)
(0.437421 0.00122992 0)
(0.437812 0.00127928 0)
(0.438241 0.00136654 0)
(0.438723 0.00150168 0)
(0.439275 0.00169815 0)
(0.439922 0.00197389 0)
(0.440696 0.00235278 0)
(0.441639 0.00286649 0)
(0.442805 0.00355694 0)
(0.444268 0.00447942 0)
(0.446121 0.00570673 0)
(0.44849 0.00733431 0)
(0.451534 0.00948668 0)
(0.455465 0.0123252 0)
(0.460556 0.0160569 0)
(0.46716 0.0209436 0)
(0.475734 0.0273097 0)
(0.486865 0.0355457 0)
(0.501305 0.046099 0)
(0.520011 0.0594493 0)
(0.544184 0.0760337 0)
(0.575281 0.096153 0)
(0.615134 0.119729 0)
(0.665429 0.146 0)
(0.728965 0.173601 0)
(0.805823 0.198013 0)
(0.896737 0.215864 0)
(0.27689 0.00180608 0)
(0.275671 0.00358003 0)
(0.274987 0.00388582 0)
(0.275068 0.00367098 0)
(0.275643 0.00332589 0)
(0.276435 0.00293425 0)
(0.277323 0.00254297 0)
(0.278253 0.00219075 0)
(0.279185 0.00189102 0)
(0.280088 0.00164066 0)
(0.280949 0.00143276 0)
(0.281762 0.00126093 0)
(0.282527 0.00111953 0)
(0.283245 0.00100368 0)
(0.283921 0.000909405 0)
(0.284559 0.000833734 0)
(0.285166 0.00077462 0)
(0.285747 0.000730906 0)
(0.286311 0.000702269 0)
(0.286867 0.000689248 0)
(0.287423 0.000693316 0)
(0.287993 0.000717054 0)
(0.288591 0.000764368 0)
(0.289235 0.000840834 0)
(0.28995 0.000954137 0)
(0.290764 0.00111472 0)
(0.291719 0.0013366 0)
(0.292864 0.00163854 0)
(0.294267 0.00204553 0)
(0.296014 0.00259073 0)
(0.298221 0.00331806 0)
(0.301035 0.00428544 0)
(0.304653 0.00556894 0)
(0.309329 0.00726765 0)
(0.315392 0.00950927 0)
(0.323266 0.0124555 0)
(0.333492 0.0163063 0)
(0.346751 0.0212992 0)
(0.363888 0.027701 0)
(0.385929 0.0357848 0)
(0.414081 0.0457817 0)
(0.449694 0.0578008 0)
(0.49425 0.0717286 0)
(0.549016 0.0869488 0)
(0.615125 0.102453 0)
(0.69242 0.115726 0)
(0.778987 0.124026 0)
(0.100651 0.00194146 0)
(0.102874 0.00294821 0)
(0.105523 0.00249902 0)
(0.108719 0.00185868 0)
(0.111491 0.00136648 0)
(0.11366 0.00100663 0)
(0.115419 0.000744343 0)
(0.116895 0.000559455 0)
(0.118139 0.000431423 0)
(0.11919 0.000341821 0)
(0.120088 0.000277966 0)
(0.120866 0.000231879 0)
(0.121548 0.000198304 0)
(0.122154 0.000173676 0)
(0.122697 0.000155607 0)
(0.123192 0.000142579 0)
(0.123649 0.000133676 0)
(0.124076 0.000128438 0)
(0.124484 0.000126744 0)
(0.124881 0.000128782 0)
(0.125277 0.00013503 0)
(0.125682 0.000146296 0)
(0.126109 0.000163758 0)
(0.126573 0.000189074 0)
(0.127095 0.000224508 0)
(0.1277 0.00027314 0)
(0.128418 0.000339109 0)
(0.129294 0.000427973 0)
(0.130381 0.000547147 0)
(0.131754 0.000706553 0)
(0.13351 0.000919425 0)
(0.135775 0.00120343 0)
(0.138722 0.00158207 0)
(0.142574 0.00208637 0)
(0.14763 0.00275688 0)
(0.154282 0.00364564 0)
(0.163039 0.00481758 0)
(0.174559 0.00635045 0)
(0.189667 0.00833137 0)
(0.209376 0.0108478 0)
(0.234875 0.0139703 0)
(0.267467 0.0177184 0)
(0.308474 0.0220254 0)
(0.358946 0.0266267 0)
(0.419398 0.0310723 0)
(0.489203 0.0344735 0)
(0.566086 0.0358809 0)
(0.64644 -0.0343531 0)
(0.722434 -0.0292798 0)
(0.787815 -0.0219746 0)
(0.83869 -0.0141768 0)
(0.874741 -0.00680648 0)
(0.897312 -0.000149155 0)
(0.871008 -0.123295 0)
(0.959865 -0.111001 0)
(1.03873 -0.0918633 0)
(1.10417 -0.071197 0)
(1.15622 -0.0514144 0)
(1.19619 -0.0333457 0)
(0.99915 -0.21706 0)
(1.10151 -0.19621 0)
(1.19143 -0.16421 0)
(1.26407 -0.130376 0)
(1.32002 -0.0978709 0)
(1.36111 -0.0682049 0)
(1.11703 -0.318764 0)
(1.25091 -0.29187 0)
(1.35237 -0.247832 0)
(1.41643 -0.197964 0)
(1.45299 -0.148407 0)
(1.47132 -0.104137 0)
(1.22783 -0.467234 0)
(1.35267 -0.418897 0)
(1.38629 -0.338618 0)
(1.36026 -0.249874 0)
(1.31661 -0.17099 0)
(1.27344 -0.110807 0)
(1.20903 -0.673509 0)
(1.13092 -0.490261 0)
(0.937634 -0.303033 0)
(0.770115 -0.161219 0)
(0.651173 -0.0651905 0)
(0.569363 -0.00573412 0)
(0.74755 -0.595696 0)
(0.29702 -0.166725 0)
(-0.0795202 0.0606945 0)
(-0.0796403 0.0659745 0)
(-0.0913573 0.0455882 0)
(-0.0786573 0.00210839 0)
(0.747874 0.595756 0)
(0.297702 0.166997 0)
(-0.0789628 -0.0606024 0)
(-0.0791488 -0.0661204 0)
(-0.0905544 -0.0460091 0)
(-0.0774803 -0.00288066 0)
(1.20926 0.673173 0)
(1.13152 0.489997 0)
(0.938768 0.302859 0)
(0.771845 0.161077 0)
(0.653633 0.0649914 0)
(0.572613 0.00537595 0)
(1.22776 0.466687 0)
(1.3527 0.418167 0)
(1.38657 0.337721 0)
(1.36096 0.248802 0)
(1.31786 0.169696 0)
(1.27541 0.109226 0)
(1.1167 0.318261 0)
(1.25048 0.291147 0)
(1.35184 0.246828 0)
(1.41583 0.196629 0)
(1.45234 0.146681 0)
(1.47065 0.101939 0)
(0.998623 0.216666 0)
(1.10084 0.195662 0)
(1.19055 0.163453 0)
(1.2629 0.12935 0)
(1.31848 0.0965064 0)
(1.35912 0.0664189 0)
(0.870334 0.123031 0)
(0.959015 0.110642 0)
(1.03764 0.0913788 0)
(1.10274 0.0705461 0)
(1.15435 0.0505419 0)
(1.19378 0.0321786 0)
(0.645727 0.0342528 0)
(0.72151 0.0291427 0)
(0.786605 0.0217886 0)
(0.83709 0.013926 0)
(0.872618 0.00646499 0)
(0.894452 -0.000315605 0)
(0.908288 0.00583857 0)
(0.908256 0.0114129 0)
(0.897923 0.0166024 0)
(0.879265 0.0211226 0)
(0.853821 0.0246993 0)
(0.822755 0.0272605 0)
(0.787055 0.0289095 0)
(0.747533 0.0298191 0)
(0.704793 0.0301541 0)
(0.659282 0.0300388 0)
(0.611366 0.0295462 0)
(0.561408 0.0286957 0)
(0.509831 0.0274586 0)
(0.457178 0.025775 0)
(0.404155 0.0235817 0)
(0.35164 0.0208465 0)
(0.300658 0.0176022 0)
(0.252316 0.0139706 0)
(0.207703 0.0101666 0)
(0.16776 0.00647298 0)
(0.13316 0.00318616 0)
(0.104212 0.00054658 0)
(0.0808346 -0.00131945 0)
(0.0625961 -0.00242049 0)
(0.0488223 -0.00287531 0)
(0.0387325 -0.00286509 0)
(0.0315639 -0.00258497 0)
(0.0266638 -0.00220944 0)
(0.0235374 -0.00186829 0)
(0.0218545 -0.00163783 0)
(0.0214256 -0.00154556 0)
(0.0221745 -0.00158548 0)
(0.0239665 -0.0016803 0)
(0.0267941 -0.00180723 0)
(0.0306434 -0.00199618 0)
(0.0355151 -0.00224267 0)
(0.0413997 -0.00252799 0)
(0.0482616 -0.00282735 0)
(0.0560426 -0.00311891 0)
(0.0646668 -0.00338651 0)
(0.0740492 -0.00362316 0)
(0.0840833 -0.00382027 0)
(0.0947029 -0.00398985 0)
(0.105654 -0.00406597 0)
(0.117357 -0.00425681 0)
(0.127427 -0.00373249 0)
(0.144054 -0.00526624 0)
(1.22542 -0.0174224 0)
(1.2465 -0.00353881 0)
(1.26184 0.00871258 0)
(1.27195 0.0195635 0)
(1.27701 0.0291287 0)
(1.27717 0.0375518 0)
(1.27248 0.045042 0)
(1.2629 0.0518161 0)
(1.2483 0.0580508 0)
(1.22846 0.063863 0)
(1.20312 0.0692948 0)
(1.17204 0.0743006 0)
(1.135 0.078741 0)
(1.09186 0.0823917 0)
(1.04267 0.0849654 0)
(0.987709 0.0861501 0)
(0.927548 0.0856598 0)
(0.863083 0.0832933 0)
(0.795533 0.0789896 0)
(0.726397 0.0728666 0)
(0.65736 0.0652293 0)
(0.590171 0.0565396 0)
(0.5265 0.0473534 0)
(0.467808 0.0382375 0)
(0.415239 0.0296882 0)
(0.369546 0.0220657 0)
(0.331068 0.01556 0)
(0.299753 0.0101915 0)
(0.275222 0.00584656 0)
(0.256878 0.00233435 0)
(0.244015 -0.0005559 0)
(0.235917 -0.00299584 0)
(0.231878 -0.0051508 0)
(0.231637 -0.00709841 0)
(0.234492 -0.00885701 0)
(0.239882 -0.0104593 0)
(0.247406 -0.0119442 0)
(0.256753 -0.013334 0)
(0.267659 -0.0146265 0)
(0.279878 -0.0158049 0)
(0.293189 -0.0168508 0)
(0.307366 -0.0177467 0)
(0.322297 -0.018496 0)
(0.337537 -0.0190457 0)
(0.353984 -0.0195648 0)
(0.367514 -0.0194358 0)
(0.391575 -0.0208487 0)
(1.38995 -0.0427598 0)
(1.40967 -0.0217951 0)
(1.42282 -0.00459271 0)
(1.43142 0.00974596 0)
(1.43683 0.0220325 0)
(1.43976 0.032979 0)
(1.44067 0.0431506 0)
(1.43975 0.0529497 0)
(1.43696 0.0626586 0)
(1.43208 0.0724708 0)
(1.42473 0.0824821 0)
(1.41442 0.0926682 0)
(1.40057 0.102868 0)
(1.38253 0.112785 0)
(1.35968 0.121994 0)
(1.33142 0.129979 0)
(1.29733 0.136176 0)
(1.25723 0.140045 0)
(1.21124 0.141153 0)
(1.1599 0.139244 0)
(1.10413 0.134298 0)
(1.04524 0.126542 0)
(0.984803 0.116422 0)
(0.924545 0.104536 0)
(0.866174 0.0915522 0)
(0.811241 0.0781209 0)
(0.761021 0.0648101 0)
(0.716438 0.0520632 0)
(0.678047 0.0401858 0)
(0.64605 0.0293534 0)
(0.620357 0.0196326 0)
(0.600633 0.0110073 0)
(0.586453 0.00339519 0)
(0.577062 -0.00332226 0)
(0.57209 -0.00920776 0)
(0.571051 -0.0143165 0)
(0.573342 -0.0187221 0)
(0.578394 -0.0224955 0)
(0.585701 -0.0257006 0)
(0.594814 -0.0283922 0)
(0.605342 -0.0306155 0)
(0.616934 -0.0324117 0)
(0.629366 -0.0338162 0)
(0.64218 -0.0348801 0)
(0.656049 -0.0356314 0)
(0.667493 -0.036168 0)
(0.687749 -0.0367464 0)
(1.47883 -0.067747 0)
(1.48127 -0.0382929 0)
(1.48203 -0.0141999 0)
(1.4822 0.00542348 0)
(1.48203 0.021395 0)
(1.48177 0.03475 0)
(1.48149 0.0464592 0)
(1.48116 0.0572748 0)
(1.48071 0.0677685 0)
(1.48 0.0783788 0)
(1.4788 0.0894113 0)
(1.47681 0.101017 0)
(1.47362 0.113176 0)
(1.46876 0.125699 0)
(1.46172 0.138222 0)
(1.45191 0.150233 0)
(1.43878 0.161092 0)
(1.42178 0.170096 0)
(1.40054 0.176549 0)
(1.37487 0.179861 0)
(1.34484 0.179627 0)
(1.31084 0.175697 0)
(1.27358 0.16819 0)
(1.23401 0.157479 0)
(1.19328 0.144137 0)
(1.15265 0.128859 0)
(1.1133 0.112383 0)
(1.07633 0.0954098 0)
(1.04262 0.078553 0)
(1.01279 0.0623026 0)
(0.987219 0.0470159 0)
(0.966033 0.0329205 0)
(0.949146 0.020139 0)
(0.936347 0.00870303 0)
(0.927158 -0.00143416 0)
(0.921204 -0.0103255 0)
(0.918102 -0.0180281 0)
(0.917432 -0.0246053 0)
(0.918781 -0.0301305 0)
(0.92176 -0.0346878 0)
(0.926023 -0.0383671 0)
(0.931261 -0.0412664 0)
(0.937237 -0.0434668 0)
(0.943635 -0.0451151 0)
(0.950664 -0.0461617 0)
(0.95659 -0.0471962 0)
(0.966798 -0.0471069 0)
(1.23781 -0.069828 0)
(1.21381 -0.0410111 0)
(1.20069 -0.0189413 0)
(1.19459 -0.000867926 0)
(1.19408 0.0142878 0)
(1.19841 0.0272975 0)
(1.20672 0.0388906 0)
(1.2181 0.0497307 0)
(1.23184 0.0603921 0)
(1.24731 0.0713502 0)
(1.26395 0.0829598 0)
(1.28116 0.0954281 0)
(1.29833 0.108792 0)
(1.31484 0.122909 0)
(1.33005 0.137454 0)
(1.34336 0.151937 0)
(1.35415 0.165711 0)
(1.36193 0.178024 0)
(1.36627 0.188083 0)
(1.36693 0.195151 0)
(1.36381 0.198642 0)
(1.357 0.198189 0)
(1.34677 0.193693 0)
(1.33354 0.185323 0)
(1.31789 0.173492 0)
(1.30051 0.158803 0)
(1.28213 0.141978 0)
(1.26348 0.123777 0)
(1.24526 0.104937 0)
(1.22806 0.0861179 0)
(1.21231 0.0678709 0)
(1.19832 0.0506177 0)
(1.18623 0.0346534 0)
(1.17607 0.0201651 0)
(1.16777 0.00723979 0)
(1.16111 -0.00411992 0)
(1.15587 -0.0139519 0)
(1.15183 -0.022325 0)
(1.1488 -0.029328 0)
(1.14657 -0.0350688 0)
(1.14494 -0.0396665 0)
(1.14377 -0.0432523 0)
(1.1429 -0.0459403 0)
(1.14226 -0.0479137 0)
(1.14161 -0.0491296 0)
(1.14123 -0.0502704 0)
(1.14 -0.0498812 0)
(0.516931 0.0176899 0)
(0.50294 0.0244889 0)
(0.51077 0.0254257 0)
(0.530026 0.0250889 0)
(0.555711 0.0256001 0)
(0.586166 0.0274471 0)
(0.620234 0.0305847 0)
(0.656971 0.0349068 0)
(0.695783 0.0405615 0)
(0.736298 0.047756 0)
(0.778181 0.056665 0)
(0.821052 0.0673922 0)
(0.864469 0.0799343 0)
(0.907912 0.0941259 0)
(0.950779 0.109618 0)
(0.992383 0.125873 0)
(1.03199 0.142157 0)
(1.06892 0.157577 0)
(1.10257 0.171162 0)
(1.13254 0.181985 0)
(1.15862 0.189274 0)
(1.18073 0.192511 0)
(1.19897 0.19147 0)
(1.2135 0.186212 0)
(1.2246 0.177063 0)
(1.2326 0.16456 0)
(1.23786 0.149387 0)
(1.24079 0.132291 0)
(1.24179 0.114037 0)
(1.24126 0.0953524 0)
(1.23956 0.0768788 0)
(1.23698 0.0591384 0)
(1.23374 0.0425273 0)
(1.23003 0.0273205 0)
(1.22595 0.0136862 0)
(1.22158 0.00169293 0)
(1.21693 -0.00867236 0)
(1.21198 -0.0174701 0)
(1.20675 -0.0247959 0)
(1.20125 -0.030769 0)
(1.19549 -0.0355211 0)
(1.18948 -0.0391913 0)
(1.18322 -0.0419107 0)
(1.17686 -0.0438374 0)
(1.16993 -0.0450164 0)
(1.1643 -0.0458434 0)
(1.15376 -0.0455522 0)
(-0.0356886 -0.0638237 0)
(0.0347638 -0.0518993 0)
(0.08973 -0.0447742 0)
(0.128719 -0.0405466 0)
(0.159534 -0.0359345 0)
(0.188084 -0.0307825 0)
(0.216677 -0.0255574 0)
(0.246339 -0.0199399 0)
(0.277663 -0.0136027 0)
(0.310979 -0.00618103 0)
(0.346467 0.00266067 0)
(0.384179 0.0131457 0)
(0.424462 0.0254556 0)
(0.467222 0.0396169 0)
(0.512211 0.0555034 0)
(0.559018 0.0727565 0)
(0.607013 0.0907476 0)
(0.655419 0.108591 0)
(0.703422 0.125231 0)
(0.750263 0.139586 0)
(0.795293 0.150716 0)
(0.837981 0.157947 0)
(0.877888 0.160922 0)
(0.914665 0.159604 0)
(0.948066 0.154253 0)
(0.977927 0.14537 0)
(1.00416 0.133599 0)
(1.02675 0.119648 0)
(1.04579 0.104248 0)
(1.06143 0.0881256 0)
(1.07384 0.0719315 0)
(1.08323 0.0562071 0)
(1.08983 0.0413758 0)
(1.09388 0.0277444 0)
(1.09561 0.0155111 0)
(1.09528 0.00477148 0)
(1.09312 -0.00446551 0)
(1.08931 -0.0122461 0)
(1.08405 -0.0186679 0)
(1.07758 -0.0238547 0)
(1.07012 -0.0279404 0)
(1.0619 -0.0310571 0)
(1.0531 -0.0333441 0)
(1.04406 -0.0348886 0)
(1.03434 -0.0358923 0)
(1.02638 -0.0361318 0)
(1.01253 -0.0364486 0)
(-0.0192235 -0.0857878 0)
(-0.0298961 -0.078075 0)
(-0.0229866 -0.0633688 0)
(-0.0155228 -0.0539066 0)
(-0.0084298 -0.0469532 0)
(-0.000478821 -0.0420012 0)
(0.00874381 -0.0384838 0)
(0.0195003 -0.0354778 0)
(0.031969 -0.0321566 0)
(0.046256 -0.0278666 0)
(0.062405 -0.0221702 0)
(0.0805755 -0.014907 0)
(0.100322 -0.00607004 0)
(0.122606 0.00439681 0)
(0.147995 0.0165711 0)
(0.177052 0.0303636 0)
(0.210087 0.0453961 0)
(0.247021 0.0609715 0)
(0.287484 0.0761551 0)
(0.330892 0.0899142 0)
(0.376495 0.101301 0)
(0.423453 0.109666 0)
(0.470804 0.11455 0)
(0.51755 0.115769 0)
(0.562773 0.113468 0)
(0.605644 0.108036 0)
(0.645432 0.100005 0)
(0.681561 0.0899679 0)
(0.713693 0.0785845 0)
(0.741666 0.0664924 0)
(0.765419 0.054246 0)
(0.78501 0.0423013 0)
(0.800612 0.0310137 0)
(0.81249 0.0206518 0)
(0.820952 0.011391 0)
(0.826409 0.00334517 0)
(0.829035 -0.00343901 0)
(0.829393 -0.00904289 0)
(0.827964 -0.0135958 0)
(0.825202 -0.0172426 0)
(0.821523 -0.0201267 0)
(0.817297 -0.0223702 0)
(0.81283 -0.0241081 0)
(0.808434 -0.0253379 0)
(0.80417 -0.0264081 0)
(0.800796 -0.0263532 0)
(0.796486 -0.0280796 0)
(-0.0144732 -0.0547486 0)
(-0.0490148 -0.0578702 0)
(-0.0735307 -0.0504123 0)
(-0.0930934 -0.0446599 0)
(-0.109603 -0.0409479 0)
(-0.123773 -0.0387378 0)
(-0.136108 -0.0373973 0)
(-0.146899 -0.0361868 0)
(-0.156236 -0.0344171 0)
(-0.16402 -0.0315438 0)
(-0.170006 -0.0272373 0)
(-0.173886 -0.0214319 0)
(-0.175361 -0.014311 0)
(-0.174025 -0.00608453 0)
(-0.169454 0.00303689 0)
(-0.160876 0.0128965 0)
(-0.146912 0.0232353 0)
(-0.126896 0.0337198 0)
(-0.100534 0.0438268 0)
(-0.0680223 0.0529238 0)
(-0.0299853 0.0604071 0)
(0.0121433 0.0657107 0)
(0.057159 0.0685787 0)
(0.104618 0.0691462 0)
(0.153375 0.0675633 0)
(0.202135 0.0641747 0)
(0.249644 0.059037 0)
(0.294863 0.0522421 0)
(0.337174 0.0444925 0)
(0.376105 0.0364049 0)
(0.411329 0.0283686 0)
(0.442777 0.0206816 0)
(0.470418 0.0135446 0)
(0.494512 0.00705887 0)
(0.51553 0.00126203 0)
(0.533871 -0.00381904 0)
(0.550439 -0.00824581 0)
(0.565545 -0.0121026 0)
(0.579451 -0.0154646 0)
(0.5924 -0.018399 0)
(0.604621 -0.0209691 0)
(0.616297 -0.0232218 0)
(0.627662 -0.0252266 0)
(0.63865 -0.02692 0)
(0.6502 -0.0286262 0)
(0.659418 -0.0291969 0)
(0.676511 -0.032238 0)
(-0.0168927 -0.0185967 0)
(-0.0621214 -0.0207633 0)
(-0.102191 -0.0187176 0)
(-0.137798 -0.0170312 0)
(-0.170265 -0.0161065 0)
(-0.200622 -0.0157638 0)
(-0.229614 -0.01567 0)
(-0.25766 -0.0154026 1.27398e-34)
(-0.284852 -0.0145244 0)
(-0.310978 -0.0126735 0)
(-0.335575 -0.00966227 0)
(-0.35799 -0.0055526 0)
(-0.377416 -0.000665705 1.05394e-34)
(-0.392868 0.00451542 0)
(-0.403215 0.00948989 0)
(-0.407485 0.0139339 0)
(-0.404799 0.0177088 0)
(-0.394185 0.0207496 0)
(-0.375047 0.0229973 0)
(-0.347205 0.0242742 0)
(-0.310905 0.0244506 0)
(-0.266892 0.023588 0)
(-0.216576 0.0219159 4.96242e-35)
(-0.161399 0.0193818 0)
(-0.102926 0.0156926 0)
(-0.0428618 0.0111074 0)
(0.01779 0.0060236 0)
(0.0791274 0.000584529 0)
(0.140143 -0.00479428 0)
(0.199211 -0.00994236 0)
(0.255388 -0.0147645 0)
(0.308232 -0.0191809 0)
(0.357736 -0.0231619 0)
(0.403795 -0.0267321 0)
(0.446356 -0.0299253 0)
(0.485491 -0.0328069 0)
(0.521372 -0.0354162 0)
(0.554234 -0.0377416 4.77082e-36)
(0.584372 -0.039783 0)
(0.612094 -0.0415586 0)
(0.637708 -0.0431016 0)
(0.661472 -0.0444541 1.64198e-36)
(0.683742 -0.0456641 0)
(0.704433 -0.0467587 0)
(0.725034 -0.0478393 0)
(0.741104 -0.048613 0)
(0.768647 -0.0504605 0)
(-0.0166745 0.0201368 0)
(-0.0614793 0.0230007 0)
(-0.101128 0.021282 0)
(-0.136301 0.0195915 0)
(-0.168303 0.0182692 0)
(-0.198118 0.0172157 0)
(-0.22643 0.0163884 0)
(-0.253576 0.0158081 -1.28878e-34)
(-0.279537 0.0155079 0)
(-0.303964 0.0154838 0)
(-0.326237 0.0156302 0)
(-0.345546 0.0156901 0)
(-0.360929 0.015252 -1.07981e-34)
(-0.371268 0.0138519 0)
(-0.375281 0.0111439 0)
(-0.371572 0.00700907 0)
(-0.358825 0.00163212 0)
(-0.336527 -0.00463972 0)
(-0.304542 -0.0113845 0)
(-0.263124 -0.0186111 0)
(-0.212842 -0.0263461 0)
(-0.154783 -0.0342836 0)
(-0.0902855 -0.042108 -7.15068e-35)
(-0.0214448 -0.04959 0)
(0.0504574 -0.0567298 0)
(0.124666 -0.0633783 0)
(0.199447 -0.0688138 0)
(0.272921 -0.0726963 0)
(0.343769 -0.0754278 0)
(0.411049 -0.0772826 0)
(0.474097 -0.0783659 0)
(0.532515 -0.0787887 0)
(0.586134 -0.0786728 0)
(0.634966 -0.0781321 0)
(0.679168 -0.0772773 0)
(0.718999 -0.0762165 0)
(0.754772 -0.0750404 0)
(0.786829 -0.073811 -3.4808e-36)
(0.815538 -0.0725802 0)
(0.841268 -0.0713976 0)
(0.864379 -0.070308 0)
(0.8852 -0.0693612 -1.26498e-36)
(0.9041 -0.068578 0)
(0.921173 -0.0680649 0)
(0.937512 -0.0676685 0)
(0.950202 -0.0680163 0)
(0.970528 -0.0678067 0)
(-0.0140406 0.0557114 0)
(-0.0477409 0.0595009 0)
(-0.071459 0.0523637 0)
(-0.0902747 0.0465724 0)
(-0.106096 0.042391 0)
(-0.119575 0.0393391 0)
(-0.131123 0.037 0)
(-0.140921 0.0349924 0)
(-0.148853 0.0330142 0)
(-0.154517 0.0307945 0)
(-0.157282 0.0280366 0)
(-0.1564 0.0243913 0)
(-0.150983 0.019375 0)
(-0.140003 0.0124594 0)
(-0.122426 0.00331116 0)
(-0.0976096 -0.00818737 0)
(-0.0653694 -0.0217784 0)
(-0.0244944 -0.0368815 0)
(0.0240028 -0.052853 0)
(0.0785717 -0.0690719 0)
(0.139628 -0.0849181 0)
(0.206372 -0.0997079 0)
(0.277369 -0.112888 0)
(0.350975 -0.1241 0)
(0.42545 -0.132898 0)
(0.49908 -0.139021 0)
(0.570371 -0.142616 0)
(0.638113 -0.143916 0)
(0.701456 -0.143203 0)
(0.759852 -0.140808 0)
(0.81296 -0.137087 0)
(0.860646 -0.132403 0)
(0.902972 -0.127098 0)
(0.940152 -0.121466 0)
(0.972507 -0.115755 0)
(1.00043 -0.110165 0)
(1.02434 -0.104844 0)
(1.04465 -0.0998903 0)
(1.0618 -0.0953653 0)
(1.07618 -0.0913048 0)
(1.08815 -0.0877251 0)
(1.09806 -0.0846441 0)
(1.10621 -0.0820421 0)
(1.11285 -0.0800314 0)
(1.11828 -0.0783241 0)
(1.12233 -0.0779828 0)
(1.12688 -0.0761084 0)
(-0.018728 0.086067 0)
(-0.0285546 0.078906 0)
(-0.0207713 0.0645436 0)
(-0.0123578 0.0550851 0)
(-0.00426385 0.0477261 0)
(0.00468827 0.0419991 0)
(0.0149423 0.037472 0)
(0.0268638 0.0334385 0)
(0.0409511 0.0292729 0)
(0.0577657 0.0244937 0)
(0.0779581 0.0186991 0)
(0.101723 0.0114375 0)
(0.129913 0.00203431 0)
(0.163427 -0.0100912 0)
(0.202644 -0.0252763 0)
(0.247665 -0.0433585 0)
(0.298416 -0.0638382 0)
(0.354522 -0.0858353 0)
(0.415366 -0.108502 0)
(0.479963 -0.130821 0)
(0.54701 -0.151593 0)
(0.615108 -0.169796 0)
(0.682883 -0.18468 0)
(0.749023 -0.195804 0)
(0.812302 -0.203013 0)
(0.871641 -0.206395 0)
(0.926212 -0.206227 0)
(0.975457 -0.202909 0)
(1.01906 -0.196957 0)
(1.05694 -0.18897 0)
(1.08915 -0.179564 0)
(1.11595 -0.169309 0)
(1.1377 -0.1587 0)
(1.15486 -0.148143 0)
(1.16791 -0.13795 0)
(1.17735 -0.128345 0)
(1.18366 -0.119473 0)
(1.18729 -0.111414 0)
(1.18865 -0.104197 0)
(1.18808 -0.0978175 0)
(1.1859 -0.0922483 0)
(1.18238 -0.0874624 0)
(1.17768 -0.0834058 0)
(1.17217 -0.080135 0)
(1.16529 -0.0773719 0)
(1.15957 -0.0760609 0)
(1.14724 -0.0731673 0)
(-0.0346141 0.0631094 0)
(0.0363445 0.0516643 0)
(0.0922716 0.0447364 0)
(0.132582 0.040443 0)
(0.165062 0.035444 0)
(0.195523 0.0295828 0)
(0.226401 0.0230917 0)
(0.258876 0.0159091 0)
(0.293758 0.00781108 0)
(0.331722 -0.00152543 0)
(0.373248 -0.0124496 0)
(0.418902 -0.0253928 0)
(0.468817 -0.0407695 0)
(0.522721 -0.0588373 0)
(0.580026 -0.0795776 0)
(0.639895 -0.102593 0)
(0.701306 -0.127128 0)
(0.763143 -0.152151 0)
(0.824276 -0.176501 0)
(0.883603 -0.199003 0)
(0.940075 -0.21858 0)
(0.992767 -0.234367 0)
(1.04091 -0.245781 0)
(1.08389 -0.25255 0)
(1.12124 -0.25469 0)
(1.15263 -0.252456 0)
(1.17794 -0.246305 0)
(1.19723 -0.236864 0)
(1.21076 -0.224871 0)
(1.21893 -0.211107 0)
(1.22228 -0.196323 0)
(1.22141 -0.181181 0)
(1.21697 -0.166231 0)
(1.20958 -0.151895 0)
(1.19982 -0.13847 0)
(1.18823 -0.126144 0)
(1.17524 -0.11501 0)
(1.16123 -0.105091 0)
(1.14647 -0.096358 0)
(1.13121 -0.0887494 0)
(1.1156 -0.0821872 0)
(1.09979 -0.0765903 0)
(1.08375 -0.0718737 0)
(1.06785 -0.0679914 0)
(1.05093 -0.0647902 0)
(1.03725 -0.0626272 0)
(1.01229 -0.0597754 0)
(0.521184 -0.0184988 0)
(0.508166 -0.0259015 0)
(0.51788 -0.0274246 0)
(0.539483 -0.0278238 0)
(0.567953 -0.0293117 0)
(0.60167 -0.0324682 0)
(0.639453 -0.0371945 0)
(0.680294 -0.0434643 0)
(0.723593 -0.0514192 0)
(0.769013 -0.0612384 0)
(0.816258 -0.073106 0)
(0.864951 -0.0871894 0)
(0.91457 -0.103578 0)
(0.964412 -0.122196 0)
(1.0136 -0.142727 0)
(1.06113 -0.164581 0)
(1.106 -0.186924 0)
(1.14722 -0.208748 0)
(1.18396 -0.228981 0)
(1.21551 -0.246594 0)
(1.2413 -0.260687 0)
(1.26091 -0.270551 0)
(1.27407 -0.275739 0)
(1.28067 -0.276092 0)
(1.28076 -0.27175 0)
(1.2746 -0.263122 0)
(1.26261 -0.250842 0)
(1.24544 -0.235712 0)
(1.22387 -0.218617 0)
(1.19882 -0.200441 0)
(1.17119 -0.181991 0)
(1.14187 -0.163937 0)
(1.11166 -0.146794 0)
(1.08122 -0.130911 0)
(1.05108 -0.116494 0)
(1.02163 -0.103627 0)
(0.993122 -0.0923047 0)
(0.965715 -0.0824579 0)
(0.939475 -0.0739791 0)
(0.914405 -0.0667409 0)
(0.890451 -0.060612 0)
(0.867561 -0.0554609 0)
(0.845532 -0.0511809 0)
(0.82459 -0.0476236 0)
(0.803339 -0.0448112 0)
(0.786385 -0.0423242 0)
(0.757492 -0.0406026 0)
(1.24068 0.0678874 0)
(1.21784 0.0385948 0)
(1.20587 0.0157686 0)
(1.20109 -0.00335595 0)
(1.20211 -0.0198449 0)
(1.20816 -0.0344968 0)
(1.21832 -0.0480697 0)
(1.23164 -0.0612165 0)
(1.24735 -0.0744786 0)
(1.2648 -0.0883017 0)
(1.28336 -0.103034 0)
(1.30238 -0.118907 0)
(1.32113 -0.135999 0)
(1.33884 -0.154207 0)
(1.35466 -0.173207 0)
(1.36768 -0.192453 0)
(1.37701 -0.211202 0)
(1.38178 -0.228572 0)
(1.38119 -0.243626 0)
(1.37457 -0.25547 0)
(1.36139 -0.263335 0)
(1.34131 -0.266668 0)
(1.31432 -0.265195 0)
(1.28068 -0.258968 0)
(1.241 -0.248364 0)
(1.19618 -0.234043 0)
(1.14738 -0.216874 0)
(1.09589 -0.19784 0)
(1.04307 -0.177929 0)
(0.99022 -0.158043 0)
(0.938469 -0.138926 0)
(0.888739 -0.121124 0)
(0.841703 -0.104983 0)
(0.79778 -0.0906673 0)
(0.757173 -0.0781997 0)
(0.719899 -0.0675016 0)
(0.685843 -0.0584321 0)
(0.654798 -0.0508173 0)
(0.626501 -0.0444743 0)
(0.600665 -0.0392243 0)
(0.57699 -0.0349053 0)
(0.55521 -0.0313652 0)
(0.534972 -0.0284986 0)
(0.516311 -0.0261122 0)
(0.497981 -0.0243669 0)
(0.483593 -0.022286 0)
(0.460258 -0.0223187 0)
(1.47816 0.0649653 0)
(1.48062 0.0347914 0)
(1.48141 0.00980652 0)
(1.4815 -0.0108836 0)
(1.4812 -0.0281602 0)
(1.4807 -0.0430962 0)
(1.48006 -0.0566705 0)
(1.47923 -0.0696282 0)
(1.4781 -0.0825241 0)
(1.4765 -0.0957794 0)
(1.47416 -0.109687 0)
(1.47069 -0.12439 0)
(1.46552 -0.139854 0)
(1.45795 -0.155848 0)
(1.44712 -0.171928 0)
(1.43205 -0.187446 0)
(1.4117 -0.201595 0)
(1.38505 -0.213485 0)
(1.35125 -0.222247 0)
(1.30975 -0.227146 0)
(1.26038 -0.227681 0)
(1.20348 -0.223652 0)
(1.1399 -0.215195 0)
(1.07097 -0.202782 0)
(0.998379 -0.187156 0)
(0.924025 -0.169255 0)
(0.849854 -0.150117 0)
(0.777687 -0.130769 0)
(0.709079 -0.112108 0)
(0.645216 -0.0948262 0)
(0.586871 -0.0793695 0)
(0.53442 -0.0659524 0)
(0.487893 -0.0545954 0)
(0.447049 -0.0451805 0)
(0.411456 -0.037503 0)
(0.38057 -0.0313196 0)
(0.353798 -0.0263816 0)
(0.33055 -0.0224574 0)
(0.310273 -0.0193441 0)
(0.292471 -0.0168717 0)
(0.276704 -0.0149043 0)
(0.26261 -0.0133266 0)
(0.249818 -0.0120734 0)
(0.23825 -0.0109968 0)
(0.227073 -0.0102992 0)
(0.21847 -0.00900848 0)
(0.204885 -0.0104153 0)
(1.3874 0.0404648 0)
(1.40646 0.0188932 0)
(1.41883 0.000944738 0)
(1.42668 -0.014331 0)
(1.43121 -0.0277994 0)
(1.43306 -0.0401965 0)
(1.43265 -0.0520847 0)
(1.43007 -0.0638467 0)
(1.42516 -0.0757289 0)
(1.41758 -0.0878731 0)
(1.40678 -0.100309 0)
(1.39203 -0.112928 0)
(1.37246 -0.12547 0)
(1.34712 -0.137507 0)
(1.31501 -0.148466 0)
(1.27521 -0.157666 0)
(1.22701 -0.164388 0)
(1.17007 -0.167982 0)
(1.1045 -0.167968 0)
(1.03102 -0.164133 0)
(0.950936 -0.156578 0)
(0.866109 -0.145717 0)
(0.778817 -0.13223 0)
(0.691549 -0.116981 0)
(0.606785 -0.1009 0)
(0.526762 -0.0848818 0)
(0.453251 -0.0697329 0)
(0.387441 -0.0560982 0)
(0.329904 -0.0443954 0)
(0.280632 -0.0347916 0)
(0.239157 -0.0272234 0)
(0.2047 -0.0214561 0)
(0.176316 -0.0171596 0)
(0.153014 -0.0139879 0)
(0.133852 -0.01163 0)
(0.117984 -0.0098404 0)
(0.104699 -0.00844295 0)
(0.093429 -0.00732173 0)
(0.0837363 -0.0064025 0)
(0.0752866 -0.00563809 0)
(0.067821 -0.00499558 0)
(0.0611457 -0.00444443 0)
(0.0550795 -0.003975 0)
(0.0495909 -0.00353157 0)
(0.0443681 -0.003298 0)
(0.0403352 -0.00287054 0)
(0.0343366 -0.00469803 0)
(1.22225 0.0158405 0)
(1.24274 0.00139348 0)
(1.25728 -0.0115376 0)
(1.26625 -0.0231882 0)
(1.26974 -0.033682 0)
(1.26774 -0.0431658 0)
(1.26018 -0.0518346 0)
(1.24687 -0.0598713 0)
(1.22749 -0.0674005 0)
(1.20168 -0.0744694 0)
(1.16904 -0.0810362 0)
(1.1292 -0.0869593 0)
(1.08187 -0.0919948 0)
(1.0269 -0.0958095 0)
(0.964382 -0.0980132 0)
(0.894754 -0.0982127 0)
(0.818851 -0.0960875 0)
(0.737955 -0.0914737 0)
(0.65377 -0.0844383 0)
(0.568357 -0.0753185 0)
(0.484001 -0.0647086 0)
(0.403046 -0.0533895 0)
(0.32772 -0.0422171 0)
(0.259901 -0.0319858 0)
(0.201053 -0.0233661 0)
(0.152006 -0.0167537 0)
(0.112542 -0.0121035 0)
(0.0815407 -0.00899366 0)
(0.0574081 -0.00690086 0)
(0.0385221 -0.00543632 0)
(0.0235275 -0.0043909 0)
(0.011423 -0.00364727 0)
(0.00150382 -0.00311423 0)
(-0.00673351 -0.00271148 0)
(-0.0136343 -0.00238217 0)
(-0.0194477 -0.00208846 0)
(-0.0243872 -0.00181498 0)
(-0.0286121 -0.00156023 0)
(-0.0322535 -0.0013289 0)
(-0.0354179 -0.0011216 0)
(-0.0381928 -0.000935018 0)
(-0.0406465 -0.000761695 0)
(-0.0428336 -0.000607333 0)
(-0.0447719 -0.000500315 0)
(-0.0464878 -0.000555053 0)
(-0.0480678 -0.000868189 0)
(-0.0505244 -0.00184395 0)
(0.904539 -0.00652895 0)
(0.902907 -0.0124322 0)
(0.890552 -0.0179787 0)
(0.869398 -0.0228479 0)
(0.840884 -0.0267614 0)
(0.806105 -0.0296469 0)
(0.766002 -0.0315974 0)
(0.72136 -0.0327637 0)
(0.672791 -0.0332782 0)
(0.620803 -0.0332248 0)
(0.565888 -0.0326327 0)
(0.508595 -0.0314802 0)
(0.449602 -0.0297068 0)
(0.389771 -0.0272394 0)
(0.330177 -0.024032 0)
(0.272104 -0.0201134 0)
(0.216979 -0.0156353 0)
(0.16626 -0.0108974 0)
(0.121263 -0.00633079 0)
(0.0829565 -0.00241426 0)
(0.0517802 0.000466676 0)
(0.0275354 0.00216272 0)
(0.00942581 0.00281995 0)
(-0.00382696 0.00275822 0)
(-0.0135386 0.00217152 0)
(-0.0208371 0.00133896 0)
(-0.0266899 0.000640885 0)
(-0.0316108 0.000265584 0)
(-0.0357511 0.000170338 0)
(-0.0391212 0.000211344 0)
(-0.0417644 0.000266117 0)
(-0.0438063 0.000279609 0)
(-0.0454098 0.000250251 0)
(-0.0467156 0.000199071 0)
(-0.0478251 0.000145085 0)
(-0.0488027 0.000100992 0)
(-0.0496743 7.27185e-05 0)
(-0.0504445 5.94511e-05 0)
(-0.0511142 5.75174e-05 0)
(-0.0516862 6.36069e-05 0)
(-0.0521649 7.53211e-05 0)
(-0.0525532 9.12694e-05 0)
(-0.0528495 0.000107634 0)
(-0.053051 0.000117897 0)
(-0.0532156 9.71051e-05 0)
(-0.0535832 -2.51155e-05 0)
(-0.0544199 -0.000389239 0)
)
;

boundaryField
{
    inlet
    {
        type            fixedProfile;
        profile         csvFile;
        profileCoeffs
        {
            nHeaderLine     0;
            refColumn       0;
            componentColumns 3(1 2 3);
            separator       ",";
            mergeSeparators 0;
            file            "0/Uprofile.csv";
        }
        direction       (0 1 0);
        origin          -1;
        value           nonuniform List<vector> 
20
(
(0.0975 0 0)
(0.2775 0 0)
(0.4375 0 0)
(0.5775 0 0)
(0.6975 0 0)
(0.7975 0 0)
(0.8775 0 0)
(0.9375 0 0)
(0.9775 0 0)
(0.9975 0 0)
(0.9975 0 0)
(0.9775 0 0)
(0.9375 0 0)
(0.8775 0 0)
(0.7975 0 0)
(0.6975 0 0)
(0.5775 0 0)
(0.4375 0 0)
(0.2775 0 0)
(0.0975 0 0)
)
;
    }
    outlet
    {
        type            zeroGradient;
    }
    upperWall
    {
        type            noSlip;
    }
    lowerWall
    {
        type            noSlip;
    }
    frontAndBack
    {
        type            empty;
    }
}


// ************************************************************************* //
