/*--------------------------------*- C++ -*----------------------------------*\
| =========                 |                                                 |
| \\      /  F ield         | OpenFOAM: The Open Source CFD Toolbox           |
|  \\    /   O peration     | Version:  2406                                  |
|   \\  /    A nd           | Website:  www.openfoam.com                      |
|    \\/     M anipulation  |                                                 |
\*---------------------------------------------------------------------------*/
FoamFile
{
    version     2.0;
    format      ascii;
    arch        "LSB;label=32;scalar=64";
    class       volVectorField;
    location    "30";
    object      U;
}
// * * * * * * * * * * * * * * * * * * * * * * * * * * * * * * * * * * * * * //

dimensions      [0 1 -1 0 0 0 0];

internalField   nonuniform List<vector> 
1800
(
(0.188048 -0.00168735 0)
(0.195422 -0.00165089 0)
(0.200339 -0.00128257 0)
(0.204221 -0.0013318 0)
(0.208852 -0.0016415 0)
(0.214869 -0.00221854 0)
(0.222996 -0.00333009 0)
(0.234789 -0.00567871 0)
(0.254961 -0.0130275 0)
(0.281981 -0.0458994 0)
(0.504413 -0.00386834 0)
(0.509376 -0.0066205 0)
(0.514859 -0.00704381 0)
(0.520013 -0.0078811 0)
(0.526895 -0.00969032 0)
(0.536147 -0.0126537 0)
(0.548232 -0.017483 0)
(0.564126 -0.0256667 0)
(0.58542 -0.0404088 0)
(0.607997 -0.0710024 0)
(0.74514 -0.00336967 0)
(0.74854 -0.00779764 0)
(0.752401 -0.0106299 0)
(0.755898 -0.0135432 0)
(0.76117 -0.0173854 0)
(0.768673 -0.0226515 0)
(0.778253 -0.0301776 0)
(0.789807 -0.0413679 0)
(0.802843 -0.0584285 0)
(0.814015 -0.0850398 0)
(0.905645 -0.00300433 0)
(0.908283 -0.00814464 0)
(0.910742 -0.0125208 0)
(0.912029 -0.017033 0)
(0.914319 -0.0224118 0)
(0.918036 -0.0291976 0)
(0.922665 -0.0381001 0)
(0.927573 -0.0500767 0)
(0.931763 -0.0661995 0)
(0.932988 -0.0873667 0)
(0.985812 -0.00270557 0)
(0.987817 -0.00778639 0)
(0.989 -0.0126805 0)
(0.988152 -0.0178634 0)
(0.987382 -0.0238145 0)
(0.987088 -0.0309794 0)
(0.986606 -0.0398641 0)
(0.985159 -0.0510045 0)
(0.981795 -0.0648017 0)
(0.975045 -0.0812394 0)
(0.985744 -0.00217231 0)
(0.987151 -0.00653306 0)
(0.987106 -0.0111693 0)
(0.984346 -0.0162113 0)
(0.980939 -0.0218522 0)
(0.977213 -0.0284171 0)
(0.972445 -0.0362374 0)
(0.965879 -0.045558 0)
(0.956741 -0.0564446 0)
(0.94408 -0.0686229 0)
(0.905445 -0.001252 0)
(0.90636 -0.00433662 0)
(0.905296 -0.00822082 0)
(0.901113 -0.0125435 0)
(0.89586 -0.0172199 0)
(0.889737 -0.022488 0)
(0.882007 -0.0285542 0)
(0.872002 -0.0354883 0)
(0.859146 -0.0432149 0)
(0.842843 -0.0514462 0)
(0.744835 0.000271118 0)
(0.74565 -0.001261 0)
(0.744282 -0.00432904 0)
(0.739705 -0.00767003 0)
(0.733863 -0.0110053 0)
(0.726808 -0.0145747 0)
(0.717865 -0.0185209 0)
(0.706525 -0.0228371 0)
(0.692422 -0.0274318 0)
(0.675236 -0.0321087 0)
(0.504094 0.00218467 0)
(0.50629 0.00177323 0)
(0.506188 -0.000810092 0)
(0.502794 -0.00309008 0)
(0.497979 -0.00492921 0)
(0.491837 -0.00670394 0)
(0.483924 -0.00854433 0)
(0.473971 -0.0104423 0)
(0.461822 -0.0123576 0)
(0.44738 -0.0142095 0)
(0.18786 0.00131221 0)
(0.193619 0.000731118 0)
(0.195201 -5.07212e-05 0)
(0.194063 -0.000420228 0)
(0.191905 -0.000660228 0)
(0.188919 -0.000901505 0)
(0.184977 -0.00114284 0)
(0.180039 -0.00136184 0)
(0.174113 -0.00155168 0)
(0.167224 -0.00171175 0)
(-0.000308135 0.000297401 0)
(-0.00299857 0.000895545 0)
(-0.00733918 0.00116185 0)
(-0.0121342 0.00113858 0)
(-0.0163927 0.000972991 0)
(-0.0196472 0.000741704 0)
(-0.0217095 0.000485817 0)
(-0.0225343 0.000227587 0)
(-0.0221589 -2.00267e-05 0)
(-0.0206719 -0.000248425 0)
(-0.0181952 -0.000450967 0)
(-0.0148726 -0.000622798 0)
(-0.0108608 -0.000760624 0)
(-0.00632206 -0.000862963 0)
(-0.0014165 -0.000929829 0)
(0.00370362 -0.000962774 0)
(0.00889902 -0.000965217 0)
(0.0140466 -0.000942023 0)
(0.0190418 -0.000898115 0)
(0.0238004 -0.000838524 0)
(0.0282578 -0.000768027 0)
(0.0323684 -0.000691051 0)
(0.0361039 -0.000611365 0)
(0.0394509 -0.000532144 0)
(0.042409 -0.000455805 0)
(0.0449877 -0.000384174 0)
(0.0472048 -0.000318425 0)
(0.0490835 -0.000259281 0)
(0.050651 -0.000206995 0)
(0.0519365 -0.000161552 0)
(0.0529701 -0.000122649 0)
(0.0537818 -8.98712e-05 0)
(0.0544003 -6.26601e-05 0)
(0.054853 -4.04546e-05 0)
(0.0551652 -2.26415e-05 0)
(-0.00102441 0.00307169 0)
(-0.00775016 0.0072447 0)
(-0.017122 0.00894392 0)
(-0.0268606 0.00862205 0)
(-0.0351056 0.00709667 0)
(-0.0409622 0.00497135 0)
(-0.0440718 0.00262029 0)
(-0.0443806 0.000264555 0)
(-0.042018 -0.00196433 0)
(-0.0372252 -0.00398458 0)
(-0.0303093 -0.00574359 0)
(-0.0216147 -0.00720937 0)
(-0.0115015 -0.00836643 0)
(-0.000329786 -0.0092132 0)
(0.0115537 -0.00975974 0)
(0.0238269 -0.0100271 0)
(0.036199 -0.0100443 0)
(0.0484154 -0.00984595 0)
(0.0602615 -0.0094689 0)
(0.0715633 -0.00895074 0)
(0.0821863 -0.008328 0)
(0.0920338 -0.00763462 0)
(0.101043 -0.00690102 0)
(0.109183 -0.00615341 0)
(0.116446 -0.00541355 0)
(0.122848 -0.0046987 0)
(0.128421 -0.00402197 0)
(0.133211 -0.00339257 0)
(0.137271 -0.00281641 0)
(0.140662 -0.00229657 0)
(0.143447 -0.00183389 0)
(0.145691 -0.0014274 0)
(0.147456 -0.00107489 0)
(0.148803 -0.000773194 0)
(0.14979 -0.000518613 0)
(-0.00151441 0.00806554 0)
(-0.0106985 0.0170538 0)
(-0.0223531 0.020013 0)
(-0.0336111 0.0186128 0)
(-0.042323 0.0146396 0)
(-0.0475736 0.00939966 0)
(-0.0490767 0.00372925 0)
(-0.0468963 -0.00186541 0)
(-0.0413036 -0.00708435 0)
(-0.0326877 -0.0117465 0)
(-0.0214999 -0.0157457 0)
(-0.00821727 -0.0190266 0)
(0.00668269 -0.0215708 0)
(0.0227383 -0.023391 0)
(0.0395209 -0.0245247 0)
(0.0566384 -0.0250283 0)
(0.073743 -0.0249717 0)
(0.0905346 -0.0244335 0)
(0.106762 -0.0234963 0)
(0.122223 -0.0222432 0)
(0.136762 -0.020754 0)
(0.150267 -0.019103 0)
(0.162665 -0.0173568 0)
(0.173919 -0.0155735 0)
(0.18402 -0.0138014 0)
(0.192986 -0.0120801 0)
(0.200855 -0.0104398 0)
(0.207681 -0.00890284 0)
(0.213529 -0.00748419 0)
(0.218472 -0.00619267 0)
(0.222588 -0.00503195 0)
(0.225957 -0.00400161 0)
(0.228659 -0.00309806 0)
(0.230771 -0.00231544 0)
(0.23237 -0.0016463 0)
(-0.00179359 0.0143587 0)
(-0.0118558 0.0284267 0)
(-0.0233128 0.0318347 0)
(-0.0330712 0.0282608 0)
(-0.0391417 0.0207832 0)
(-0.0409259 0.0115181 0)
(-0.0384304 0.0017932 0)
(-0.0319561 -0.00760238 0)
(-0.0219578 -0.0162122 0)
(-0.0089656 -0.0237752 0)
(0.00646621 -0.030153 0)
(0.0237876 -0.0352891 0)
(0.0424787 -0.0391852 0)
(0.0620571 -0.041887 0)
(0.0820861 -0.0434736 0)
(0.102179 -0.0440485 0)
(0.122003 -0.0437322 0)
(0.141274 -0.0426547 0)
(0.159765 -0.04095 0)
(0.177292 -0.0387501 0)
(0.193721 -0.036181 0)
(0.208958 -0.033359 0)
(0.222946 -0.0303882 0)
(0.235659 -0.0273593 0)
(0.2471 -0.0243486 0)
(0.257295 -0.0214184 0)
(0.266288 -0.0186175 0)
(0.274136 -0.0159822 0)
(0.28091 -0.0135377 0)
(0.286684 -0.0112995 0)
(0.29154 -0.00927528 0)
(0.295561 -0.00746592 0)
(0.298832 -0.00586724 0)
(0.301432 -0.00447118 0)
(0.303443 -0.00326694 0)
(-0.00197333 0.0209903 0)
(-0.0114672 0.0391526 0)
(-0.020156 0.0414394 0)
(-0.0253129 0.0343258 0)
(-0.0256746 0.0224295 0)
(-0.0212926 0.00865637 0)
(-0.0126363 -0.00526905 0)
(-0.000304991 -0.018374 0)
(0.0150567 -0.0301175 0)
(0.0328155 -0.0402194 0)
(0.0523755 -0.0485563 0)
(0.0731877 -0.0551048 0)
(0.094758 -0.0599116 0)
(0.116649 -0.0630733 0)
(0.138483 -0.0647233 0)
(0.159935 -0.0650206 0)
(0.18074 -0.0641404 0)
(0.200682 -0.0622655 0)
(0.219595 -0.0595793 0)
(0.237354 -0.0562598 0)
(0.253876 -0.0524742 0)
(0.269112 -0.0483753 0)
(0.283041 -0.0440994 0)
(0.295668 -0.0397641 0)
(0.307019 -0.0354684 0)
(0.317135 -0.0312932 0)
(0.32607 -0.0273015 0)
(0.333888 -0.0235408 0)
(0.340661 -0.0200443 0)
(0.346463 -0.0168327 0)
(0.351372 -0.0139166 0)
(0.355467 -0.0112978 0)
(0.358827 -0.00897156 0)
(0.361527 -0.00692802 0)
(0.363642 -0.00515351 0)
(-0.00206695 0.0272813 0)
(-0.0093683 0.0471131 0)
(-0.0121889 0.0458143 0)
(-0.00920635 0.0336211 0)
(-0.000673186 0.0166966 0)
(0.012399 -0.00152792 0)
(0.0290243 -0.0191858 0)
(0.0483243 -0.0352859 0)
(0.0695418 -0.0493301 0)
(0.0920351 -0.0611008 0)
(0.115259 -0.0705418 0)
(0.138748 -0.0776973 0)
(0.162111 -0.0826795 0)
(0.185022 -0.085649 0)
(0.207214 -0.0867995 0)
(0.228477 -0.0863471 0)
(0.248652 -0.0845193 0)
(0.267622 -0.0815473 0)
(0.285313 -0.0776572 0)
(0.301683 -0.0730647 0)
(0.316721 -0.0679693 0)
(0.330436 -0.0625513 0)
(0.342861 -0.0569694 0)
(0.354038 -0.0513593 0)
(0.364024 -0.0458344 0)
(0.372883 -0.0404862 0)
(0.380681 -0.0353858 0)
(0.387491 -0.030586 0)
(0.393385 -0.0261235 0)
(0.398436 -0.0220207 0)
(0.402714 -0.0182886 0)
(0.40629 -0.0149284 0)
(0.409232 -0.0119337 0)
(0.411604 -0.00929241 0)
(0.413469 -0.00698814 0)
(-0.00192107 0.0328071 0)
(-0.00422245 0.049712 0)
(0.00326318 0.0412687 0)
(0.0186641 0.022636 0)
(0.0392566 0.000803506 0)
(0.0630248 -0.0209975 0)
(0.0886296 -0.0411401 0)
(0.115115 -0.0588435 0)
(0.141803 -0.0737931 0)
(0.1682 -0.0859139 0)
(0.193941 -0.0952579 0)
(0.218746 -0.101955 0)
(0.242401 -0.106191 0)
(0.264749 -0.108187 0)
(0.285683 -0.108193 0)
(0.305138 -0.106474 0)
(0.323087 -0.103302 0)
(0.339535 -0.0989434 0)
(0.35451 -0.0936565 0)
(0.368064 -0.0876825 0)
(0.380262 -0.0812412 0)
(0.391181 -0.0745281 0)
(0.400903 -0.0677129 0)
(0.409515 -0.0609387 0)
(0.417103 -0.054323 0)
(0.42375 -0.0479592 0)
(0.429539 -0.0419186 0)
(0.434545 -0.0362528 0)
(0.438841 -0.030996 0)
(0.442494 -0.0261683 0)
(0.445566 -0.0217774 0)
(0.448116 -0.0178215 0)
(0.450197 -0.014291 0)
(0.451859 -0.0111706 0)
(0.453149 -0.00844093 0)
(-0.000968419 0.0362573 0)
(0.00831687 0.0421609 0)
(0.0330193 0.0226997 0)
(0.0656318 -0.00242719 0)
(0.100592 -0.0275741 0)
(0.135512 -0.0507958 0)
(0.169373 -0.0711845 0)
(0.201618 -0.0883906 0)
(0.231943 -0.10237 0)
(0.260207 -0.113212 0)
(0.286349 -0.121073 0)
(0.310359 -0.126151 0)
(0.332254 -0.128685 0)
(0.352081 -0.128939 0)
(0.369911 -0.127201 0)
(0.385839 -0.123766 0)
(0.399973 -0.118931 0)
(0.412439 -0.112985 0)
(0.423367 -0.106201 0)
(0.432895 -0.098831 0)
(0.441158 -0.0910999 0)
(0.44829 -0.0832052 0)
(0.454418 -0.0753153 0)
(0.459659 -0.0675693 0)
(0.464121 -0.0600789 0)
(0.467903 -0.0529305 0)
(0.471091 -0.0461879 0)
(0.473763 -0.0398948 0)
(0.475983 -0.0340785 0)
(0.477811 -0.0287517 0)
(0.479296 -0.023916 0)
(0.48048 -0.0195641 0)
(0.481402 -0.0156815 0)
(0.482093 -0.0122488 0)
(0.482582 -0.00924323 0)
(0.0081582 0.0243493 0)
(0.042269 0.0115732 0)
(0.0925109 -0.0177102 0)
(0.144973 -0.045099 0)
(0.192857 -0.0690237 0)
(0.235665 -0.0897333 0)
(0.27396 -0.107183 0)
(0.308098 -0.121356 0)
(0.338371 -0.132348 0)
(0.365079 -0.140305 0)
(0.388507 -0.145405 0)
(0.408914 -0.147861 0)
(0.426543 -0.147918 0)
(0.44163 -0.145855 0)
(0.454407 -0.141965 0)
(0.465106 -0.136552 0)
(0.473955 -0.129919 0)
(0.481175 -0.122354 0)
(0.486981 -0.114129 0)
(0.491572 -0.105489 0)
(0.495135 -0.0966512 0)
(0.49784 -0.0878009 0)
(0.499838 -0.0790931 0)
(0.501263 -0.0706528 0)
(0.50223 -0.0625771 0)
(0.502837 -0.054938 0)
(0.503165 -0.0477855 0)
(0.50328 -0.0411509 0)
(0.503236 -0.03505 0)
(0.503076 -0.0294857 0)
(0.502832 -0.0244511 0)
(0.502527 -0.0199316 0)
(0.502181 -0.0159071 0)
(0.501806 -0.0123537 0)
(0.501412 -0.00924478 0)
(0.0774035 -0.0328165 0)
(0.144758 -0.0610924 0)
(0.213108 -0.0837001 0)
(0.274126 -0.102247 0)
(0.324199 -0.118129 0)
(0.365738 -0.131968 0)
(0.400881 -0.143593 0)
(0.430649 -0.152746 0)
(0.455667 -0.159323 0)
(0.476472 -0.163346 0)
(0.493539 -0.164914 0)
(0.507286 -0.164197 0)
(0.518095 -0.161412 0)
(0.52632 -0.156817 0)
(0.5323 -0.150693 0)
(0.536355 -0.143331 0)
(0.538789 -0.135018 0)
(0.539883 -0.126028 0)
(0.539894 -0.116614 0)
(0.539057 -0.107 0)
(0.537577 -0.0973812 0)
(0.535634 -0.0879202 0)
(0.533379 -0.078749 0)
(0.530941 -0.0699703 0)
(0.528421 -0.0616602 0)
(0.525902 -0.0538714 0)
(0.523447 -0.0466364 0)
(0.521102 -0.0399713 0)
(0.518898 -0.0338786 0)
(0.516855 -0.0283501 0)
(0.514984 -0.0233698 0)
(0.513288 -0.0189158 0)
(0.511764 -0.0149623 0)
(0.510404 -0.011481 0)
(0.509198 -0.00844243 0)
(0.354495 -0.115276 0)
(0.382716 -0.133573 0)
(0.416738 -0.142692 0)
(0.454764 -0.151128 0)
(0.488388 -0.159108 0)
(0.516417 -0.166204 0)
(0.539611 -0.171976 0)
(0.558388 -0.176026 0)
(0.573032 -0.178115 0)
(0.583908 -0.178167 0)
(0.591424 -0.176227 0)
(0.59599 -0.172429 0)
(0.598005 -0.166966 0)
(0.597854 -0.160075 0)
(0.59591 -0.152016 0)
(0.592521 -0.143058 0)
(0.588014 -0.133462 0)
(0.582683 -0.123475 0)
(0.576792 -0.113317 0)
(0.570568 -0.103184 0)
(0.564204 -0.093238 0)
(0.55786 -0.0836112 0)
(0.551665 -0.0744065 0)
(0.545718 -0.0656999 0)
(0.540092 -0.0575431 0)
(0.534839 -0.0499675 0)
(0.52999 -0.0429873 0)
(0.525563 -0.0366031 0)
(0.52156 -0.0308044 0)
(0.517974 -0.0255729 0)
(0.514791 -0.0208845 0)
(0.51199 -0.0167112 0)
(0.509546 -0.0130227 0)
(0.507433 -0.00978773 0)
(0.505621 -0.00697496 0)
(0.624591 -0.119741 0)
(0.626433 -0.148879 0)
(0.631573 -0.163653 0)
(0.642315 -0.172827 0)
(0.653539 -0.179144 0)
(0.662811 -0.183298 0)
(0.669634 -0.185586 0)
(0.673794 -0.186082 0)
(0.675182 -0.184782 0)
(0.673898 -0.18172 0)
(0.670188 -0.177001 0)
(0.66437 -0.170788 0)
(0.656793 -0.163288 0)
(0.647813 -0.154734 0)
(0.63778 -0.145373 0)
(0.627025 -0.135448 0)
(0.61585 -0.125192 0)
(0.604523 -0.114817 0)
(0.593273 -0.104507 0)
(0.58229 -0.0944185 0)
(0.571726 -0.0846784 0)
(0.561698 -0.0753844 0)
(0.552289 -0.0666082 0)
(0.543554 -0.0583977 0)
(0.535524 -0.0507808 0)
(0.52821 -0.0437687 0)
(0.521606 -0.037359 0)
(0.515694 -0.0315389 0)
(0.510445 -0.0262876 0)
(0.505825 -0.0215791 0)
(0.501791 -0.0173835 0)
(0.498303 -0.013669 0)
(0.495313 -0.0104032 0)
(0.492778 -0.00755364 0)
(0.490652 -0.00508892 0)
(0.816746 -0.119043 0)
(0.80936 -0.145218 0)
(0.799766 -0.16179 0)
(0.79194 -0.172365 0)
(0.784842 -0.178901 0)
(0.777137 -0.182226 0)
(0.768306 -0.182945 0)
(0.758089 -0.181494 0)
(0.746331 -0.178154 0)
(0.733051 -0.173148 0)
(0.718417 -0.166699 0)
(0.702687 -0.159042 0)
(0.686163 -0.150418 0)
(0.669155 -0.141071 0)
(0.651969 -0.131236 0)
(0.634887 -0.121135 0)
(0.618158 -0.110965 0)
(0.601993 -0.1009 0)
(0.586562 -0.0910853 0)
(0.571992 -0.0816367 0)
(0.558377 -0.0726436 0)
(0.545772 -0.06417 0)
(0.534204 -0.0562578 0)
(0.523678 -0.0489301 0)
(0.514175 -0.0421941 0)
(0.505663 -0.0360445 0)
(0.498097 -0.0304662 0)
(0.491424 -0.0254371 0)
(0.485587 -0.02093 0)
(0.480524 -0.0169144 0)
(0.476171 -0.0133583 0)
(0.472467 -0.010229 0)
(0.46935 -0.00749437 0)
(0.46676 -0.00512325 0)
(0.464642 -0.00308602 0)
(0.927649 -0.111736 0)
(0.914693 -0.13282 0)
(0.897484 -0.147958 0)
(0.878989 -0.158025 0)
(0.859811 -0.164074 0)
(0.839771 -0.166736 0)
(0.818843 -0.166569 0)
(0.797085 -0.164087 0)
(0.774573 -0.159713 0)
(0.751442 -0.153794 0)
(0.727909 -0.146642 0)
(0.704239 -0.138543 0)
(0.680715 -0.129763 0)
(0.657613 -0.120546 0)
(0.635186 -0.111107 0)
(0.613652 -0.101637 0)
(0.59319 -0.0922959 0)
(0.573937 -0.0832154 0)
(0.555988 -0.0744993 0)
(0.5394 -0.0662254 0)
(0.524195 -0.0584482 0)
(0.510366 -0.0512022 0)
(0.497885 -0.0445044 0)
(0.486702 -0.0383584 0)
(0.476756 -0.0327562 0)
(0.467975 -0.0276817 0)
(0.46028 -0.0231125 0)
(0.453592 -0.0190217 0)
(0.447828 -0.0153802 0)
(0.442907 -0.0121571 0)
(0.43875 -0.00932156 0)
(0.435281 -0.00684303 0)
(0.432428 -0.00469222 0)
(0.430123 -0.00284124 0)
(0.428301 -0.00126414 0)
(0.963022 -0.0989964 0)
(0.94506 -0.114909 0)
(0.922612 -0.126959 0)
(0.897514 -0.135054 0)
(0.870712 -0.139688 0)
(0.842621 -0.141299 0)
(0.813614 -0.140333 0)
(0.78406 -0.137262 0)
(0.754285 -0.132523 0)
(0.724592 -0.126495 0)
(0.695286 -0.119511 0)
(0.666665 -0.111862 0)
(0.638999 -0.103802 0)
(0.612523 -0.0955455 0)
(0.587428 -0.0872736 0)
(0.563858 -0.0791334 0)
(0.541915 -0.0712416 0)
(0.521654 -0.0636874 0)
(0.503094 -0.0565355 0)
(0.48622 -0.0498298 0)
(0.470992 -0.0435964 0)
(0.457347 -0.0378466 0)
(0.445206 -0.0325805 0)
(0.434481 -0.0277886 0)
(0.425076 -0.0234549 0)
(0.41689 -0.0195583 0)
(0.409824 -0.0160743 0)
(0.40378 -0.0129765 0)
(0.39866 -0.0102376 0)
(0.394374 -0.00783001 0)
(0.390835 -0.0057269 0)
(0.387961 -0.00390231 0)
(0.385676 -0.00233178 0)
(0.383908 -0.000992359 0)
(0.382594 0.000137033 0)
(0.926889 -0.0811585 0)
(0.904823 -0.0923511 0)
(0.878625 -0.100892 0)
(0.849482 -0.106474 0)
(0.81833 -0.109316 0)
(0.785841 -0.10974 0)
(0.75261 -0.108112 0)
(0.71919 -0.104832 0)
(0.686057 -0.10029 0)
(0.653617 -0.0948284 0)
(0.622217 -0.0887411 0)
(0.592145 -0.0822745 0)
(0.563634 -0.0756317 0)
(0.536854 -0.0689769 0)
(0.511922 -0.0624387 0)
(0.4889 -0.0561153 0)
(0.46781 -0.0500788 0)
(0.448634 -0.0443797 0)
(0.431324 -0.03905 0)
(0.415809 -0.0341077 0)
(0.402 -0.029559 0)
(0.389795 -0.0254012 0)
(0.379085 -0.0216246 0)
(0.369756 -0.0182147 0)
(0.361695 -0.0151533 0)
(0.35479 -0.01242 0)
(0.348932 -0.00999286 0)
(0.344017 -0.00784973 0)
(0.339948 -0.00596804 0)
(0.336631 -0.00432625 0)
(0.333982 -0.00290317 0)
(0.33192 -0.00167926 0)
(0.330374 -0.000635769 0)
(0.329275 0.000244128 0)
(0.328563 0.000976203 0)
(0.822581 -0.0595616 0)
(0.798262 -0.0666191 0)
(0.770423 -0.0718459 0)
(0.739959 -0.074993 0)
(0.707754 -0.0761859 0)
(0.674571 -0.0756786 0)
(0.641087 -0.073768 0)
(0.607904 -0.0707698 0)
(0.575522 -0.066985 0)
(0.544339 -0.0626738 0)
(0.51466 -0.0580495 0)
(0.486711 -0.0532824 0)
(0.460642 -0.0485058 0)
(0.436542 -0.0438209 0)
(0.414443 -0.0393021 0)
(0.394335 -0.0350015 0)
(0.376172 -0.030954 0)
(0.359882 -0.0271802 0)
(0.345373 -0.0236904 0)
(0.332541 -0.0204864 0)
(0.321272 -0.0175641 0)
(0.311448 -0.0149148 0)
(0.302952 -0.0125271 0)
(0.295665 -0.0103866 0)
(0.289475 -0.00847851 0)
(0.284274 -0.00678653 0)
(0.279958 -0.00529468 0)
(0.276431 -0.00398669 0)
(0.273604 -0.00284714 0)
(0.271395 -0.00186087 0)
(0.269727 -0.00101389 0)
(0.26853 -0.000292781 0)
(0.26774 0.000314507 0)
(0.267301 0.000819333 0)
(0.267159 0.00123165 0)
(0.654773 -0.0365148 0)
(0.631139 -0.0401673 0)
(0.604835 -0.0426742 0)
(0.576628 -0.0439162 0)
(0.54732 -0.0439973 0)
(0.517633 -0.0431095 0)
(0.488193 -0.0414638 0)
(0.459516 -0.0392681 0)
(0.432007 -0.0367098 0)
(0.40596 -0.0339422 0)
(0.381573 -0.0310841 0)
(0.358967 -0.0282244 0)
(0.338199 -0.0254283 0)
(0.319276 -0.0227419 0)
(0.302165 -0.0201962 0)
(0.286804 -0.0178104 0)
(0.27311 -0.0155948 0)
(0.260988 -0.0135532 0)
(0.250333 -0.0116849 0)
(0.241034 -0.00998553 0)
(0.232983 -0.0084488 0)
(0.22607 -0.00706661 0)
(0.220189 -0.00583016 0)
(0.215239 -0.0047298 0)
(0.211125 -0.00375594 0)
(0.207755 -0.00289868 0)
(0.205047 -0.0021486 0)
(0.202922 -0.00149631 0)
(0.201308 -0.000933098 0)
(0.200142 -0.000450468 0)
(0.199362 -4.074e-05 0)
(0.198914 0.000303452 0)
(0.198751 0.000588619 0)
(0.198827 0.000820916 0)
(0.199102 0.00100567 0)
(0.430654 -0.0158522 0)
(0.411863 -0.0170966 0)
(0.391472 -0.0178035 0)
(0.370095 -0.0179574 0)
(0.348351 -0.0176388 0)
(0.32678 -0.0169579 0)
(0.305813 -0.0160195 0)
(0.28578 -0.0149162 0)
(0.26691 -0.0137238 0)
(0.24935 -0.0125002 0)
(0.233175 -0.0112863 0)
(0.218412 -0.0101102 0)
(0.205046 -0.00899053 0)
(0.193037 -0.00793894 0)
(0.182325 -0.00696145 0)
(0.172834 -0.00606068 0)
(0.164485 -0.00523617 0)
(0.157194 -0.00448622 0)
(0.150874 -0.00380757 0)
(0.145441 -0.00319679 0)
(0.140814 -0.0026496 0)
(0.136914 -0.00216202 0)
(0.133667 -0.00172952 0)
(0.131003 -0.0013481 0)
(0.128857 -0.00101336 0)
(0.127168 -0.000721556 0)
(0.125881 -0.000468617 0)
(0.124945 -0.000251179 0)
(0.124313 -6.55893e-05 0)
(0.123944 9.10632e-05 0)
(0.123798 0.000221968 0)
(0.123843 0.000329555 0)
(0.124045 0.00041651 0)
(0.124378 0.000484803 0)
(0.124817 0.000536641 0)
(0.159439 -0.00183149 0)
(0.150916 -0.00188985 0)
(0.141908 -0.00187419 0)
(0.13271 -0.0017931 0)
(0.123599 -0.00166777 0)
(0.114789 -0.00151837 0)
(0.106433 -0.00135972 0)
(0.0986311 -0.00120228 0)
(0.0914385 -0.00105261 0)
(0.0848781 -0.000913858 0)
(0.0789481 -0.00078702 0)
(0.0736311 -0.000672116 0)
(0.0688989 -0.000568877 0)
(0.0647171 -0.000476838 0)
(0.0610473 -0.000395375 0)
(0.0578497 -0.000323677 0)
(0.0550843 -0.000260861 0)
(0.0527123 -0.000206009 0)
(0.0506962 -0.000158283 0)
(0.0490008 -0.000116897 0)
(0.0475927 -8.11913e-05 0)
(0.0464408 -5.05527e-05 0)
(0.0455164 -2.44711e-05 0)
(0.0447928 -2.45875e-06 0)
(0.0442454 1.58963e-05 0)
(0.043852 3.10007e-05 0)
(0.043592 4.3197e-05 0)
(0.043447 5.28291e-05 0)
(0.0434001 6.01855e-05 0)
(0.0434363 6.55641e-05 0)
(0.0435419 6.92055e-05 0)
(0.0437048 7.13587e-05 0)
(0.0439142 7.22233e-05 0)
(0.0441603 7.20044e-05 0)
(0.0444345 7.08595e-05 0)
(0.0553601 -8.66736e-06 0)
(0.0554589 2.0211e-06 0)
(0.0554805 9.88917e-06 0)
(0.0554417 1.53794e-05 0)
(0.0553574 1.88448e-05 0)
(0.0552408 2.06136e-05 0)
(0.0551035 2.09282e-05 0)
(0.0549558 2.00051e-05 0)
(0.0548068 1.79849e-05 0)
(0.0546645 1.49877e-05 0)
(0.150471 -0.000307136 0)
(0.150896 -0.000134679 0)
(0.15111 2.76547e-06 0)
(0.151154 0.000108983 0)
(0.151065 0.000187488 0)
(0.150877 0.000241481 0)
(0.150619 0.000273794 0)
(0.150317 0.000286881 0)
(0.149997 0.000282803 0)
(0.149678 0.000263243 0)
(0.233525 -0.00108229 0)
(0.234304 -0.000614594 0)
(0.234767 -0.000234362 0)
(0.234972 6.69994e-05 0)
(0.234969 0.000297567 0)
(0.234805 0.00046482 0)
(0.234523 0.00057549 0)
(0.23416 0.000635518 0)
(0.233753 0.000649982 0)
(0.233332 0.000623115 0)
(0.304939 -0.00224196 0)
(0.305993 -0.00138269 0)
(0.306671 -0.000675256 0)
(0.307036 -0.000105952 0)
(0.307145 0.000338306 0)
(0.307051 0.000669767 0)
(0.306803 0.000899632 0)
(0.306444 0.00103789 0)
(0.306016 0.00109325 0)
(0.305555 0.00107302 0)
(0.365243 -0.00363189 0)
(0.366397 -0.00234555 0)
(0.367168 -0.00127628 0)
(0.367615 -0.000405856 0)
(0.367794 0.000283302 0)
(0.367757 0.000807777 0)
(0.367551 0.00118287 0)
(0.36722 0.00142238 0)
(0.366806 0.00153844 0)
(0.366347 0.0015414 0)
(0.414886 -0.00500165 0)
(0.415912 -0.00331199 0)
(0.416599 -0.00189743 0)
(0.416998 -0.000736236 0)
(0.417156 0.00019276 0)
(0.417116 0.000909576 0)
(0.41692 0.00143276 0)
(0.416607 0.00177913 0)
(0.416213 0.00196358 0)
(0.415772 0.00199895 0)
(0.454111 -0.00607974 0)
(0.454784 -0.00406329 0)
(0.455207 -0.00236714 0)
(0.455416 -0.000966952 0)
(0.455445 0.000160916 0)
(0.455326 0.00103884 0)
(0.455089 0.00168755 0)
(0.454763 0.00212582 0)
(0.454376 0.00237037 0)
(0.453954 0.00243566 0)
(0.482894 -0.00663959 0)
(0.483053 -0.00441171 0)
(0.483078 -0.00253313 0)
(0.48299 -0.000977818 0)
(0.482807 0.000279354 0)
(0.482546 0.00126202 0)
(0.482225 0.00199193 0)
(0.48186 0.00248879 0)
(0.481466 0.00277009 0)
(0.481061 0.00285096 0)
(0.501004 -0.00655266 0)
(0.500588 -0.00424919 0)
(0.500167 -0.00230656 0)
(0.499742 -0.000697865 0)
(0.499318 0.000602571 0)
(0.498896 0.00161858 0)
(0.498479 0.00237193 0)
(0.49807 0.00288224 0)
(0.497674 0.00316682 0)
(0.497295 0.00324061 0)
(0.508135 -0.00581683 0)
(0.5072 -0.00357486 0)
(0.506381 -0.00168818 0)
(0.505664 -0.00012983 0)
(0.505037 0.00112541 0)
(0.504488 0.00210066 0)
(0.504008 0.00281685 0)
(0.503587 0.00329264 0)
(0.503217 0.0035444 0)
(0.502892 0.00358612 0)
(0.504082 -0.00455375 0)
(0.502786 -0.00249467 0)
(0.501705 -0.00076984 0)
(0.500812 0.000646764 0)
(0.500083 0.00177897 0)
(0.499494 0.00264838 0)
(0.499024 0.00327436 0)
(0.498652 0.00367398 0)
(0.498362 0.00386203 0)
(0.498137 0.00385098 0)
(0.488892 -0.00297905 0)
(0.487456 -0.00119579 0)
(0.486305 0.000287138 0)
(0.4854 0.00149366 0)
(0.484708 0.00244547 0)
(0.484195 0.003162 0)
(0.483832 0.00366044 0)
(0.483591 0.00395575 0)
(0.483447 0.0040607 0)
(0.483377 0.00398592 0)
(0.462939 -0.00135496 0)
(0.461603 9.56428e-05 0)
(0.460584 0.0012891 0)
(0.45984 0.00224652 0)
(0.459327 0.00298676 0)
(0.459009 0.00352654 0)
(0.458851 0.0038804 0)
(0.458818 0.00406087 0)
(0.458881 0.00407844 0)
(0.459012 0.00394171 0)
(0.426903 6.31713e-05 0)
(0.425874 0.00116242 0)
(0.425162 0.00205334 0)
(0.424719 0.00275345 0)
(0.424501 0.00327836 0)
(0.424468 0.00364159 0)
(0.424582 0.00385488 0)
(0.424808 0.00392807 0)
(0.425113 0.00386938 0)
(0.425468 0.00368525 0)
(0.381671 0.0010756 0)
(0.381085 0.0018406 0)
(0.380785 0.00244756 0)
(0.380723 0.00291014 0)
(0.380857 0.00324033 0)
(0.381146 0.00344842 0)
(0.381553 0.00354322 0)
(0.382044 0.003532 0)
(0.382587 0.00342069 0)
(0.383153 0.00321384 0)
(0.328181 0.00157425 0)
(0.328078 0.00205111 0)
(0.328207 0.0024177 0)
(0.328525 0.002684 0)
(0.328994 0.00285823 0)
(0.329575 0.00294781 0)
(0.330237 0.00295856 0)
(0.330947 0.00289561 0)
(0.331676 0.00276268 0)
(0.332398 0.00256287 0)
(0.267267 0.00156074 0)
(0.267582 0.00181452 0)
(0.268063 0.00200027 0)
(0.268675 0.00212398 0)
(0.269385 0.0021911 0)
(0.270163 0.00220591 0)
(0.27098 0.00217223 0)
(0.271811 0.00209287 0)
(0.272631 0.00197021 0)
(0.273417 0.00180574 0)
(0.199541 0.00114784 0)
(0.20011 0.00125161 0)
(0.20078 0.0013208 0)
(0.201523 0.00135852 0)
(0.202317 0.00136759 0)
(0.203137 0.00135015 0)
(0.203963 0.00130814 0)
(0.204776 0.00124288 0)
(0.205557 0.0011555 0)
(0.206289 0.00104663 0)
(0.125338 0.00057354 0)
(0.125923 0.000597245 0)
(0.126552 0.000608857 0)
(0.127209 0.0006097 0)
(0.127879 0.000600509 0)
(0.128548 0.000582235 0)
(0.129203 0.000555298 0)
(0.129834 0.000520327 0)
(0.130427 0.000477469 0)
(0.130973 0.00042707 0)
(0.0447291 6.89495e-05 0)
(0.0450371 6.63897e-05 0)
(0.0453524 6.3298e-05 0)
(0.0456693 5.97488e-05 0)
(0.0459828 5.58186e-05 0)
(0.0462882 5.15429e-05 0)
(0.0465811 4.69599e-05 0)
(0.0468575 4.20697e-05 0)
(0.0471134 3.68762e-05 0)
(0.0473451 3.13482e-05 0)
(0.0545365 1.10673e-05 0)
(0.0544295 6.26164e-06 0)
(0.0543499 5.49634e-07 0)
(0.0543042 -6.10345e-06 0)
(0.0542984 -1.37896e-05 0)
(0.0543392 -2.26178e-05 0)
(0.0544335 -3.27542e-05 0)
(0.0545886 -4.4387e-05 0)
(0.054813 -5.77755e-05 0)
(0.0551163 -7.32179e-05 0)
(0.0555094 -9.11049e-05 0)
(0.0560051 -0.000111891 0)
(0.0566186 -0.00013616 0)
(0.0573678 -0.0001646 0)
(0.0582742 -0.000198084 0)
(0.0593634 -0.000237657 0)
(0.0606661 -0.000284627 0)
(0.0622195 -0.000340562 0)
(0.0640678 -0.000407397 0)
(0.0662646 -0.000487426 0)
(0.0688736 -0.000583388 0)
(0.0719708 -0.000698409 0)
(0.0756455 -0.000835975 0)
(0.0800019 -0.000999659 0)
(0.0851581 -0.00119275 0)
(0.0912447 -0.0014174 0)
(0.0983992 -0.00167344 0)
(0.106755 -0.00195644 0)
(0.116424 -0.00225523 0)
(0.12747 -0.00254872 0)
(0.139867 -0.0028032 0)
(0.153455 -0.00297117 0)
(0.167888 -0.00299483 0)
(0.182593 -0.00281718 0)
(0.196783 -0.0024051 0)
(0.149381 0.000229502 0)
(0.149124 0.000182518 0)
(0.148924 0.000122853 0)
(0.148797 5.07151e-05 0)
(0.148761 -3.40739e-05 0)
(0.148831 -0.000132075 0)
(0.149026 -0.000244258 0)
(0.149362 -0.000372044 0)
(0.149862 -0.00051737 0)
(0.150548 -0.000682755 0)
(0.151445 -0.000871395 0)
(0.152585 -0.00108728 0)
(0.154001 -0.00133534 0)
(0.155734 -0.0016216 0)
(0.157833 -0.00195342 0)
(0.160355 -0.00233974 0)
(0.163368 -0.00279134 0)
(0.166952 -0.00332117 0)
(0.171203 -0.00394464 0)
(0.176234 -0.00467987 0)
(0.18218 -0.00554781 0)
(0.189196 -0.00657212 0)
(0.197465 -0.00777841 0)
(0.207196 -0.00919277 0)
(0.218624 -0.0108389 0)
(0.232006 -0.0127332 0)
(0.247613 -0.0148771 0)
(0.265708 -0.0172458 0)
(0.286521 -0.0197736 0)
(0.310201 -0.0223347 0)
(0.336755 -0.0247254 0)
(0.365959 -0.0266515 0)
(0.397269 -0.0277363 0)
(0.42972 -0.0275677 0)
(0.461896 -0.0258156 0)
(0.232926 0.000558266 0)
(0.232562 0.000457942 0)
(0.232266 0.00032376 0)
(0.232062 0.000156487 0)
(0.231974 -4.40341e-05 0)
(0.232026 -0.000278868 0)
(0.232242 -0.000550086 0)
(0.232649 -0.000860819 0)
(0.233275 -0.00121544 0)
(0.234151 -0.00161967 0)
(0.235311 -0.00208083 0)
(0.236797 -0.00260801 0)
(0.238652 -0.00321248 0)
(0.240931 -0.00390795 0)
(0.243695 -0.0047111 0)
(0.247016 -0.00564198 0)
(0.250981 -0.00672468 0)
(0.25569 -0.00798785 0)
(0.26126 -0.00946529 0)
(0.26783 -0.0111964 0)
(0.275563 -0.0132263 0)
(0.284646 -0.0156057 0)
(0.295298 -0.0183889 0)
(0.307767 -0.0216316 0)
(0.322333 -0.0253847 0)
(0.339305 -0.0296853 0)
(0.359012 -0.0345424 0)
(0.381789 -0.0399154 0)
(0.407951 -0.0456846 0)
(0.43775 -0.0516141 0)
(0.471309 -0.0573095 0)
(0.50852 -0.0621819 0)
(0.548917 -0.0654416 0)
(0.591503 -0.0661595 0)
(0.634616 -0.0634942 0)
(0.305097 0.000983181 0)
(0.304673 0.000828262 0)
(0.304314 0.000611392 0)
(0.304048 0.000334236 0)
(0.303905 -3.03644e-06 0)
(0.303912 -0.000401835 0)
(0.304098 -0.000865221 0)
(0.304493 -0.00139808 0)
(0.305129 -0.0020073 0)
(0.306042 -0.00270207 0)
(0.307269 -0.00349415 0)
(0.308855 -0.00439823 0)
(0.310847 -0.00543246 0)
(0.313304 -0.00661894 0)
(0.31629 -0.00798441 0)
(0.319882 -0.00956096 0)
(0.324166 -0.0113869 0)
(0.329248 -0.0135076 0)
(0.335246 -0.0159763 0)
(0.342302 -0.0188548 0)
(0.350577 -0.0222138 0)
(0.360263 -0.0261325 0)
(0.371576 -0.0306966 0)
(0.38477 -0.0359949 0)
(0.400132 -0.0421114 0)
(0.417986 -0.0491137 0)
(0.438695 -0.0570331 0)
(0.462652 -0.0658348 0)
(0.49027 -0.0753748 0)
(0.52195 -0.0853412 0)
(0.558026 -0.0951784 0)
(0.598657 -0.104003 0)
(0.643645 -0.110542 0)
(0.692122 -0.113149 0)
(0.742215 -0.11013 0)
(0.365878 0.00143981 0)
(0.365432 0.00124031 0)
(0.365041 0.000947612 0)
(0.364735 0.000564454 0)
(0.364545 9.14891e-05 0)
(0.364498 -0.000472809 0)
(0.364626 -0.00113229 0)
(0.364958 -0.0018933 0)
(0.365528 -0.00276502 0)
(0.366369 -0.00375973 0)
(0.367521 -0.00489327 0)
(0.369024 -0.00618546 0)
(0.370927 -0.0076608 0)
(0.373283 -0.00934907 0)
(0.376154 -0.0112863 0)
(0.379611 -0.0135155 0)
(0.383734 -0.0160879 0)
(0.388618 -0.0190642 0)
(0.394373 -0.0225154 0)
(0.401125 -0.0265238 0)
(0.409022 -0.0311842 0)
(0.418236 -0.036603 0)
(0.428967 -0.0428978 0)
(0.441451 -0.0501932 0)
(0.455962 -0.0586142 0)
(0.472825 -0.0682736 0)
(0.492424 -0.0792512 0)
(0.515212 -0.0915592 0)
(0.541721 -0.105089 0)
(0.572557 -0.119532 0)
(0.608369 -0.134255 0)
(0.649752 -0.148139 0)
(0.697004 -0.159373 0)
(0.74957 -0.165264 0)
(0.805263 -0.16257 0)
(0.415315 0.00189591 0)
(0.414875 0.00166291 0)
(0.414478 0.00130604 0)
(0.414155 0.000828994 0)
(0.413933 0.000232939 0)
(0.413838 -0.000483657 0)
(0.413899 -0.0013252 0)
(0.414143 -0.00229922 0)
(0.414601 -0.00341668 0)
(0.415303 -0.00469242 0)
(0.416285 -0.00614562 0)
(0.417583 -0.00780034 0)
(0.419238 -0.00968629 0)
(0.421298 -0.0118396 0)
(0.423814 -0.0143039 0)
(0.426846 -0.0171313 0)
(0.430462 -0.0203837 0)
(0.434741 -0.0241343 0)
(0.439773 -0.0284691 0)
(0.445661 -0.033488 0)
(0.452528 -0.0393067 0)
(0.460517 -0.0460574 0)
(0.469796 -0.0538886 0)
(0.480569 -0.062964 0)
(0.493084 -0.0734584 0)
(0.50765 -0.0855482 0)
(0.524659 -0.0993947 0)
(0.544614 -0.115113 0)
(0.568169 -0.132716 0)
(0.596172 -0.152016 0)
(0.629684 -0.172458 0)
(0.669927 -0.192817 0)
(0.718044 -0.210729 0)
(0.774128 -0.221947 0)
(0.835686 -0.22029 0)
(0.453521 0.00233379 0)
(0.453103 0.00207439 0)
(0.452722 0.0016645 0)
(0.452402 0.00110847 0)
(0.452165 0.000407777 0)
(0.452034 -0.000439109 0)
(0.452032 -0.00143703 0)
(0.452181 -0.00259436 0)
(0.452507 -0.00392344 0)
(0.453034 -0.00544098 0)
(0.453791 -0.00716863 0)
(0.454807 -0.00913359 0)
(0.456114 -0.0113694 0)
(0.457749 -0.0139169 0)
(0.45975 -0.0168252 0)
(0.462164 -0.0201531 0)
(0.465041 -0.0239703 0)
(0.468438 -0.0283595 0)
(0.472421 -0.0334177 0)
(0.477066 -0.0392588 0)
(0.482461 -0.0460154 0)
(0.488711 -0.0538417 0)
(0.495944 -0.0629154 0)
(0.504317 -0.0734399 0)
(0.514033 -0.0856456 0)
(0.525361 -0.0997883 0)
(0.538669 -0.116144 0)
(0.554474 -0.134992 0)
(0.573518 -0.156572 0)
(0.596868 -0.180992 0)
(0.626035 -0.208015 0)
(0.663031 -0.236578 0)
(0.710218 -0.263808 0)
(0.768804 -0.283013 0)
(0.836304 -0.282237 0)
(0.48066 0.00274409 0)
(0.480277 0.00245957 0)
(0.47993 0.00200481 0)
(0.479632 0.00138434 0)
(0.4794 0.000599714 0)
(0.479249 -0.000350754 0)
(0.479195 -0.00147227 0)
(0.479254 -0.00277384 0)
(0.479445 -0.00426872 0)
(0.479783 -0.00597485 0)
(0.480289 -0.00791544 0)
(0.480982 -0.0101196 0)
(0.481883 -0.0126234 0)
(0.483017 -0.0154703 0)
(0.484408 -0.0187129 0)
(0.486085 -0.0224138 0)
(0.488077 -0.0266477 0)
(0.490419 -0.0315026 0)
(0.493149 -0.0370827 0)
(0.49631 -0.0435107 0)
(0.499953 -0.0509311 0)
(0.504136 -0.0595143 0)
(0.508937 -0.0694613 0)
(0.514452 -0.0810108 0)
(0.520815 -0.0944468 0)
(0.52822 -0.11011 0)
(0.536958 -0.128409 0)
(0.54748 -0.149837 0)
(0.560505 -0.174969 0)
(0.57719 -0.204424 0)
(0.599381 -0.238674 0)
(0.629868 -0.277416 0)
(0.672499 -0.317741 0)
(0.729755 -0.349423 0)
(0.799308 -0.348398 0)
(0.496938 0.00311606 0)
(0.496609 0.00280303 0)
(0.496314 0.00230866 0)
(0.49606 0.00163726 0)
(0.495853 0.000790093 0)
(0.495701 -0.000234828 0)
(0.495612 -0.00144307 0)
(0.495595 -0.00284406 0)
(0.495657 -0.00445156 0)
(0.495807 -0.00628413 0)
(0.496055 -0.00836564 0)
(0.49641 -0.0107261 0)
(0.49688 -0.0134022 0)
(0.497477 -0.0164385 0)
(0.498209 -0.0198888 0)
(0.499087 -0.0238169 0)
(0.500119 -0.0282987 0)
(0.501315 -0.033424 0)
(0.502683 -0.0392993 0)
(0.504233 -0.0460502 0)
(0.505973 -0.0538263 0)
(0.507914 -0.0628058 0)
(0.51007 -0.073203 0)
(0.512466 -0.0852793 0)
(0.515144 -0.0993578 0)
(0.518181 -0.115847 0)
(0.521718 -0.135275 0)
(0.526016 -0.158341 0)
(0.531559 -0.18599 0)
(0.539237 -0.219484 0)
(0.550685 -0.260382 0)
(0.568794 -0.310009 0)
(0.598359 -0.367009 0)
(0.642938 -0.41898 0)
(0.701307 -0.422711 0)
(0.502607 0.00342935 0)
(0.502357 0.00308312 0)
(0.50214 0.00255383 0)
(0.501953 0.00184513 0)
(0.501795 0.000957744 0)
(0.501663 -0.000110732 0)
(0.501559 -0.0013662 0)
(0.501481 -0.00281833 0)
(0.501428 -0.004481 0)
(0.5014 -0.00637274 0)
(0.501396 -0.00851729 0)
(0.501415 -0.0109443 0)
(0.501452 -0.0136899 0)
(0.501505 -0.016798 0)
(0.501566 -0.020321 0)
(0.501628 -0.0243213 0)
(0.501679 -0.028873 0)
(0.501704 -0.0340635 0)
(0.501682 -0.0399964 0)
(0.501587 -0.0467943 0)
(0.501388 -0.0546034 0)
(0.501045 -0.0635994 0)
(0.500507 -0.0739958 0)
(0.49972 -0.0860566 0)
(0.498618 -0.100116 0)
(0.497131 -0.116606 0)
(0.495192 -0.13611 0)
(0.492749 -0.159432 0)
(0.489792 -0.187723 0)
(0.486405 -0.222635 0)
(0.482867 -0.266456 0)
(0.479867 -0.321762 0)
(0.479078 -0.388818 0)
(0.481359 -0.455033 0)
(0.492331 -0.461559 0)
(0.497964 0.00365101 0)
(0.497828 0.00326989 0)
(0.497719 0.00271294 0)
(0.497626 0.0019829 0)
(0.497539 0.00107982 0)
(0.497449 7.85984e-07 0)
(0.497348 -0.00126034 0)
(0.497226 -0.00271321 0)
(0.497074 -0.00437142 0)
(0.496883 -0.00625292 0)
(0.496641 -0.00838047 0)
(0.496337 -0.0107823 0)
(0.495955 -0.0134928 0)
(0.495479 -0.0165533 0)
(0.494887 -0.0200132 0)
(0.494154 -0.0239307 0)
(0.493249 -0.028375 0)
(0.492134 -0.0334274 0)
(0.490761 -0.0391836 0)
(0.489075 -0.0457572 0)
(0.487004 -0.0532828 0)
(0.484461 -0.0619226 0)
(0.481339 -0.0718735 0)
(0.477505 -0.0833794 0)
(0.472792 -0.0967494 0)
(0.466987 -0.112385 0)
(0.459813 -0.130824 0)
(0.450888 -0.152803 0)
(0.439652 -0.179347 0)
(0.4252 -0.211849 0)
(0.405904 -0.251997 0)
(0.378494 -0.300942 0)
(0.335551 -0.355533 0)
(0.260571 -0.393107 0)
(0.132985 -0.304668 0)
(0.483359 0.00373988 0)
(0.483373 0.00332886 0)
(0.4834 0.00275693 0)
(0.483424 0.00202585 0)
(0.483429 0.00113492 0)
(0.483397 8.0834e-05 0)
(0.483313 -0.00114264 0)
(0.483161 -0.00254487 0)
(0.482925 -0.00413874 0)
(0.482587 -0.00594103 0)
(0.482126 -0.00797282 0)
(0.481521 -0.01026 0)
(0.480747 -0.012834 0)
(0.479776 -0.0157321 0)
(0.478572 -0.018999 0)
(0.477097 -0.0226867 0)
(0.475302 -0.0268567 0)
(0.47313 -0.0315809 0)
(0.470511 -0.0369434 0)
(0.467364 -0.043043 0)
(0.463584 -0.0499965 0)
(0.459049 -0.0579426 0)
(0.453603 -0.0670487 0)
(0.447056 -0.0775197 0)
(0.439164 -0.0896107 0)
(0.429612 -0.103645 0)
(0.417981 -0.120041 0)
(0.403684 -0.139333 0)
(0.385864 -0.162183 0)
(0.363179 -0.189279 0)
(0.333394 -0.220886 0)
(0.292555 -0.255336 0)
(0.233582 -0.284649 0)
(0.149376 -0.282988 0)
(0.0384804 -0.182467 0)
(0.459184 0.00365729 0)
(0.459373 0.00322997 0)
(0.459556 0.00266253 0)
(0.45971 0.00195579 0)
(0.459815 0.00110842 0)
(0.459848 0.000116865 0)
(0.459789 -0.00102495 0)
(0.459616 -0.00232578 0)
(0.459307 -0.0037974 0)
(0.458836 -0.00545486 0)
(0.458177 -0.00731693 0)
(0.457301 -0.00940641 0)
(0.456174 -0.0117507 0)
(0.454758 -0.0143822 0)
(0.453009 -0.0173391 0)
(0.450876 -0.0206659 0)
(0.448296 -0.0244145 0)
(0.4452 -0.028645 0)
(0.441501 -0.0334269 0)
(0.437097 -0.038841 0)
(0.431865 -0.0449813 0)
(0.425656 -0.0519578 0)
(0.418287 -0.0599008 0)
(0.409534 -0.0689654 0)
(0.399113 -0.0793391 0)
(0.386665 -0.0912488 0)
(0.371719 -0.104966 0)
(0.353639 -0.120798 0)
(0.331534 -0.139026 0)
(0.304112 -0.1597 0)
(0.269439 -0.182046 0)
(0.224611 -0.202978 0)
(0.165953 -0.213783 0)
(0.0943737 -0.193895 0)
(0.0172452 -0.106353 0)
(0.425843 0.00338063 0)
(0.426213 0.00295875 0)
(0.42655 0.00242134 0)
(0.42683 0.00176835 0)
(0.427029 0.000998108 0)
(0.427122 0.000106981 0)
(0.427085 -0.000910621 0)
(0.426891 -0.00206255 0)
(0.426515 -0.00335903 0)
(0.425927 -0.00481302 0)
(0.425095 -0.00644036 0)
(0.423986 -0.00826023 0)
(0.422559 -0.0102953 0)
(0.42077 -0.0125723 0)
(0.418568 -0.0151223 0)
(0.415894 -0.017981 0)
(0.412679 -0.0211898 0)
(0.408843 -0.0247958 0)
(0.40429 -0.0288527 0)
(0.398909 -0.0334217 0)
(0.392568 -0.0385728 0)
(0.385107 -0.0443857 0)
(0.376334 -0.0509522 0)
(0.36602 -0.0583776 0)
(0.353878 -0.0667832 0)
(0.339559 -0.0763053 0)
(0.322617 -0.0870872 0)
(0.302482 -0.0992477 0)
(0.278401 -0.11279 0)
(0.249373 -0.127366 0)
(0.214075 -0.141737 0)
(0.170904 -0.152659 0)
(0.118801 -0.152953 0)
(0.0618236 -0.1292 0)
(0.0096192 -0.0639019 0)
(0.383712 0.00291479 0)
(0.384237 0.00252553 0)
(0.384703 0.00204684 0)
(0.385084 0.00147817 0)
(0.385353 0.000817641 0)
(0.385487 6.18985e-05 0)
(0.385458 -0.000793936 0)
(0.385239 -0.00175646 0)
(0.384802 -0.00283408 0)
(0.384116 -0.00403729 0)
(0.383145 -0.00537874 0)
(0.381854 -0.00687355 0)
(0.3802 -0.00853944 0)
(0.378135 -0.010397 0)
(0.375605 -0.0124699 0)
(0.372548 -0.014785 0)
(0.368892 -0.0173728 0)
(0.364555 -0.0202676 0)
(0.35944 -0.0235076 0)
(0.353436 -0.0271353 0)
(0.346411 -0.0311978 0)
(0.338211 -0.0357473 0)
(0.328655 -0.0408412 0)
(0.317528 -0.0465425 0)
(0.304576 -0.0529184 0)
(0.289493 -0.0600362 0)
(0.271912 -0.0679482 0)
(0.251388 -0.0766529 0)
(0.227378 -0.0859988 0)
(0.199237 -0.0954739 0)
(0.166252 -0.10379 0)
(0.127848 -0.108181 0)
(0.0844781 -0.103513 0)
(0.0408471 -0.0820067 0)
(0.00551687 -0.0368253 0)
(0.333085 0.00229799 0)
(0.333713 0.00196923 0)
(0.334257 0.00157659 0)
(0.334692 0.00111939 0)
(0.334994 0.000595697 0)
(0.335139 2.82683e-06 0)
(0.335101 -0.000663299 0)
(0.334853 -0.00140765 0)
(0.334367 -0.00223677 0)
(0.333611 -0.00315837 0)
(0.332552 -0.00418194 0)
(0.331152 -0.00531838 0)
(0.329371 -0.00658056 0)
(0.32716 -0.00798296 0)
(0.324467 -0.00954223 0)
(0.321231 -0.0112768 0)
(0.317384 -0.0132072 0)
(0.312847 -0.0153559 0)
(0.307529 -0.0177476 0)
(0.301328 -0.0204083 0)
(0.294124 -0.0233664 0)
(0.285781 -0.0266513 0)
(0.276141 -0.0302942 0)
(0.265025 -0.0343268 0)
(0.252226 -0.0387798 0)
(0.237505 -0.043677 0)
(0.220594 -0.0490208 0)
(0.201187 -0.0547543 0)
(0.178955 -0.0606779 0)
(0.15357 -0.0662827 0)
(0.124802 -0.0704681 0)
(0.0927589 -0.0711617 0)
(0.0586068 -0.065055 0)
(0.0265819 -0.048183 0)
(0.00313913 -0.0192872 0)
(0.274147 0.00160057 0)
(0.274798 0.00135498 0)
(0.27535 0.00106885 0)
(0.275782 0.000741268 0)
(0.276072 0.000370873 0)
(0.276197 -4.45541e-05 0)
(0.276136 -0.000507729 0)
(0.275863 -0.00102229 0)
(0.275353 -0.00159252 0)
(0.274578 -0.00222374 0)
(0.273505 -0.00292207 0)
(0.272102 -0.00369474 0)
(0.270331 -0.00454984 0)
(0.268148 -0.00549667 0)
(0.265505 -0.00654537 0)
(0.26235 -0.00770724 0)
(0.25862 -0.00899431 0)
(0.254247 -0.0104196 0)
(0.249155 -0.0119964 0)
(0.243255 -0.0137389 0)
(0.236449 -0.0156608 0)
(0.228628 -0.0177761 0)
(0.219669 -0.0200982 0)
(0.209434 -0.0226397 0)
(0.197771 -0.0254107 0)
(0.184516 -0.028415 0)
(0.169492 -0.0316377 0)
(0.15252 -0.0350159 0)
(0.133439 -0.0383749 0)
(0.11216 -0.0413109 0)
(0.0887703 -0.0430157 0)
(0.0637596 -0.0421016 0)
(0.0385087 -0.0366398 0)
(0.0163655 -0.0249641 0)
(0.0016614 -0.00835567 0)
(0.206955 0.000916691 0)
(0.207537 0.00076564 0)
(0.208021 0.00059325 0)
(0.208388 0.000398828 0)
(0.208623 0.000181476 0)
(0.208707 -6.01831e-05 0)
(0.208622 -0.000327766 0)
(0.208348 -0.000623381 0)
(0.207864 -0.000949445 0)
(0.207147 -0.00130894 0)
(0.20617 -0.00170521 0)
(0.204908 -0.00214217 0)
(0.203327 -0.0026241 0)
(0.201394 -0.00315583 0)
(0.199069 -0.00374251 0)
(0.19631 -0.00438975 0)
(0.193068 -0.00510329 0)
(0.18929 -0.00588908 0)
(0.184917 -0.00675294 0)
(0.179884 -0.00770052 0)
(0.174117 -0.00873691 0)
(0.16754 -0.0098667 0)
(0.160067 -0.0110937 0)
(0.151606 -0.012421 0)
(0.14206 -0.0138507 0)
(0.131327 -0.0153811 0)
(0.119307 -0.0170005 0)
(0.105909 -0.0186677 0)
(0.091082 -0.0202717 0)
(0.0748697 -0.021559 0)
(0.0575179 -0.0220358 0)
(0.0396553 -0.0208969 0)
(0.0225892 -0.0171427 0)
(0.00872961 -0.0102667 0)
(0.000649128 -0.00219403 0)
(0.131461 0.000369041 0)
(0.13188 0.000303469 0)
(0.13222 0.000230039 0)
(0.132471 0.000148586 0)
(0.13262 5.85587e-05 0)
(0.132657 -4.04657e-05 0)
(0.132569 -0.000149284 0)
(0.132342 -0.000268578 0)
(0.131963 -0.000399429 0)
(0.131416 -0.000542844 0)
(0.130683 -0.000700215 0)
(0.129745 -0.000872859 0)
(0.128581 -0.00106246 0)
(0.127168 -0.00127061 0)
(0.125479 -0.00149919 0)
(0.123487 -0.00174995 0)
(0.12116 -0.00202479 0)
(0.118464 -0.00232536 0)
(0.115361 -0.00265326 0)
(0.111811 -0.00300969 0)
(0.107771 -0.00339555 0)
(0.103195 -0.00381127 0)
(0.0980368 -0.00425703 0)
(0.0922454 -0.00473279 0)
(0.0857702 -0.00523867 0)
(0.0785598 -0.00577444 0)
(0.0705647 -0.006337 0)
(0.0617463 -0.00691233 0)
(0.0520977 -0.00745674 0)
(0.0416928 -0.00786278 0)
(0.0307772 -0.00791349 0)
(0.0199092 -0.00725318 0)
(0.0101313 -0.00545941 0)
(0.00302514 -0.00243794 0)
(-9.05969e-05 0.000415586 0)
(0.0475488 2.54603e-05 0)
(0.0477208 1.91545e-05 0)
(0.0478573 1.23802e-05 0)
(0.0479542 5.05607e-06 0)
(0.0480076 -2.89015e-06 0)
(0.0480129 -1.15572e-05 0)
(0.0479655 -2.10296e-05 0)
(0.0478603 -3.14183e-05 0)
(0.0476919 -4.28258e-05 0)
(0.0474541 -5.53809e-05 0)
(0.0471403 -6.91971e-05 0)
(0.0467432 -8.44099e-05 0)
(0.0462548 -0.000101135 0)
(0.0456662 -0.000119502 0)
(0.0449676 -0.000139612 0)
(0.0441485 -0.000161566 0)
(0.0431973 -0.000185419 0)
(0.0421019 -0.000211202 0)
(0.040849 -0.000238875 0)
(0.0394251 -0.000268347 0)
(0.037816 -0.000299435 0)
(0.0360075 -0.0003319 0)
(0.0339852 -0.000365461 0)
(0.0317351 -0.000399908 0)
(0.029243 -0.000435224 0)
(0.026494 -0.000471757 0)
(0.0234732 -0.000510177 0)
(0.020167 -0.0005508 0)
(0.016572 -0.000591399 0)
(0.0127175 -0.000622567 0)
(0.00871242 -0.000620215 0)
(0.00482286 -0.000536601 0)
(0.0015601 -0.000298822 0)
(-0.000362983 0.000134032 0)
(-0.000470535 0.000489652 0)
(0.209536 -0.00177707 0)
(0.220023 -0.00103723 0)
(0.227767 -0.000333161 0)
(0.232749 0.000231964 0)
(0.23529 0.00062429 0)
(0.235887 0.000848041 0)
(0.235096 0.000919426 0)
(0.233481 0.000857833 0)
(0.231477 0.000726599 0)
(0.229334 0.000731544 0)
(0.492017 -0.0224055 0)
(0.518311 -0.0177521 0)
(0.539575 -0.0126316 0)
(0.555426 -0.00776634 0)
(0.566146 -0.00361101 0)
(0.572415 -0.000394802 0)
(0.575143 0.00179899 0)
(0.575325 0.00300222 0)
(0.573965 0.00332154 0)
(0.571658 0.0030585 0)
(0.675897 -0.057057 0)
(0.712818 -0.0475895 0)
(0.74365 -0.0366871 0)
(0.767836 -0.0258605 0)
(0.785637 -0.0161209 0)
(0.797748 -0.00807436 0)
(0.805129 -0.00203615 0)
(0.808888 0.00192453 0)
(0.810163 0.00393477 0)
(0.809831 0.00432862 0)
(0.790647 -0.100398 0)
(0.833666 -0.0852468 0)
(0.869038 -0.06757 0)
(0.896498 -0.0498687 0)
(0.916785 -0.0337212 0)
(0.930933 -0.0201051 0)
(0.940119 -0.00955624 0)
(0.945562 -0.00221191 0)
(0.948394 0.00209043 0)
(0.949674 0.00396022 0)
(0.858818 -0.148508 0)
(0.903949 -0.125695 0)
(0.937969 -0.0995148 0)
(0.961959 -0.0738401 0)
(0.978093 -0.0507914 0)
(0.988336 -0.0316065 0)
(0.994401 -0.0168526 0)
(0.997727 -0.00652029 0)
(0.999383 -0.000247553 0)
(1.00015 0.00302535 0)
(0.892992 -0.19884 0)
(0.934545 -0.163856 0)
(0.958447 -0.125825 0)
(0.969923 -0.0905455 0)
(0.974156 -0.0604653 0)
(0.97447 -0.0366552 0)
(0.973063 -0.0191675 0)
(0.971303 -0.00737691 0)
(0.969867 -0.000421044 0)
(0.968709 0.00311443 0)
(0.893511 -0.245259 0)
(0.919601 -0.189763 0)
(0.91926 -0.135821 0)
(0.907734 -0.0906977 0)
(0.894184 -0.0558234 0)
(0.882096 -0.0307306 0)
(0.87284 -0.0138675 0)
(0.866675 -0.00341198 0)
(0.863148 0.00218605 0)
(0.861236 0.00441471 0)
(0.843566 -0.274342 0)
(0.830441 -0.185344 0)
(0.789364 -0.115336 0)
(0.751041 -0.0665659 0)
(0.723219 -0.0346818 0)
(0.704647 -0.0150838 0)
(0.693468 -0.00369381 0)
(0.687801 0.00238839 0)
(0.685767 0.0049414 0)
(0.68579 0.00518821 0)
(0.702271 -0.267932 0)
(0.616639 -0.133696 0)
(0.535491 -0.0611824 0)
(0.489558 -0.0255252 0)
(0.465946 -0.00835201 0)
(0.453912 -0.00034794 0)
(0.44903 0.00321873 0)
(0.448532 0.00451246 0)
(0.450287 0.00449361 0)
(0.453047 0.00380115 0)
(0.384503 -0.181021 0)
(0.243329 -0.0351838 0)
(0.179335 -0.003285 0)
(0.164616 0.0011014 0)
(0.161036 0.00187853 0)
(0.16059 0.00188872 0)
(0.162264 0.0016227 0)
(0.164962 0.00130437 0)
(0.167861 0.0009625 0)
(0.170546 0.000869483 0)
)
;

boundaryField
{
    inlet
    {
        type            fixedProfile;
        profile         csvFile;
        profileCoeffs
        {
            nHeaderLine     0;
            refColumn       0;
            componentColumns 3(1 2 3);
            separator       ",";
            mergeSeparators 0;
            file            "0/Uprofile.csv";
        }
        direction       (0 1 0);
        origin          0;
        value           nonuniform List<vector> 10((0.19 0 0) (0.51 0 0) (0.75 0 0) (0.91 0 0) (0.99 0 0) (0.99 0 0) (0.91 0 0) (0.75 0 0) (0.51 0 0) (0.19 0 0));
    }
    outlet
    {
        type            zeroGradient;
    }
    upperWall
    {
        type            noSlip;
    }
    lowerWall
    {
        type            noSlip;
    }
    frontAndBack
    {
        type            empty;
    }
}


// ************************************************************************* //
