/*--------------------------------*- C++ -*----------------------------------*\
| =========                 |                                                 |
| \\      /  F ield         | OpenFOAM: The Open Source CFD Toolbox           |
|  \\    /   O peration     | Version:  2406                                  |
|   \\  /    A nd           | Website:  www.openfoam.com                      |
|    \\/     M anipulation  |                                                 |
\*---------------------------------------------------------------------------*/
FoamFile
{
    version     2.0;
    format      ascii;
    arch        "LSB;label=32;scalar=64";
    class       volVectorField;
    location    "28";
    object      U;
}
// * * * * * * * * * * * * * * * * * * * * * * * * * * * * * * * * * * * * * //

dimensions      [0 1 -1 0 0 0 0];

internalField   nonuniform List<vector> 
1900
(
(0.187362 -0.00141327 0)
(0.19505 -0.00122965 0)
(0.199365 -0.00101814 0)
(0.202721 -0.00111134 0)
(0.206916 -0.00140909 0)
(0.212566 -0.00201767 0)
(0.220559 -0.00326305 0)
(0.232959 -0.00604289 0)
(0.256221 -0.0153665 0)
(0.290625 -0.0568943 0)
(0.503465 -0.00381922 0)
(0.509917 -0.00602081 0)
(0.515338 -0.00624556 0)
(0.520198 -0.00714131 0)
(0.526938 -0.00907934 0)
(0.53617 -0.0123939 0)
(0.548601 -0.0181063 0)
(0.565718 -0.0282898 0)
(0.589953 -0.0476541 0)
(0.616832 -0.0889344 0)
(0.743975 -0.00352907 0)
(0.748848 -0.00764849 0)
(0.753032 -0.0101439 0)
(0.756641 -0.0129667 0)
(0.762217 -0.0169638 0)
(0.770109 -0.0227985 0)
(0.780282 -0.0316546 0)
(0.792841 -0.0455155 0)
(0.807294 -0.067699 0)
(0.81911 -0.103543 0)
(0.904432 -0.00316932 0)
(0.908343 -0.00822817 0)
(0.911064 -0.0123869 0)
(0.912443 -0.016836 0)
(0.915092 -0.0224203 0)
(0.919206 -0.0298739 0)
(0.924213 -0.0402226 0)
(0.92944 -0.0548604 0)
(0.933558 -0.0754775 0)
(0.933267 -0.103558 0)
(0.984591 -0.0028058 0)
(0.987725 -0.00788048 0)
(0.988998 -0.0126834 0)
(0.988022 -0.0178719 0)
(0.98739 -0.0240635 0)
(0.987212 -0.0318816 0)
(0.98666 -0.0420661 0)
(0.984809 -0.0554297 0)
(0.98033 -0.0726617 0)
(0.971005 -0.0938622 0)
(0.984516 -0.00216221 0)
(0.986981 -0.00649269 0)
(0.986905 -0.0111056 0)
(0.983863 -0.0161777 0)
(0.980394 -0.022031 0)
(0.976515 -0.02913 0)
(0.971311 -0.0379477 0)
(0.963862 -0.048882 0)
(0.953081 -0.0621179 0)
(0.93753 -0.0773421 0)
(0.904217 -0.00109306 0)
(0.906227 -0.00410849 0)
(0.905151 -0.00801495 0)
(0.900719 -0.012355 0)
(0.895384 -0.0171641 0)
(0.889029 -0.0227804 0)
(0.88075 -0.0294796 0)
(0.869755 -0.0374114 0)
(0.855243 -0.0465501 0)
(0.836322 -0.0565441 0)
(0.743658 0.000555845 0)
(0.745795 -0.000992677 0)
(0.744564 -0.0041259 0)
(0.739905 -0.00742389 0)
(0.734091 -0.0107737 0)
(0.726906 -0.0144832 0)
(0.71757 -0.0187186 0)
(0.705496 -0.0235175 0)
(0.690166 -0.028813 0)
(0.671088 -0.0343621 0)
(0.50316 0.00235583 0)
(0.506898 0.00171684 0)
(0.506908 -0.000829069 0)
(0.503505 -0.00291814 0)
(0.498831 -0.00466705 0)
(0.492756 -0.0064391 0)
(0.484776 -0.00834313 0)
(0.474569 -0.010392 0)
(0.461878 -0.012556 0)
(0.446496 -0.0147303 0)
(0.187235 0.00116848 0)
(0.193547 0.000547763 0)
(0.194948 -2.57228e-05 0)
(0.193841 -0.00031634 0)
(0.191857 -0.000546215 0)
(0.189057 -0.000774826 0)
(0.18529 -0.00100626 0)
(0.180487 -0.00123224 0)
(0.174597 -0.00144701 0)
(0.167592 -0.00164287 0)
(-0.000409715 0.000398571 0)
(-0.00295828 0.000879901 0)
(-0.00652734 0.000985015 0)
(-0.0099079 0.000817493 0)
(-0.0121831 0.000529441 0)
(-0.0129972 0.000203595 0)
(-0.0123085 -0.000110572 0)
(-0.0102434 -0.000385874 0)
(-0.00701786 -0.000609058 0)
(-0.00288767 -0.000775496 0)
(0.00188388 -0.000885715 0)
(0.00704716 -0.000944129 0)
(0.0123786 -0.000957901 0)
(0.0176879 -0.000935323 0)
(0.0228211 -0.000884869 0)
(0.0276609 -0.000814697 0)
(0.032124 -0.000732101 0)
(0.0361577 -0.000643333 0)
(0.0397352 -0.000553399 0)
(0.0428511 -0.000466155 0)
(0.0455164 -0.000384304 0)
(0.0477545 -0.000309635 0)
(0.0495968 -0.000243094 0)
(0.0510802 -0.000185044 0)
(0.0522437 -0.000135344 0)
(0.0531272 -9.35685e-05 0)
(0.0537691 -5.90471e-05 0)
(0.0542059 -3.10348e-05 0)
(0.0544712 -8.71035e-06 0)
(0.0545957 8.70407e-06 0)
(0.0546065 2.19737e-05 0)
(0.0545275 3.17671e-05 0)
(0.0543794 3.87102e-05 0)
(0.0541801 4.33219e-05 0)
(0.0539447 4.60726e-05 0)
(-0.000990247 0.00301045 0)
(-0.00669875 0.00622106 0)
(-0.0136877 0.00672466 0)
(-0.0197127 0.00526301 0)
(-0.0231023 0.00276671 0)
(-0.023226 -8.12139e-05 0)
(-0.0200551 -0.00284812 0)
(-0.0139011 -0.00528533 0)
(-0.00525797 -0.00726757 0)
(0.00530359 -0.00874949 0)
(0.0172044 -0.00973719 0)
(0.0299018 -0.0102696 0)
(0.0429127 -0.0104046 0)
(0.0558273 -0.0102097 0)
(0.068314 -0.00975436 0)
(0.0801176 -0.00910606 0)
(0.0910545 -0.00832644 0)
(0.101005 -0.00746938 0)
(0.109905 -0.00658007 0)
(0.117734 -0.00569473 0)
(0.124511 -0.00484108 0)
(0.130279 -0.00403904 0)
(0.135103 -0.00330187 0)
(0.13906 -0.00263719 0)
(0.142236 -0.00204819 0)
(0.144716 -0.00153459 0)
(0.14659 -0.00109362 0)
(0.147939 -0.000720807 0)
(0.148843 -0.000410598 0)
(0.149375 -0.000156878 0)
(0.1496 4.66428e-05 0)
(0.149576 0.000206147 0)
(0.149357 0.000327547 0)
(0.148987 0.000416344 0)
(0.148504 0.000477571 0)
(-0.00131974 0.00718739 0)
(-0.00849075 0.013656 0)
(-0.016251 0.0138748 0)
(-0.0219262 0.00994034 0)
(-0.0237097 0.00387159 0)
(-0.02108 -0.00285506 0)
(-0.0141976 -0.00929566 0)
(-0.0035895 -0.0149071 0)
(0.0100376 -0.019423 0)
(0.0259182 -0.0227581 0)
(0.0433069 -0.0249421 0)
(0.0615205 -0.0260743 0)
(0.079962 -0.0262925 0)
(0.0981318 -0.0257524 0)
(0.115628 -0.0246131 0)
(0.132145 -0.0230272 0)
(0.14746 -0.0211337 0)
(0.161431 -0.0190548 0)
(0.17398 -0.0168932 0)
(0.185084 -0.0147325 0)
(0.194764 -0.0126375 0)
(0.203074 -0.0106558 0)
(0.210096 -0.00882054 0)
(0.215927 -0.00715173 0)
(0.220674 -0.00565929 0)
(0.224449 -0.004345 0)
(0.227366 -0.0032045 0)
(0.229534 -0.0022291 0)
(0.231059 -0.00140717 0)
(0.232038 -0.000725394 0)
(0.232561 -0.000169615 0)
(0.232711 0.000274384 0)
(0.232559 0.000620457 0)
(0.232169 0.000881719 0)
(0.231599 0.00107036 0)
(-0.0014979 0.0120895 0)
(-0.00872767 0.0214495 0)
(-0.0150573 0.0202124 0)
(-0.0178114 0.0125213 0)
(-0.0155528 0.0017817 0)
(-0.00821301 -0.00965471 0)
(0.00367335 -0.0203358 0)
(0.0193038 -0.0294584 0)
(0.0377919 -0.0366613 0)
(0.0582666 -0.0418625 0)
(0.0799278 -0.0451509 0)
(0.102073 -0.046715 0)
(0.12411 -0.0467952 0)
(0.145553 -0.0456527 0)
(0.166024 -0.0435487 0)
(0.18524 -0.0407297 0)
(0.203003 -0.0374195 0)
(0.219191 -0.0338133 0)
(0.233743 -0.0300759 0)
(0.246651 -0.0263415 0)
(0.257949 -0.0227151 0)
(0.267704 -0.019275 0)
(0.276004 -0.0160759 0)
(0.282956 -0.0131528 0)
(0.288676 -0.0105236 0)
(0.293286 -0.00819361 0)
(0.296907 -0.00615752 0)
(0.299659 -0.00440282 0)
(0.301657 -0.00291185 0)
(0.303009 -0.00166369 0)
(0.303815 -0.0006357 0)
(0.304167 0.000195321 0)
(0.304148 0.000852241 0)
(0.303832 0.00135704 0)
(0.303283 0.00173039 0)
(-0.00162029 0.0169194 0)
(-0.00762683 0.0276793 0)
(-0.0102095 0.023181 0)
(-0.0073417 0.0103706 0)
(0.00143143 -0.00577314 0)
(0.0153966 -0.0221161 0)
(0.0335043 -0.0368552 0)
(0.05467 -0.0490807 0)
(0.0778903 -0.05845 0)
(0.102287 -0.0649638 0)
(0.127116 -0.068821 0)
(0.151766 -0.0703278 0)
(0.175747 -0.0698411 0)
(0.198679 -0.0677316 0)
(0.22028 -0.0643595 0)
(0.240353 -0.0600594 0)
(0.258773 -0.0551311 0)
(0.275477 -0.0498344 0)
(0.290451 -0.0443874 0)
(0.303721 -0.0389675 0)
(0.315344 -0.0337133 0)
(0.325404 -0.0287288 0)
(0.333997 -0.024087 0)
(0.341235 -0.0198347 0)
(0.347233 -0.0159968 0)
(0.352112 -0.012581 0)
(0.35599 -0.00958124 0)
(0.358983 -0.00698132 0)
(0.361203 -0.00475804 0)
(0.362755 -0.00288349 0)
(0.363737 -0.00132712 0)
(0.364241 -5.72668e-05 0)
(0.364348 0.000957577 0)
(0.364132 0.00174798 0)
(0.363662 0.00234295 0)
(-0.00163769 0.0210714 0)
(-0.00473207 0.0303861 0)
(-0.00056885 0.020048 0)
(0.0111138 0.000765906 0)
(0.0289946 -0.0210145 0)
(0.0513111 -0.0417529 0)
(0.0765049 -0.0596309 0)
(0.10332 -0.0738722 0)
(0.130779 -0.0843124 0)
(0.158141 -0.0911272 0)
(0.184846 -0.0946717 0)
(0.21048 -0.0953879 0)
(0.234741 -0.093749 0)
(0.257425 -0.0902245 0)
(0.278402 -0.0852585 0)
(0.297605 -0.0792556 0)
(0.315017 -0.0725729 0)
(0.330658 -0.0655168 0)
(0.34458 -0.0583423 0)
(0.356858 -0.0512553 0)
(0.367581 -0.0444158 0)
(0.376849 -0.0379429 0)
(0.384772 -0.03192 0)
(0.391458 -0.0263998 0)
(0.39702 -0.0214099 0)
(0.401567 -0.0169578 0)
(0.405209 -0.0130351 0)
(0.408046 -0.00962161 0)
(0.410178 -0.00668876 0)
(0.411697 -0.00420241 0)
(0.412689 -0.00212511 0)
(0.413234 -0.000417946 0)
(0.413406 0.000958071 0)
(0.41327 0.00204092 0)
(0.412886 0.00286686 0)
(-0.00129216 0.0239884 0)
(0.00178098 0.0268758 0)
(0.0171566 0.00730624 0)
(0.0415178 -0.0193285 0)
(0.0709225 -0.0460183 0)
(0.102608 -0.0696354 0)
(0.134841 -0.0888652 0)
(0.166514 -0.10336 0)
(0.196936 -0.113282 0)
(0.225688 -0.119046 0)
(0.25253 -0.121177 0)
(0.277338 -0.120241 0)
(0.300065 -0.116805 0)
(0.320722 -0.11141 0)
(0.339362 -0.104556 0)
(0.356069 -0.0966885 0)
(0.370943 -0.0881971 0)
(0.384102 -0.0794103 0)
(0.395666 -0.0705988 0)
(0.405759 -0.0619782 0)
(0.414503 -0.0537142 0)
(0.422016 -0.0459282 0)
(0.428412 -0.0387033 0)
(0.433798 -0.0320902 0)
(0.438275 -0.0261135 0)
(0.441939 -0.0207764 0)
(0.444878 -0.0160658 0)
(0.447175 -0.0119564 0)
(0.448909 -0.0084142 0)
(0.45015 -0.00539944 0)
(0.450966 -0.00286892 0)
(0.451419 -0.000777914 0)
(0.451565 0.000918381 0)
(0.451457 0.00226368 0)
(0.451141 0.00329983 0)
(0.000182934 0.0237145 0)
(0.0168478 0.0119065 0)
(0.0502055 -0.0200569 0)
(0.0912767 -0.0531173 0)
(0.133264 -0.0821102 0)
(0.173482 -0.105667 0)
(0.210916 -0.123528 0)
(0.245148 -0.135961 0)
(0.276077 -0.143489 0)
(0.303786 -0.146732 0)
(0.328446 -0.146335 0)
(0.350264 -0.142936 0)
(0.369465 -0.137147 0)
(0.38628 -0.129536 0)
(0.40094 -0.120618 0)
(0.413666 -0.110849 0)
(0.424671 -0.100618 0)
(0.434152 -0.0902498 0)
(0.442289 -0.0800087 0)
(0.449245 -0.0701007 0)
(0.455163 -0.0606807 0)
(0.460171 -0.0518592 0)
(0.46438 -0.0437084 0)
(0.467888 -0.0362691 0)
(0.470778 -0.0295565 0)
(0.473126 -0.0235657 0)
(0.474995 -0.0182765 0)
(0.476444 -0.013657 0)
(0.477524 -0.00966776 0)
(0.478282 -0.00626391 0)
(0.478762 -0.00339771 0)
(0.479 -0.00102026 0)
(0.479034 0.00091725 0)
(0.478897 0.00246228 0)
(0.478618 0.00366031 0)
(0.011074 0.00513248 0)
(0.0550275 -0.028456 0)
(0.11377 -0.0694249 0)
(0.172138 -0.102709 0)
(0.223483 -0.128309 0)
(0.267741 -0.147349 0)
(0.305805 -0.160538 0)
(0.338375 -0.16851 0)
(0.366073 -0.171919 0)
(0.389491 -0.171424 0)
(0.409176 -0.167667 0)
(0.425621 -0.161273 0)
(0.43927 -0.152834 0)
(0.450524 -0.142897 0)
(0.459747 -0.131954 0)
(0.467262 -0.120432 0)
(0.473357 -0.108694 0)
(0.478278 -0.0970383 0)
(0.48224 -0.0857002 0)
(0.485422 -0.0748598 0)
(0.48797 -0.0646477 0)
(0.490007 -0.0551521 0)
(0.49163 -0.0464259 0)
(0.492914 -0.0384933 0)
(0.493921 -0.0313557 0)
(0.494697 -0.0249969 0)
(0.495279 -0.0193875 0)
(0.495696 -0.0144889 0)
(0.49597 -0.010256 0)
(0.496121 -0.0066398 0)
(0.496163 -0.00358935 0)
(0.496111 -0.00105322 0)
(0.495977 0.00101941 0)
(0.495774 0.00267772 0)
(0.495511 0.00396871 0)
(0.0866238 -0.0608587 0)
(0.162743 -0.10961 0)
(0.235649 -0.140639 0)
(0.297646 -0.162157 0)
(0.346473 -0.177496 0)
(0.385324 -0.188009 0)
(0.416665 -0.19413 0)
(0.441841 -0.196181 0)
(0.461806 -0.194584 0)
(0.477377 -0.189837 0)
(0.489269 -0.182474 0)
(0.498109 -0.17304 0)
(0.504445 -0.16206 0)
(0.508759 -0.150023 0)
(0.511473 -0.137366 0)
(0.512954 -0.124468 0)
(0.51351 -0.111642 0)
(0.513401 -0.0991413 0)
(0.512837 -0.0871586 0)
(0.511985 -0.0758364 0)
(0.510973 -0.0652714 0)
(0.509899 -0.0555227 0)
(0.50883 -0.0466187 0)
(0.507813 -0.0385634 0)
(0.506875 -0.0313422 0)
(0.506032 -0.0249264 0)
(0.505288 -0.0192774 0)
(0.50464 -0.0143497 0)
(0.504081 -0.0100938 0)
(0.503601 -0.00645774 0)
(0.503189 -0.00338906 0)
(0.502834 -0.000835622 0)
(0.502525 0.00125348 0)
(0.502253 0.00292709 0)
(0.50201 0.0042317 0)
(0.375301 -0.154317 0)
(0.40049 -0.184103 0)
(0.431768 -0.198499 0)
(0.465913 -0.208172 0)
(0.494505 -0.214327 0)
(0.516859 -0.217198 0)
(0.533919 -0.216889 0)
(0.54632 -0.213534 0)
(0.554623 -0.207401 0)
(0.559445 -0.198874 0)
(0.561404 -0.188402 0)
(0.561081 -0.176454 0)
(0.558998 -0.16349 0)
(0.55562 -0.149932 0)
(0.551352 -0.136155 0)
(0.546536 -0.122474 0)
(0.541453 -0.109147 0)
(0.536329 -0.0963693 0)
(0.531335 -0.0842871 0)
(0.5266 -0.0729988 0)
(0.522209 -0.0625638 0)
(0.518217 -0.0530101 0)
(0.514651 -0.0443406 0)
(0.511519 -0.0365391 0)
(0.50881 -0.0295755 0)
(0.506503 -0.0234098 0)
(0.504569 -0.0179954 0)
(0.502973 -0.0132818 0)
(0.50168 -0.00921685 0)
(0.500653 -0.00574755 0)
(0.499854 -0.00282173 0)
(0.499251 -0.000388518 0)
(0.498811 0.00160108 0)
(0.498507 0.00319367 0)
(0.498312 0.00443337 0)
(0.635275 -0.156585 0)
(0.631791 -0.195909 0)
(0.630943 -0.21483 0)
(0.635299 -0.224317 0)
(0.639549 -0.228087 0)
(0.641623 -0.227564 0)
(0.64125 -0.223617 0)
(0.638409 -0.216826 0)
(0.633234 -0.207667 0)
(0.62605 -0.196605 0)
(0.61728 -0.18411 0)
(0.607369 -0.170636 0)
(0.596742 -0.156602 0)
(0.585778 -0.14238 0)
(0.574805 -0.128284 0)
(0.564094 -0.114571 0)
(0.553855 -0.101436 0)
(0.544244 -0.0890234 0)
(0.53537 -0.0774287 0)
(0.527298 -0.0667084 0)
(0.520055 -0.056887 0)
(0.513643 -0.0479636 0)
(0.508041 -0.039919 0)
(0.503209 -0.0327198 0)
(0.4991 -0.0263239 0)
(0.495655 -0.020683 0)
(0.492813 -0.0157457 0)
(0.490511 -0.0114592 0)
(0.488686 -0.00777109 0)
(0.487279 -0.00462982 0)
(0.486232 -0.00198564 0)
(0.485491 0.000209081 0)
(0.485007 0.00199957 0)
(0.484738 0.00342849 0)
(0.484641 0.00453598 0)
(0.818767 -0.150263 0)
(0.803865 -0.185026 0)
(0.785766 -0.205469 0)
(0.769447 -0.216253 0)
(0.753891 -0.2202 0)
(0.738004 -0.218927 0)
(0.721481 -0.213695 0)
(0.704226 -0.205473 0)
(0.686268 -0.195003 0)
(0.667793 -0.182905 0)
(0.649092 -0.169719 0)
(0.630487 -0.155916 0)
(0.612286 -0.141897 0)
(0.594764 -0.127993 0)
(0.578145 -0.114468 0)
(0.562598 -0.10152 0)
(0.548241 -0.0892934 0)
(0.535145 -0.0778809 0)
(0.523335 -0.0673357 0)
(0.512805 -0.0576783 0)
(0.503518 -0.0489043 0)
(0.495418 -0.0409909 0)
(0.488435 -0.0339022 0)
(0.482486 -0.0275939 0)
(0.477485 -0.0220166 0)
(0.473343 -0.0171186 0)
(0.469971 -0.0128475 0)
(0.467282 -0.00915184 0)
(0.465193 -0.00598175 0)
(0.463625 -0.00328966 0)
(0.462506 -0.00103042 0)
(0.461768 0.000838504 0)
(0.461349 0.00235698 0)
(0.461195 0.0035623 0)
(0.461256 0.00448939 0)
(0.923219 -0.13639 0)
(0.902231 -0.163887 0)
(0.875596 -0.182249 0)
(0.847473 -0.192605 0)
(0.818933 -0.196505 0)
(0.790165 -0.195206 0)
(0.761411 -0.189892 0)
(0.732903 -0.181609 0)
(0.704844 -0.171218 0)
(0.677467 -0.159424 0)
(0.651032 -0.146804 0)
(0.62579 -0.13383 0)
(0.601961 -0.120876 0)
(0.579713 -0.108232 0)
(0.559165 -0.0961108 0)
(0.540383 -0.0846601 0)
(0.523386 -0.0739754 0)
(0.508154 -0.0641093 0)
(0.494633 -0.0550806 0)
(0.482746 -0.0468832 0)
(0.472397 -0.039493 0)
(0.463477 -0.0328734 0)
(0.455874 -0.02698 0)
(0.449469 -0.0217642 0)
(0.444147 -0.0171755 0)
(0.439795 -0.0131635 0)
(0.436304 -0.00967945 0)
(0.43357 -0.00667633 0)
(0.431498 -0.00411 0)
(0.429999 -0.00193898 0)
(0.428988 -0.000124642 0)
(0.428392 0.00136896 0)
(0.428143 0.00257509 0)
(0.428178 0.00352477 0)
(0.428443 0.00424674 0)
(0.95399 -0.117049 0)
(0.928555 -0.137278 0)
(0.897208 -0.15163 0)
(0.862786 -0.159944 0)
(0.826885 -0.162946 0)
(0.79042 -0.161491 0)
(0.754119 -0.156515 0)
(0.71856 -0.148941 0)
(0.684183 -0.139579 0)
(0.651333 -0.129102 0)
(0.620291 -0.11805 0)
(0.591271 -0.106848 0)
(0.56442 -0.0958176 0)
(0.539817 -0.0851914 0)
(0.517484 -0.0751292 0)
(0.497393 -0.0657318 0)
(0.479477 -0.0570546 0)
(0.463636 -0.0491183 0)
(0.449751 -0.0419184 0)
(0.437688 -0.0354326 0)
(0.427303 -0.0296269 0)
(0.418453 -0.0244599 0)
(0.410993 -0.0198867 0)
(0.404783 -0.0158609 0)
(0.399691 -0.0123366 0)
(0.395589 -0.00926944 0)
(0.39236 -0.00661757 0)
(0.389893 -0.00434171 0)
(0.388088 -0.00240552 0)
(0.386851 -0.000775397 0)
(0.386098 0.000579503 0)
(0.385752 0.00168755 0)
(0.385745 0.00257484 0)
(0.386012 0.00326549 0)
(0.3865 0.00378179 0)
(0.915703 -0.0931773 0)
(0.887243 -0.107014 0)
(0.853498 -0.116967 0)
(0.816389 -0.122611 0)
(0.77746 -0.124279 0)
(0.737882 -0.122552 0)
(0.698617 -0.118128 0)
(0.660434 -0.111732 0)
(0.623909 -0.104023 0)
(0.589453 -0.0955517 0)
(0.557346 -0.0867545 0)
(0.52776 -0.0779639 0)
(0.500773 -0.0694207 0)
(0.476386 -0.0612907 0)
(0.454542 -0.0536785 0)
(0.435137 -0.0466429 0)
(0.41804 -0.040208 0)
(0.403098 -0.0343735 0)
(0.390146 -0.0291221 0)
(0.379016 -0.0244256 0)
(0.36954 -0.0202492 0)
(0.361556 -0.0165548 0)
(0.354908 -0.0133032 0)
(0.34945 -0.0104558 0)
(0.345045 -0.00797541 0)
(0.341565 -0.0058272 0)
(0.338895 -0.00397857 0)
(0.336927 -0.00239993 0)
(0.335565 -0.00106381 0)
(0.334719 5.44054e-05 0)
(0.33431 0.000977474 0)
(0.334265 0.00172577 0)
(0.334521 0.00231831 0)
(0.335018 0.00277216 0)
(0.335705 0.00310342 0)
(0.812234 -0.0665013 0)
(0.782922 -0.0750162 0)
(0.749301 -0.0809953 0)
(0.712779 -0.0841117 0)
(0.674714 -0.0845549 0)
(0.63627 -0.0827295 0)
(0.598426 -0.0791308 0)
(0.561957 -0.0742706 0)
(0.527432 -0.0686134 0)
(0.49523 -0.0625421 0)
(0.46558 -0.0563535 0)
(0.438585 -0.0502656 0)
(0.414254 -0.0444297 0)
(0.392524 -0.0389435 0)
(0.373279 -0.0338631 0)
(0.356373 -0.0292137 0)
(0.341637 -0.0249995 0)
(0.328895 -0.0212094 0)
(0.317969 -0.0178235 0)
(0.308682 -0.0148157 0)
(0.300867 -0.0121578 0)
(0.294365 -0.0098202 0)
(0.289028 -0.00777412 0)
(0.284718 -0.00599165 0)
(0.281311 -0.00444693 0)
(0.278691 -0.00311578 0)
(0.276755 -0.00197641 0)
(0.275408 -0.00100874 0)
(0.274564 -0.000194963 0)
(0.274147 0.000481288 0)
(0.274088 0.00103447 0)
(0.274325 0.00147797 0)
(0.274802 0.00182368 0)
(0.275469 0.00208273 0)
(0.276282 0.00226506 0)
(0.647953 -0.0396648 0)
(0.620922 -0.044019 0)
(0.590746 -0.0468811 0)
(0.558526 -0.0480976 0)
(0.525386 -0.0478075 0)
(0.492323 -0.0462771 0)
(0.460162 -0.0438144 0)
(0.429536 -0.0407235 0)
(0.400883 -0.0372711 0)
(0.374473 -0.0336698 0)
(0.350439 -0.030078 0)
(0.328807 -0.0266066 0)
(0.309526 -0.0233284 0)
(0.292492 -0.0202863 0)
(0.277566 -0.017501 0)
(0.264591 -0.0149777 0)
(0.2534 -0.012711 0)
(0.243826 -0.0106889 0)
(0.235706 -0.00889558 0)
(0.228886 -0.00731336 0)
(0.223222 -0.00592396 0)
(0.218578 -0.00470924 0)
(0.214833 -0.00365202 0)
(0.211875 -0.00273614 0)
(0.209602 -0.00194682 0)
(0.207923 -0.00127054 0)
(0.206756 -0.000695209 0)
(0.206026 -0.000209874 0)
(0.205667 0.000195121 0)
(0.20562 0.000528544 0)
(0.205831 0.000798113 0)
(0.206253 0.00101092 0)
(0.206843 0.00117322 0)
(0.207564 0.00129085 0)
(0.20838 0.00136905 0)
(0.428374 -0.0167082 0)
(0.407773 -0.0182191 0)
(0.385301 -0.019071 0)
(0.361765 -0.0192379 0)
(0.337971 -0.0188128 0)
(0.314611 -0.017931 0)
(0.292232 -0.016731 0)
(0.271225 -0.0153391 0)
(0.251839 -0.0138591 0)
(0.234201 -0.012369 0)
(0.218346 -0.010923 0)
(0.204244 -0.00955645 0)
(0.191815 -0.00828982 0)
(0.180956 -0.00713314 0)
(0.171543 -0.00608868 0)
(0.163448 -0.00515397 0)
(0.156543 -0.00432325 0)
(0.150704 -0.00358937 0)
(0.145814 -0.00294412 0)
(0.141763 -0.00237946 0)
(0.138452 -0.00188721 0)
(0.135789 -0.00145997 0)
(0.133692 -0.00109059 0)
(0.132088 -0.000772841 0)
(0.130908 -0.000500816 0)
(0.130094 -0.000269562 0)
(0.129592 -7.43472e-05 0)
(0.129355 8.86705e-05 0)
(0.129341 0.00022323 0)
(0.129511 0.000332296 0)
(0.129832 0.000418849 0)
(0.130273 0.000485219 0)
(0.130809 0.00053384 0)
(0.131415 0.000566599 0)
(0.132071 0.000585556 0)
(0.159514 -0.00179982 0)
(0.150531 -0.001888 0)
(0.14095 -0.00189163 0)
(0.131135 -0.0018204 0)
(0.121426 -0.00169663 0)
(0.112094 -0.00154178 0)
(0.103331 -0.00137299 0)
(0.0952587 -0.00120313 0)
(0.0879395 -0.0010407 0)
(0.0813896 -0.000890418 0)
(0.075593 -0.000754379 0)
(0.0705127 -0.000633173 0)
(0.0660991 -0.000526523 0)
(0.0622959 -0.000433602 0)
(0.0590448 -0.000353268 0)
(0.0562884 -0.000284219 0)
(0.0539718 -0.000225145 0)
(0.052044 -0.0001748 0)
(0.0504579 -0.00013206 0)
(0.0491711 -9.59219e-05 0)
(0.0481451 -6.5512e-05 0)
(0.0473457 -4.00566e-05 0)
(0.0467422 -1.88895e-05 0)
(0.0463074 -1.41843e-06 0)
(0.0460172 1.28623e-05 0)
(0.0458501 2.44052e-05 0)
(0.0457872 3.35915e-05 0)
(0.0458116 4.07655e-05 0)
(0.0459082 4.62115e-05 0)
(0.046064 5.01892e-05 0)
(0.0462669 5.29099e-05 0)
(0.0465066 5.45698e-05 0)
(0.0467736 5.5323e-05 0)
(0.0470597 5.53162e-05 0)
(0.0473576 5.46599e-05 0)
(0.0536857 4.73317e-05 0)
(0.0534137 4.74313e-05 0)
(0.0531371 4.6619e-05 0)
(0.0528629 4.51208e-05 0)
(0.0525965 4.30955e-05 0)
(0.0523421 4.06951e-05 0)
(0.0521028 3.80184e-05 0)
(0.0518807 3.51695e-05 0)
(0.0516774 3.22091e-05 0)
(0.0514935 2.9212e-05 0)
(0.147944 0.000515745 0)
(0.147332 0.00053489 0)
(0.146694 0.000538545 0)
(0.146047 0.000529806 0)
(0.145407 0.000511355 0)
(0.144788 0.000485512 0)
(0.144197 0.000454262 0)
(0.143643 0.0004193 0)
(0.143129 0.000382062 0)
(0.14266 0.000343752 0)
(0.230897 0.00119749 0)
(0.230103 0.00127314 0)
(0.229254 0.00130625 0)
(0.228378 0.00130474 0)
(0.2275 0.00127555 0)
(0.226639 0.00122475 0)
(0.225809 0.0011576 0)
(0.225023 0.00107865 0)
(0.224289 0.00099175 0)
(0.223614 0.000900228 0)
(0.30256 0.00199136 0)
(0.301712 0.00215736 0)
(0.300781 0.00224409 0)
(0.299804 0.00226559 0)
(0.29881 0.00223432 0)
(0.297823 0.00216125 0)
(0.296863 0.00205599 0)
(0.295946 0.00192689 0)
(0.295083 0.00178117 0)
(0.294282 0.001625 0)
(0.362994 0.00276953 0)
(0.362181 0.00305264 0)
(0.361268 0.00321496 0)
(0.360292 0.00327695 0)
(0.359287 0.00325695 0)
(0.358278 0.00317123 0)
(0.357288 0.00303419 0)
(0.356334 0.00285844 0)
(0.35543 0.00265494 0)
(0.354585 0.00243315 0)
(0.41231 0.00346998 0)
(0.411587 0.0038819 0)
(0.410759 0.00413166 0)
(0.409864 0.00424566 0)
(0.408931 0.00424772 0)
(0.407987 0.00415922 0)
(0.407053 0.00399916 0)
(0.406148 0.00378432 0)
(0.405284 0.00352942 0)
(0.404472 0.00324724 0)
(0.45066 0.00406637 0)
(0.450054 0.0046002 0)
(0.449355 0.00493538 0)
(0.448594 0.00510314 0)
(0.447797 0.00513187 0)
(0.446986 0.00504718 0)
(0.44618 0.00487203 0)
(0.445395 0.00462684 0)
(0.444642 0.00432965 0)
(0.443931 0.00399624 0)
(0.478226 0.00455437 0)
(0.477746 0.00518477 0)
(0.477201 0.00558894 0)
(0.476611 0.00580136 0)
(0.475995 0.00585358 0)
(0.475369 0.00577425 0)
(0.474746 0.00558922 0)
(0.474137 0.00532163 0)
(0.473553 0.00499206 0)
(0.473 0.0046186 0)
(0.495201 0.00493686 0)
(0.494854 0.00562391 0)
(0.494479 0.00606875 0)
(0.494085 0.00630737 0)
(0.493681 0.00637287 0)
(0.493276 0.00629547 0)
(0.492875 0.0061026 0)
(0.492486 0.00581897 0)
(0.492112 0.00546666 0)
(0.491759 0.00506524 0)
(0.501789 0.00521122 0)
(0.501585 0.0059069 0)
(0.501395 0.00635724 0)
(0.501216 0.00659798 0)
(0.501047 0.00666211 0)
(0.500886 0.00657992 0)
(0.500733 0.00637903 0)
(0.500589 0.00608446 0)
(0.500453 0.00571868 0)
(0.500326 0.00530169 0)
(0.498204 0.00536174 0)
(0.498165 0.00601777 0)
(0.498177 0.00643788 0)
(0.498228 0.00665598 0)
(0.498307 0.00670344 0)
(0.498403 0.00660919 0)
(0.49851 0.00639975 0)
(0.498622 0.0060992 0)
(0.498735 0.00572933 0)
(0.498845 0.00530957 0)
(0.484684 0.00535971 0)
(0.484834 0.00593498 0)
(0.485067 0.00629475 0)
(0.485357 0.00646974 0)
(0.485688 0.00648847 0)
(0.486042 0.0063773 0)
(0.486406 0.0061605 0)
(0.48677 0.00586021 0)
(0.487125 0.00549649 0)
(0.487465 0.00508735 0)
(0.461487 0.00517084 0)
(0.461851 0.00563719 0)
(0.462312 0.00591687 0)
(0.462842 0.00603647 0)
(0.463416 0.00602068 0)
(0.464012 0.00589243 0)
(0.464615 0.00567283 0)
(0.465209 0.00538126 0)
(0.465782 0.0050353 0)
(0.466328 0.00465082 0)
(0.428889 0.00476788 0)
(0.429472 0.00511314 0)
(0.430156 0.00530593 0)
(0.430907 0.00536799 0)
(0.431698 0.00531967 0)
(0.432505 0.00517981 0)
(0.433308 0.0049659 0)
(0.434091 0.00469394 0)
(0.434842 0.00437857 0)
(0.435551 0.00403294 0)
(0.387158 0.00414445 0)
(0.387944 0.00437272 0)
(0.388818 0.00448464 0)
(0.389749 0.00449696 0)
(0.390707 0.00442541 0)
(0.391669 0.00428456 0)
(0.392616 0.00408797 0)
(0.39353 0.00384807 0)
(0.3944 0.00357626 0)
(0.395216 0.00328278 0)
(0.336535 0.00332663 0)
(0.33747 0.00345567 0)
(0.338472 0.00350317 0)
(0.339513 0.00348125 0)
(0.340565 0.00340091 0)
(0.341606 0.00327276 0)
(0.342619 0.00310629 0)
(0.343589 0.0029106 0)
(0.344504 0.00269367 0)
(0.345357 0.00246303 0)
(0.277202 0.00238017 0)
(0.278194 0.00243658 0)
(0.27923 0.00244254 0)
(0.280282 0.0024055 0)
(0.28133 0.00233269 0)
(0.282354 0.00223061 0)
(0.28334 0.00210556 0)
(0.284276 0.0019631 0)
(0.285152 0.00180856 0)
(0.285962 0.0016465 0)
(0.209264 0.00141275 0)
(0.210189 0.00142645 0)
(0.211133 0.00141443 0)
(0.212075 0.00138063 0)
(0.213 0.00132883 0)
(0.213895 0.00126246 0)
(0.214747 0.00118483 0)
(0.21555 0.00109887 0)
(0.216295 0.00100739 0)
(0.21698 0.000912803 0)
(0.132757 0.000592303 0)
(0.133458 0.000588643 0)
(0.13416 0.000575964 0)
(0.134852 0.000555875 0)
(0.135522 0.000529598 0)
(0.136163 0.00049857 0)
(0.136769 0.000463848 0)
(0.137335 0.000426686 0)
(0.137857 0.000387953 0)
(0.138333 0.000348704 0)
(0.0476608 5.34644e-05 0)
(0.0479639 5.18092e-05 0)
(0.048262 4.9779e-05 0)
(0.048551 4.74327e-05 0)
(0.0488277 4.48389e-05 0)
(0.0490894 4.20436e-05 0)
(0.049334 3.91057e-05 0)
(0.04956 3.60634e-05 0)
(0.0497664 3.29695e-05 0)
(0.0499529 2.98568e-05 0)
(0.0513293 2.62152e-05 0)
(0.0511845 2.32757e-05 0)
(0.0510587 2.0415e-05 0)
(0.0509508 1.76782e-05 0)
(0.0508598 1.50756e-05 0)
(0.0507844 1.26431e-05 0)
(0.0507233 1.03813e-05 0)
(0.050675 8.31762e-06 0)
(0.0506382 6.44389e-06 0)
(0.0506112 4.77979e-06 0)
(0.0505929 3.3089e-06 0)
(0.0505818 2.04382e-06 0)
(0.0505767 9.61303e-07 0)
(0.0505765 6.81626e-08 0)
(0.0505801 -6.6385e-07 0)
(0.0505867 -1.23196e-06 0)
(0.0505955 -1.6673e-06 0)
(0.0506057 -1.96931e-06 0)
(0.0506167 -2.16996e-06 0)
(0.0506281 -2.26909e-06 0)
(0.0506396 -2.29789e-06 0)
(0.0506507 -2.25516e-06 0)
(0.0506612 -2.16984e-06 0)
(0.0506711 -2.03898e-06 0)
(0.0506801 -1.88856e-06 0)
(0.0506882 -1.71321e-06 0)
(0.0506955 -1.53604e-06 0)
(0.0507018 -1.34889e-06 0)
(0.0507073 -1.17236e-06 0)
(0.050712 -9.95684e-07 0)
(0.0507159 -8.37426e-07 0)
(0.0507192 -6.84599e-07 0)
(0.0507218 -5.54963e-07 0)
(0.0507239 -4.33933e-07 0)
(0.0507255 -3.37181e-07 0)
(0.142236 0.00030537 0)
(0.141859 0.000267732 0)
(0.141527 0.000231496 0)
(0.141239 0.000197172 0)
(0.140993 0.000165145 0)
(0.140786 0.000135681 0)
(0.140616 0.000108953 0)
(0.140478 8.50395e-05 0)
(0.14037 6.39513e-05 0)
(0.140288 4.56293e-05 0)
(0.140228 2.9969e-05 0)
(0.140188 1.68191e-05 0)
(0.140165 6.00268e-06 0)
(0.140155 -2.6843e-06 0)
(0.140156 -9.45455e-06 0)
(0.140166 -1.45311e-05 0)
(0.140182 -1.81324e-05 0)
(0.140203 -2.04748e-05 0)
(0.140227 -2.17609e-05 0)
(0.140252 -2.21832e-05 0)
(0.140279 -2.19148e-05 0)
(0.140305 -2.11143e-05 0)
(0.140331 -1.9919e-05 0)
(0.140355 -1.84505e-05 0)
(0.140377 -1.68095e-05 0)
(0.140398 -1.50821e-05 0)
(0.140416 -1.33356e-05 0)
(0.140432 -1.16255e-05 0)
(0.140446 -9.99122e-06 0)
(0.140459 -8.46402e-06 0)
(0.140469 -7.06171e-06 0)
(0.140478 -5.79739e-06 0)
(0.140485 -4.67322e-06 0)
(0.140491 -3.69022e-06 0)
(0.140496 -2.84099e-06 0)
(0.223 0.000806838 0)
(0.222448 0.000713895 0)
(0.22196 0.00062326 0)
(0.221534 0.000536446 0)
(0.221167 0.000454595 0)
(0.220855 0.000378572 0)
(0.220595 0.000308948 0)
(0.220383 0.000246081 0)
(0.220213 0.000190099 0)
(0.220082 0.00014098 0)
(0.219984 9.85301e-05 0)
(0.219916 6.24629e-05 0)
(0.219871 3.23731e-05 0)
(0.219848 7.81355e-06 0)
(0.219841 -1.1735e-05 0)
(0.219847 -2.67923e-05 0)
(0.219864 -3.79121e-05 0)
(0.219888 -4.56167e-05 0)
(0.219917 -5.04345e-05 0)
(0.21995 -5.28409e-05 0)
(0.219985 -5.33e-05 0)
(0.22002 -5.22104e-05 0)
(0.220054 -4.99514e-05 0)
(0.220087 -4.68323e-05 0)
(0.220117 -4.31421e-05 0)
(0.220146 -3.91015e-05 0)
(0.220171 -3.49149e-05 0)
(0.220194 -3.07239e-05 0)
(0.220215 -2.66607e-05 0)
(0.220232 -2.2802e-05 0)
(0.220247 -1.92231e-05 0)
(0.22026 -1.59513e-05 0)
(0.220271 -1.30208e-05 0)
(0.220279 -1.04242e-05 0)
(0.220286 -8.16814e-06 0)
(0.293549 0.00146363 0)
(0.292887 0.00130141 0)
(0.292297 0.00114197 0)
(0.291778 0.000988205 0)
(0.291327 0.000842389 0)
(0.290941 0.000706227 0)
(0.290617 0.000580928 0)
(0.290349 0.000467245 0)
(0.290132 0.000365556 0)
(0.289961 0.000275896 0)
(0.289831 0.000198034 0)
(0.289737 0.0001315 0)
(0.289672 7.56566e-05 0)
(0.289633 2.97232e-05 0)
(0.289615 -7.16405e-06 0)
(0.289614 -3.59343e-05 0)
(0.289626 -5.753e-05 0)
(0.289649 -7.28988e-05 0)
(0.289678 -8.29505e-05 0)
(0.289712 -8.85587e-05 0)
(0.28975 -9.05272e-05 0)
(0.289788 -8.95991e-05 0)
(0.289826 -8.64322e-05 0)
(0.289863 -8.1614e-05 0)
(0.289898 -7.56441e-05 0)
(0.289931 -6.89539e-05 0)
(0.289961 -6.18925e-05 0)
(0.289987 -5.47507e-05 0)
(0.290011 -4.77483e-05 0)
(0.290032 -4.10598e-05 0)
(0.29005 -3.4802e-05 0)
(0.290065 -2.90602e-05 0)
(0.290078 -2.38757e-05 0)
(0.290089 -1.92705e-05 0)
(0.290097 -1.52336e-05 0)
(0.353807 0.00220116 0)
(0.3531 0.00196579 0)
(0.352465 0.00173268 0)
(0.351903 0.00150645 0)
(0.351412 0.00129072 0)
(0.350989 0.00108829 0)
(0.35063 0.000901152 0)
(0.350331 0.00073063 0)
(0.350087 0.000577443 0)
(0.349891 0.000441798 0)
(0.34974 0.000323465 0)
(0.349627 0.000221858 0)
(0.349547 0.000136105 0)
(0.349495 6.51247e-05 0)
(0.349466 7.67703e-06 0)
(0.349457 -3.75688e-05 0)
(0.349462 -7.19921e-05 0)
(0.34948 -9.69728e-05 0)
(0.349505 -0.00011386 0)
(0.349537 -0.000123938 0)
(0.349573 -0.000128412 0)
(0.34961 -0.000128383 0)
(0.349648 -0.000124845 0)
(0.349685 -0.000118676 0)
(0.349721 -0.00011064 0)
(0.349755 -0.000101383 0)
(0.349785 -9.14474e-05 0)
(0.349813 -8.12733e-05 0)
(0.349839 -7.12097e-05 0)
(0.349861 -6.15219e-05 0)
(0.34988 -5.24051e-05 0)
(0.349896 -4.39904e-05 0)
(0.34991 -3.63587e-05 0)
(0.349922 -2.95447e-05 0)
(0.349931 -2.35501e-05 0)
(0.40372 0.0029488 0)
(0.403032 0.00264342 0)
(0.402412 0.00233891 0)
(0.401859 0.00204169 0)
(0.401374 0.00175687 0)
(0.400953 0.00148842 0)
(0.400594 0.00123924 0)
(0.400292 0.0010113 0)
(0.400043 0.000805772 0)
(0.399842 0.000623088 0)
(0.399684 0.000463095 0)
(0.399564 0.000325139 0)
(0.399476 0.00020817 0)
(0.399417 0.000110833 0)
(0.399381 3.15532e-05 0)
(0.399364 -3.13874e-05 0)
(0.399363 -7.97794e-05 0)
(0.399374 -0.00011543 0)
(0.399395 -0.000140113 0)
(0.399421 -0.000155529 0)
(0.399452 -0.000163272 0)
(0.399486 -0.000164814 0)
(0.39952 -0.000161483 0)
(0.399555 -0.000154457 0)
(0.399588 -0.000144763 0)
(0.399619 -0.00013328 0)
(0.399649 -0.000120744 0)
(0.399675 -0.000107757 0)
(0.399699 -9.47973e-05 0)
(0.399721 -8.22367e-05 0)
(0.399739 -7.03478e-05 0)
(0.399755 -5.93214e-05 0)
(0.399769 -4.92761e-05 0)
(0.39978 -4.0273e-05 0)
(0.39979 -3.23235e-05 0)
(0.44327 0.00364025 0)
(0.442662 0.00327336 0)
(0.442112 0.00290542 0)
(0.441619 0.00254453 0)
(0.441184 0.00219725 0)
(0.440805 0.0018687 0)
(0.44048 0.00156268 0)
(0.440205 0.00128184 0)
(0.439977 0.0010278 0)
(0.439791 0.000801289 0)
(0.439643 0.000602264 0)
(0.439529 0.00043006 0)
(0.439445 0.0002835 0)
(0.439386 0.000161014 0)
(0.439348 6.07437e-05 0)
(0.439328 -1.93595e-05 0)
(0.439322 -8.14501e-05 0)
(0.439327 -0.000127714 0)
(0.439342 -0.000160307 0)
(0.439362 -0.000181305 0)
(0.439387 -0.000192663 0)
(0.439414 -0.000196187 0)
(0.439443 -0.000193515 0)
(0.439472 -0.000186106 0)
(0.4395 -0.000175233 0)
(0.439527 -0.000161992 0)
(0.439552 -0.000147301 0)
(0.439575 -0.000131917 0)
(0.439596 -0.000116447 0)
(0.439615 -0.00010136 0)
(0.439631 -8.70101e-05 0)
(0.439646 -7.36444e-05 0)
(0.439658 -6.1424e-05 0)
(0.439668 -5.04359e-05 0)
(0.439677 -4.07078e-05 0)
(0.472483 0.00421703 0)
(0.472008 0.00380093 0)
(0.471575 0.00338177 0)
(0.471187 0.00296912 0)
(0.470843 0.00257074 0)
(0.470542 0.00219273 0)
(0.470282 0.0018397 0)
(0.470062 0.0015149 0)
(0.469878 0.00122037 0)
(0.469727 0.000957095 0)
(0.469607 0.000725192 0)
(0.469513 0.000524006 0)
(0.469442 0.000352286 0)
(0.469392 0.000208305 0)
(0.469358 8.99887e-05 0)
(0.469339 -4.97055e-06 0)
(0.469331 -7.90163e-05 0)
(0.469333 -0.000134641 0)
(0.469342 -0.00017431 0)
(0.469356 -0.000200408 0)
(0.469373 -0.000215185 0)
(0.469393 -0.000220727 0)
(0.469415 -0.000218929 0)
(0.469436 -0.000211483 0)
(0.469458 -0.000199873 0)
(0.469478 -0.000185373 0)
(0.469498 -0.00016906 0)
(0.469516 -0.000151823 0)
(0.469532 -0.000134376 0)
(0.469546 -0.000117277 0)
(0.469559 -0.000100947 0)
(0.46957 -8.56876e-05 0)
(0.46958 -7.16961e-05 0)
(0.469588 -5.90865e-05 0)
(0.469595 -4.79019e-05 0)
(0.491429 0.00463181 0)
(0.491124 0.00418122 0)
(0.490847 0.00372605 0)
(0.490598 0.00327688 0)
(0.490376 0.0028423 0)
(0.490182 0.00242914 0)
(0.490014 0.00204258 0)
(0.489871 0.0016863 0)
(0.489751 0.00136267 0)
(0.489653 0.00107291 0)
(0.489573 0.00081723 0)
(0.489511 0.000595016 0)
(0.489464 0.000404974 0)
(0.48943 0.00024528 0)
(0.489406 0.000113717 0)
(0.489392 7.79806e-06 0)
(0.489386 -7.51196e-05 0)
(0.489386 -0.000137742 0)
(0.48939 -0.000182755 0)
(0.489398 -0.000212759 0)
(0.489408 -0.000230215 0)
(0.489421 -0.000237409 0)
(0.489434 -0.000236419 0)
(0.489447 -0.000229107 0)
(0.48946 -0.000217105 0)
(0.489473 -0.000201821 0)
(0.489485 -0.000184445 0)
(0.489496 -0.000165961 0)
(0.489507 -0.000147164 0)
(0.489516 -0.000128677 0)
(0.489524 -0.000110972 0)
(0.489531 -9.4389e-05 0)
(0.489537 -7.91566e-05 0)
(0.489543 -6.54089e-05 0)
(0.489547 -5.32036e-05 0)
(0.500209 0.00485112 0)
(0.500101 0.00438224 0)
(0.500003 0.00390817 0)
(0.499915 0.00343987 0)
(0.499837 0.00298637 0)
(0.499768 0.00255483 0)
(0.499709 0.0021507 0)
(0.499658 0.00177791 0)
(0.499615 0.00143899 0)
(0.49958 0.00113528 0)
(0.499551 0.000867052 0)
(0.499528 0.000633716 0)
(0.499511 0.00043396 0)
(0.499498 0.000265914 0)
(0.499489 0.000127288 0)
(0.499484 1.55076e-05 0)
(0.499481 -7.21761e-05 0)
(0.49948 -0.000138577 0)
(0.499481 -0.000186496 0)
(0.499484 -0.000218645 0)
(0.499487 -0.000237597 0)
(0.499491 -0.000245738 0)
(0.499495 -0.000245248 0)
(0.499499 -0.000238073 0)
(0.499504 -0.000225925 0)
(0.499508 -0.000210282 0)
(0.499512 -0.000192394 0)
(0.499516 -0.000173294 0)
(0.49952 -0.000153823 0)
(0.499523 -0.000134636 0)
(0.499526 -0.000116235 0)
(0.499528 -9.89803e-05 0)
(0.49953 -8.3119e-05 0)
(0.499532 -6.87964e-05 0)
(0.499534 -5.60819e-05 0)
(0.49895 0.00485714 0)
(0.499048 0.00438702 0)
(0.499137 0.0039121 0)
(0.499219 0.00344321 0)
(0.499291 0.00298926 0)
(0.499354 0.00255737 0)
(0.499409 0.00215294 0)
(0.499456 0.00177989 0)
(0.499495 0.00144075 0)
(0.499527 0.00113682 0)
(0.499553 0.000868398 0)
(0.499573 0.000634884 0)
(0.499588 0.000434969 0)
(0.499598 0.000266779 0)
(0.499606 0.000128027 0)
(0.49961 1.61325e-05 0)
(0.499611 -7.1649e-05 0)
(0.499611 -0.000138138 0)
(0.499609 -0.000186132 0)
(0.499606 -0.000218349 0)
(0.499602 -0.000237358 0)
(0.499598 -0.000245552 0)
(0.499593 -0.000245105 0)
(0.499588 -0.000237969 0)
(0.499584 -0.000225854 0)
(0.499579 -0.000210241 0)
(0.499575 -0.000192376 0)
(0.499571 -0.000173299 0)
(0.499568 -0.000153845 0)
(0.499565 -0.000134676 0)
(0.499562 -0.000116291 0)
(0.49956 -9.90553e-05 0)
(0.499558 -8.32141e-05 0)
(0.499556 -6.89196e-05 0)
(0.499555 -5.62404e-05 0)
(0.487784 0.00464876 0)
(0.48808 0.0041947 0)
(0.488351 0.00373718 0)
(0.488594 0.00328633 0)
(0.488811 0.00285052 0)
(0.489 0.00243637 0)
(0.489164 0.00204897 0)
(0.489304 0.00169195 0)
(0.48942 0.00136766 0)
(0.489516 0.00107729 0)
(0.489593 0.000821054 0)
(0.489653 0.000598333 0)
(0.489699 0.000407835 0)
(0.489731 0.000247733 0)
(0.489753 0.000115808 0)
(0.489766 9.56938e-06 0)
(0.489771 -7.36288e-05 0)
(0.48977 -0.000136498 0)
(0.489765 -0.000181727 0)
(0.489757 -0.000211921 0)
(0.489746 -0.000229542 0)
(0.489733 -0.000236881 0)
(0.48972 -0.000236017 0)
(0.489706 -0.000228815 0)
(0.489693 -0.000216907 0)
(0.48968 -0.000201705 0)
(0.489668 -0.000184398 0)
(0.489656 -0.000165974 0)
(0.489646 -0.000147229 0)
(0.489637 -0.000128791 0)
(0.489629 -0.000111133 0)
(0.489622 -9.46014e-05 0)
(0.489616 -7.94285e-05 0)
(0.489611 -6.57578e-05 0)
(0.489607 -5.36561e-05 0)
(0.466838 0.00424187 0)
(0.467308 0.00382081 0)
(0.467736 0.00339826 0)
(0.468121 0.00298321 0)
(0.468461 0.00258301 0)
(0.468759 0.00220355 0)
(0.469016 0.00184928 0)
(0.469234 0.00152337 0)
(0.469416 0.00122783 0)
(0.469564 0.000963646 0)
(0.469683 0.000730895 0)
(0.469776 0.000528954 0)
(0.469845 0.000356541 0)
(0.469894 0.000211954 0)
(0.469927 9.30897e-05 0)
(0.469945 -2.33993e-06 0)
(0.469952 -7.68114e-05 0)
(0.46995 -0.000132796 0)
(0.46994 -0.000172794 0)
(0.469926 -0.000199167 0)
(0.469908 -0.000214197 0)
(0.469888 -0.000219947 0)
(0.469866 -0.000218342 0)
(0.469844 -0.000211052 0)
(0.469823 -0.000199587 0)
(0.469802 -0.000185201 0)
(0.469783 -0.000168998 0)
(0.469765 -0.000151843 0)
(0.469749 -0.00013448 0)
(0.469734 -0.000117446 0)
(0.469722 -0.000101192 0)
(0.46971 -8.60006e-05 0)
(0.469701 -7.21047e-05 0)
(0.469693 -5.96022e-05 0)
(0.469686 -4.85795e-05 0)
(0.436211 0.00366882 0)
(0.436817 0.00329644 0)
(0.437366 0.00292474 0)
(0.437857 0.00256112 0)
(0.438291 0.00221178 0)
(0.438668 0.00188152 0)
(0.438992 0.00157404 0)
(0.439266 0.00129187 0)
(0.439494 0.00103664 0)
(0.439679 0.000809016 0)
(0.439826 0.000608995 0)
(0.439939 0.000435867 0)
(0.440023 0.000288502 0)
(0.440081 0.000165277 0)
(0.440119 6.4378e-05 0)
(0.440138 -1.63008e-05 0)
(0.440144 -7.88719e-05 0)
(0.440138 -0.000125579 0)
(0.440124 -0.000158537 0)
(0.440103 -0.000179876 0)
(0.440078 -0.000191509 0)
(0.440051 -0.000195296 0)
(0.440022 -0.00019283 0)
(0.439993 -0.000185621 0)
(0.439965 -0.000174899 0)
(0.439938 -0.000161809 0)
(0.439913 -0.000147225 0)
(0.439889 -0.000131956 0)
(0.439868 -0.000116563 0)
(0.43985 -0.000101571 0)
(0.439833 -8.72885e-05 0)
(0.439819 -7.40214e-05 0)
(0.439807 -6.18915e-05 0)
(0.439797 -5.1049e-05 0)
(0.439789 -4.14903e-05 0)
(0.395971 0.00297681 0)
(0.39666 0.00266634 0)
(0.397282 0.00235831 0)
(0.397835 0.00205848 0)
(0.398321 0.00177164 0)
(0.398743 0.00150148 0)
(0.399102 0.00125081 0)
(0.399405 0.00102151 0)
(0.399654 0.00081474 0)
(0.399855 0.000630906 0)
(0.400013 0.00046988 0)
(0.400134 0.000330979 0)
(0.400221 0.000213181 0)
(0.400281 0.000115096 0)
(0.400317 3.51735e-05 0)
(0.400334 -2.83435e-05 0)
(0.400335 -7.72235e-05 0)
(0.400324 -0.000113314 0)
(0.400304 -0.000138366 0)
(0.400277 -0.000154118 0)
(0.400246 -0.00016214 0)
(0.400213 -0.00016394 0)
(0.400178 -0.000160817 0)
(0.400144 -0.000153986 0)
(0.400111 -0.000144446 0)
(0.400079 -0.00013311 0)
(0.40005 -0.000120684 0)
(0.400023 -0.000107806 0)
(0.399999 -9.49274e-05 0)
(0.399978 -8.24559e-05 0)
(0.39996 -7.06375e-05 0)
(0.399944 -5.97049e-05 0)
(0.39993 -4.97523e-05 0)
(0.399919 -4.08904e-05 0)
(0.399909 -3.31132e-05 0)
(0.346141 0.00222507 0)
(0.346852 0.00198571 0)
(0.34749 0.00174971 0)
(0.348055 0.00152136 0)
(0.348549 0.00130385 0)
(0.348974 0.00109996 0)
(0.349335 0.000911433 0)
(0.349635 0.000739721 0)
(0.349881 0.000585355 0)
(0.350078 0.000448715 0)
(0.35023 0.000329394 0)
(0.350344 0.000226988 0)
(0.350425 0.000140442 0)
(0.350478 6.88478e-05 0)
(0.350507 1.07806e-05 0)
(0.350517 -3.49197e-05 0)
(0.350512 -6.98214e-05 0)
(0.350495 -9.51335e-05 0)
(0.35047 -0.000112392 0)
(0.350438 -0.000122711 0)
(0.350403 -0.000127477 0)
(0.350365 -0.00012762 0)
(0.350328 -0.000124313 0)
(0.35029 -0.000118263 0)
(0.350255 -0.00011041 0)
(0.350221 -0.00010123 0)
(0.35019 -9.14414e-05 0)
(0.350162 -8.13114e-05 0)
(0.350137 -7.13697e-05 0)
(0.350115 -6.17068e-05 0)
(0.350096 -5.27037e-05 0)
(0.35008 -4.43162e-05 0)
(0.350066 -3.6818e-05 0)
(0.350054 -3.00709e-05 0)
(0.350045 -2.42811e-05 0)
(0.286702 0.00148123 0)
(0.28737 0.00131628 0)
(0.287965 0.00115489 0)
(0.288488 0.000999545 0)
(0.288943 0.000852458 0)
(0.289331 0.000715107 0)
(0.289658 0.000588785 0)
(0.289929 0.000474093 0)
(0.290148 0.000371542 0)
(0.29032 0.000281032 0)
(0.290452 0.00020247 0)
(0.290548 0.00013525 0)
(0.290614 7.88699e-05 0)
(0.290654 3.24051e-05 0)
(0.290672 -4.87674e-06 0)
(0.290674 -3.40511e-05 0)
(0.290663 -5.59305e-05 0)
(0.290641 -7.16075e-05 0)
(0.290612 -8.1862e-05 0)
(0.290578 -8.77094e-05 0)
(0.290541 -8.98224e-05 0)
(0.290503 -8.90831e-05 0)
(0.290465 -8.60174e-05 0)
(0.290428 -8.13496e-05 0)
(0.290393 -7.54469e-05 0)
(0.290361 -6.88766e-05 0)
(0.290331 -6.18554e-05 0)
(0.290304 -5.48108e-05 0)
(0.29028 -4.78294e-05 0)
(0.290259 -4.12248e-05 0)
(0.290241 -3.49811e-05 0)
(0.290226 -2.93262e-05 0)
(0.290213 -2.41699e-05 0)
(0.290203 -1.9683e-05 0)
(0.290194 -1.57277e-05 0)
(0.217601 0.000817363 0)
(0.218158 0.000722926 0)
(0.218651 0.000631182 0)
(0.219082 0.000543417 0)
(0.219453 0.000460767 0)
(0.219768 0.00038398 0)
(0.220031 0.000313686 0)
(0.220246 0.000250164 0)
(0.220417 0.000193622 0)
(0.220551 0.000143962 0)
(0.22065 0.000101072 0)
(0.22072 6.45831e-05 0)
(0.220766 3.41689e-05 0)
(0.220791 9.29489e-06 0)
(0.220799 -1.04816e-05 0)
(0.220793 -2.57692e-05 0)
(0.220777 -3.70453e-05 0)
(0.220754 -4.49202e-05 0)
(0.220725 -4.98451e-05 0)
(0.220692 -5.23809e-05 0)
(0.220658 -5.29138e-05 0)
(0.220623 -5.19254e-05 0)
(0.220589 -4.97166e-05 0)
(0.220557 -4.66781e-05 0)
(0.220526 -4.30201e-05 0)
(0.220498 -3.90442e-05 0)
(0.220472 -3.48756e-05 0)
(0.220449 -3.07376e-05 0)
(0.220429 -2.66823e-05 0)
(0.220411 -2.28702e-05 0)
(0.220396 -1.92959e-05 0)
(0.220383 -1.60736e-05 0)
(0.220373 -1.31561e-05 0)
(0.220364 -1.06279e-05 0)
(0.220357 -8.41488e-06 0)
(0.138762 0.000309597 0)
(0.139144 0.00027147 0)
(0.139479 0.000234758 0)
(0.139771 0.00020008 0)
(0.14002 0.000167649 0)
(0.140229 0.000137883 0)
(0.140402 0.000110797 0)
(0.140542 8.66311e-05 0)
(0.140653 6.52398e-05 0)
(0.140736 4.67275e-05 0)
(0.140797 3.08275e-05 0)
(0.140838 1.75505e-05 0)
(0.140863 6.55349e-06 0)
(0.140873 -2.20691e-06 0)
(0.140873 -9.11008e-06 0)
(0.140864 -1.42196e-05 0)
(0.140848 -1.792e-05 0)
(0.140828 -2.02688e-05 0)
(0.140804 -2.16321e-05 0)
(0.140779 -2.20443e-05 0)
(0.140753 -2.18392e-05 0)
(0.140727 -2.10187e-05 0)
(0.140701 -1.9878e-05 0)
(0.140677 -1.83828e-05 0)
(0.140655 -1.67908e-05 0)
(0.140635 -1.50319e-05 0)
(0.140616 -1.33311e-05 0)
(0.1406 -1.15861e-05 0)
(0.140586 -9.99632e-06 0)
(0.140573 -8.43256e-06 0)
(0.140563 -7.07608e-06 0)
(0.140554 -5.77728e-06 0)
(0.140547 -4.70637e-06 0)
(0.140541 -3.69856e-06 0)
(0.140536 -2.91728e-06 0)
(0.0501193 2.67727e-05 0)
(0.050266 2.37446e-05 0)
(0.0503936 2.08138e-05 0)
(0.0505031 1.8001e-05 0)
(0.0505955 1.53402e-05 0)
(0.0506721 1.28438e-05 0)
(0.0507343 1.05374e-05 0)
(0.0507835 8.42439e-06 0)
(0.0508212 6.5212e-06 0)
(0.0508488 4.82248e-06 0)
(0.0508677 3.33611e-06 0)
(0.0508793 2.04899e-06 0)
(0.0508848 9.61964e-07 0)
(0.0508853 5.58907e-08 0)
(0.050882 -6.73468e-07 0)
(0.0508756 -1.2492e-06 0)
(0.0508671 -1.67846e-06 0)
(0.050857 -1.98607e-06 0)
(0.0508461 -2.18e-06 0)
(0.0508348 -2.28496e-06 0)
(0.0508235 -2.30822e-06 0)
(0.0508124 -2.27245e-06 0)
(0.0508019 -2.18343e-06 0)
(0.0507921 -2.06128e-06 0)
(0.0507831 -1.90901e-06 0)
(0.050775 -1.74414e-06 0)
(0.0507678 -1.56644e-06 0)
(0.0507614 -1.39096e-06 0)
(0.0507559 -1.21458e-06 0)
(0.0507512 -1.04972e-06 0)
(0.0507473 -8.90708e-07 0)
(0.0507441 -7.47873e-07 0)
(0.0507414 -6.13351e-07 0)
(0.0507393 -4.97551e-07 0)
(0.0507376 -3.9303e-07 0)
(0.0507268 -2.46505e-07 0)
(0.0507277 -1.79284e-07 0)
(0.0507283 -1.30175e-07 0)
(0.0507287 -1.16602e-07 0)
(0.050729 -1.76977e-08 0)
(0.0507289 2.88464e-07 0)
(0.0507282 5.6806e-08 0)
(0.0507288 -1.42126e-06 0)
(0.0507278 2.02386e-06 0)
(0.0507213 5.37699e-06 0)
(0.140499 -2.11866e-06 0)
(0.140502 -1.50733e-06 0)
(0.140504 -1.00245e-06 0)
(0.140505 -6.00953e-07 0)
(0.140506 -2.35692e-07 0)
(0.140506 2.66978e-07 0)
(0.140506 5.75998e-07 0)
(0.140506 1.53315e-06 0)
(0.140503 3.01069e-06 0)
(0.140502 5.72604e-06 0)
(0.220292 -6.2219e-06 0)
(0.220296 -4.57331e-06 0)
(0.220299 -3.17684e-06 0)
(0.220301 -1.99584e-06 0)
(0.220303 -9.2072e-07 0)
(0.220303 1.38837e-07 0)
(0.220302 9.64096e-07 0)
(0.220303 1.89687e-06 0)
(0.220303 4.62637e-06 0)
(0.220298 7.58827e-06 0)
(0.290104 -1.17453e-05 0)
(0.290109 -8.75979e-06 0)
(0.290113 -6.22192e-06 0)
(0.290116 -4.0408e-06 0)
(0.290119 -2.13082e-06 0)
(0.29012 -4.37803e-07 0)
(0.290119 1.09693e-06 0)
(0.290121 3.07874e-06 0)
(0.290121 5.77823e-06 0)
(0.290117 8.00362e-06 0)
(0.349939 -1.83457e-05 0)
(0.349945 -1.38807e-05 0)
(0.349949 -1.00746e-05 0)
(0.349953 -6.81908e-06 0)
(0.349956 -4.01046e-06 0)
(0.349957 -1.62067e-06 0)
(0.349957 4.7265e-07 0)
(0.349959 3.03593e-06 0)
(0.349961 5.99537e-06 0)
(0.349958 8.23206e-06 0)
(0.399797 -2.54022e-05 0)
(0.399804 -1.94507e-05 0)
(0.399808 -1.43796e-05 0)
(0.399812 -1.0065e-05 0)
(0.399815 -6.39206e-06 0)
(0.399817 -3.3168e-06 0)
(0.399818 -7.14088e-07 0)
(0.399821 2.14646e-06 0)
(0.399823 5.13388e-06 0)
(0.399821 7.30212e-06 0)
(0.439684 -3.22194e-05 0)
(0.439689 -2.49124e-05 0)
(0.439694 -1.86925e-05 0)
(0.439698 -1.34327e-05 0)
(0.439701 -9.00763e-06 0)
(0.439702 -5.34633e-06 0)
(0.439704 -2.32069e-06 0)
(0.439707 6.93086e-07 0)
(0.43971 3.56666e-06 0)
(0.439709 5.56956e-06 0)
(0.469601 -3.81312e-05 0)
(0.469605 -2.97188e-05 0)
(0.469609 -2.25729e-05 0)
(0.469612 -1.65688e-05 0)
(0.469615 -1.15784e-05 0)
(0.469617 -7.50967e-06 0)
(0.469618 -4.22663e-06 0)
(0.469622 -1.24033e-06 0)
(0.469625 1.36363e-06 0)
(0.469624 3.09779e-06 0)
(0.489551 -4.25385e-05 0)
(0.489554 -3.33642e-05 0)
(0.489557 -2.55943e-05 0)
(0.489559 -1.91121e-05 0)
(0.489561 -1.37936e-05 0)
(0.489562 -9.53014e-06 0)
(0.489563 -6.19177e-06 0)
(0.489567 -3.43168e-06 0)
(0.489571 -1.27556e-06 0)
(0.48957 5.07851e-08 0)
(0.499535 -4.4979e-05 0)
(0.499537 -3.54468e-05 0)
(0.499538 -2.74052e-05 0)
(0.499539 -2.07511e-05 0)
(0.49954 -1.53655e-05 0)
(0.499541 -1.1136e-05 0)
(0.499542 -7.93671e-06 0)
(0.499545 -5.58257e-06 0)
(0.499548 -4.0369e-06 0)
(0.499548 -3.24831e-06 0)
(0.499554 -4.51891e-05 0)
(0.499553 -3.57266e-05 0)
(0.499552 -2.77863e-05 0)
(0.499552 -2.12754e-05 0)
(0.499553 -1.60903e-05 0)
(0.499552 -1.21113e-05 0)
(0.499553 -9.23126e-06 0)
(0.499555 -7.42619e-06 0)
(0.499559 -6.59709e-06 0)
(0.499558 -6.42464e-06 0)
(0.489603 -4.31353e-05 0)
(0.489601 -3.41624e-05 0)
(0.489599 -2.66802e-05 0)
(0.489597 -2.06127e-05 0)
(0.489596 -1.58701e-05 0)
(0.489595 -1.23344e-05 0)
(0.489595 -9.91404e-06 0)
(0.489597 -8.74812e-06 0)
(0.4896 -8.67848e-06 0)
(0.489598 -9.1259e-06 0)
(0.469681 -3.90171e-05 0)
(0.469677 -3.09148e-05 0)
(0.469673 -2.41962e-05 0)
(0.469671 -1.88329e-05 0)
(0.469669 -1.47233e-05 0)
(0.469667 -1.17792e-05 0)
(0.469666 -9.89802e-06 0)
(0.469668 -9.40461e-06 0)
(0.469669 -1.00579e-05 0)
(0.469667 -1.10617e-05 0)
(0.439782 -3.32686e-05 0)
(0.439776 -2.63082e-05 0)
(0.439772 -2.06209e-05 0)
(0.439768 -1.61202e-05 0)
(0.439766 -1.27984e-05 0)
(0.439764 -1.04959e-05 0)
(0.439762 -9.19307e-06 0)
(0.439763 -9.30685e-06 0)
(0.439764 -1.0604e-05 0)
(0.439761 -1.20654e-05 0)
(0.399901 -2.64564e-05 0)
(0.399895 -2.08588e-05 0)
(0.39989 -1.63297e-05 0)
(0.399887 -1.28123e-05 0)
(0.399884 -1.03117e-05 0)
(0.399881 -8.66622e-06 0)
(0.399879 -7.88399e-06 0)
(0.399879 -8.52533e-06 0)
(0.399879 -1.03442e-05 0)
(0.399875 -1.2171e-05 0)
(0.350037 -1.92526e-05 0)
(0.350031 -1.51548e-05 0)
(0.350026 -1.17791e-05 0)
(0.350022 -9.31335e-06 0)
(0.350019 -7.5517e-06 0)
(0.350017 -6.56605e-06 0)
(0.350014 -6.2164e-06 0)
(0.350014 -7.25838e-06 0)
(0.350013 -9.43713e-06 0)
(0.350009 -1.15135e-05 0)
(0.290187 -1.2441e-05 0)
(0.290181 -9.6618e-06 0)
(0.290177 -7.52196e-06 0)
(0.290173 -5.88878e-06 0)
(0.290171 -4.88931e-06 0)
(0.290168 -4.37016e-06 0)
(0.290166 -4.39751e-06 0)
(0.290165 -5.45163e-06 0)
(0.290164 -7.72302e-06 0)
(0.290159 -9.91636e-06 0)
(0.220351 -6.58583e-06 0)
(0.220347 -5.05235e-06 0)
(0.220343 -3.87893e-06 0)
(0.220341 -2.98486e-06 0)
(0.220339 -2.49519e-06 0)
(0.220337 -2.3783e-06 0)
(0.220334 -2.43613e-06 0)
(0.220334 -2.91661e-06 0)
(0.220333 -5.44538e-06 0)
(0.220327 -8.44544e-06 0)
(0.140533 -2.19021e-06 0)
(0.14053 -1.68168e-06 0)
(0.140528 -1.21363e-06 0)
(0.140526 -9.25621e-07 0)
(0.140525 -7.06339e-07 0)
(0.140523 -8.32483e-07 0)
(0.140522 -8.75679e-07 0)
(0.140522 -1.70543e-06 0)
(0.140519 -3.06059e-06 0)
(0.140517 -5.81982e-06 0)
(0.0507363 -3.11158e-07 0)
(0.0507354 -2.35433e-07 0)
(0.0507346 -1.5796e-07 0)
(0.0507341 -6.00096e-08 0)
(0.0507339 -7.53948e-08 0)
(0.0507334 -3.59301e-07 0)
(0.0507324 -1.10782e-07 0)
(0.0507329 1.40193e-06 0)
(0.050732 -1.93856e-06 0)
(0.0507256 -5.24232e-06 0)
)
;

boundaryField
{
    inlet
    {
        type            fixedProfile;
        profile         csvFile;
        profileCoeffs
        {
            nHeaderLine     0;
            refColumn       0;
            componentColumns 3(1 2 3);
            separator       ",";
            mergeSeparators 0;
            file            "0/Uprofile.csv";
        }
        direction       (0 1 0);
        origin          0;
        value           nonuniform List<vector> 10((0.19 0 0) (0.51 0 0) (0.75 0 0) (0.91 0 0) (0.99 0 0) (0.99 0 0) (0.91 0 0) (0.75 0 0) (0.51 0 0) (0.19 0 0));
    }
    outlet
    {
        type            zeroGradient;
    }
    upperWall
    {
        type            noSlip;
    }
    lowerWall
    {
        type            noSlip;
    }
    frontAndBack
    {
        type            empty;
    }
}


// ************************************************************************* //
