/*--------------------------------*- C++ -*----------------------------------*\
| =========                 |                                                 |
| \\      /  F ield         | OpenFOAM: The Open Source CFD Toolbox           |
|  \\    /   O peration     | Version:  2406                                  |
|   \\  /    A nd           | Website:  www.openfoam.com                      |
|    \\/     M anipulation  |                                                 |
\*---------------------------------------------------------------------------*/
FoamFile
{
    version     2.0;
    format      ascii;
    arch        "LSB;label=32;scalar=64";
    class       volVectorField;
    location    "2000";
    object      U;
}
// * * * * * * * * * * * * * * * * * * * * * * * * * * * * * * * * * * * * * //

dimensions      [0 1 -1 0 0 0 0];

internalField   nonuniform List<vector> 
1964
(
(0.099663 -0.00133871 0)
(0.101324 -0.00222207 0)
(0.10323 -0.00204953 0)
(0.105666 -0.00165112 0)
(0.10793 -0.00130028 0)
(0.109791 -0.00101437 0)
(0.111349 -0.000785043 0)
(0.112696 -0.000609101 0)
(0.113862 -0.000478127 0)
(0.114869 -0.00038079 0)
(0.115742 -0.00030813 0)
(0.116508 -0.000253827 0)
(0.117187 -0.0002135 0)
(0.117795 -0.000183697 0)
(0.118345 -0.000162122 0)
(0.118849 -0.00014699 0)
(0.119319 -0.000137353 0)
(0.119763 -0.000132444 0)
(0.120192 -0.000132172 0)
(0.120614 -0.000136495 0)
(0.121041 -0.000146057 0)
(0.121484 -0.000161539 0)
(0.121958 -0.000184458 0)
(0.122479 -0.000216472 0)
(0.123071 -0.000260399 0)
(0.123759 -0.000319472 0)
(0.124581 -0.000398675 0)
(0.125584 -0.000503957 0)
(0.126828 -0.000644052 0)
(0.128394 -0.000829698 0)
(0.130389 -0.0010762 0)
(0.132952 -0.00140271 0)
(0.136269 -0.00183584 0)
(0.140583 -0.002409 0)
(0.146213 -0.00316714 0)
(0.153578 -0.00416545 0)
(0.163219 -0.00547408 0)
(0.175826 -0.00717354 0)
(0.192261 -0.00935511 0)
(0.21357 -0.0121064 0)
(0.240976 -0.0154992 0)
(0.275815 -0.0195506 0)
(0.319445 -0.0241985 0)
(0.372971 -0.0291843 0)
(0.436982 -0.0340724 0)
(0.511 -0.0380092 0)
(0.592944 -0.0400522 0)
(0.277084 -0.00117445 0)
(0.276206 -0.00243062 0)
(0.275597 -0.00275258 0)
(0.27546 -0.00271388 0)
(0.275671 -0.00256676 0)
(0.276063 -0.00236159 0)
(0.276559 -0.00212778 0)
(0.277124 -0.00189753 0)
(0.277728 -0.00168818 0)
(0.278346 -0.00150362 0)
(0.278962 -0.00134314 0)
(0.279568 -0.00120535 0)
(0.280158 -0.00108853 0)
(0.28073 -0.000990753 0)
(0.281286 -0.000910204 0)
(0.281826 -0.000845496 0)
(0.282355 -0.000795746 0)
(0.282875 -0.000760665 0)
(0.283393 -0.00074059 0)
(0.283917 -0.000736631 0)
(0.284456 -0.000750771 0)
(0.28502 -0.00078611 0)
(0.285626 -0.000847098 0)
(0.286291 -0.00093994 0)
(0.287041 -0.00107306 0)
(0.287908 -0.00125783 0)
(0.288931 -0.00150937 0)
(0.290164 -0.00184784 0)
(0.291677 -0.0022999 0)
(0.29356 -0.00290078 0)
(0.295932 -0.00369689 0)
(0.298946 -0.00474914 0)
(0.302802 -0.00613706 0)
(0.30776 -0.00796364 0)
(0.314154 -0.0103607 0)
(0.322412 -0.0134942 0)
(0.333078 -0.0175676 0)
(0.346835 -0.0228213 0)
(0.364528 -0.0295233 0)
(0.387178 -0.0379472 0)
(0.415999 -0.0483256 0)
(0.452343 -0.0607718 0)
(0.49772 -0.0751957 0)
(0.553437 -0.0910075 0)
(0.620701 -0.10727 0)
(0.699537 -0.121581 0)
(0.788186 -0.131224 0)
(0.43721 -0.000678764 0)
(0.436766 -0.00155552 0)
(0.436232 -0.00192092 0)
(0.435711 -0.0020365 0)
(0.435323 -0.00205906 0)
(0.435068 -0.00202288 0)
(0.434909 -0.00194129 0)
(0.434825 -0.00183669 0)
(0.434802 -0.00172735 0)
(0.43483 -0.00162174 0)
(0.434897 -0.00152303 0)
(0.434995 -0.00143313 0)
(0.435118 -0.00135341 0)
(0.435261 -0.00128479 0)
(0.435423 -0.0012279 0)
(0.435602 -0.00118349 0)
(0.435798 -0.00115262 0)
(0.436013 -0.00113691 0)
(0.436248 -0.00113865 0)
(0.436508 -0.00116111 0)
(0.436799 -0.00120874 0)
(0.437129 -0.00128766 0)
(0.437507 -0.00140602 0)
(0.43795 -0.00157476 0)
(0.438475 -0.00180835 0)
(0.439108 -0.00212602 0)
(0.439881 -0.00255303 0)
(0.440837 -0.00312284 0)
(0.442033 -0.00387923 0)
(0.443543 -0.00487993 0)
(0.445461 -0.00620023 0)
(0.447914 -0.0079387 0)
(0.451062 -0.0102229 0)
(0.455118 -0.0132179 0)
(0.460353 -0.0171339 0)
(0.46712 -0.0222359 0)
(0.475875 -0.0288508 0)
(0.487203 -0.037371 0)
(0.501853 -0.0482453 0)
(0.520782 -0.0619569 0)
(0.545196 -0.0789487 0)
(0.576555 -0.0995381 0)
(0.61673 -0.123684 0)
(0.667387 -0.150665 0)
(0.731446 -0.179251 0)
(0.809118 -0.205079 0)
(0.901071 -0.224684 0)
(0.577296 -0.000408569 0)
(0.577079 -0.00106385 0)
(0.576748 -0.00145954 0)
(0.576312 -0.00166449 0)
(0.57591 -0.00176354 0)
(0.57559 -0.00179355 0)
(0.575332 -0.00177079 0)
(0.575117 -0.00171389 0)
(0.57494 -0.00164072 0)
(0.574796 -0.00156268 0)
(0.574681 -0.00148588 0)
(0.57459 -0.00141411 0)
(0.574518 -0.00135022 0)
(0.574464 -0.00129632 0)
(0.574426 -0.00125411 0)
(0.574404 -0.00122514 0)
(0.574397 -0.00121132 0)
(0.574408 -0.00121509 0)
(0.574436 -0.00123975 0)
(0.574486 -0.00128974 0)
(0.574561 -0.00137108 0)
(0.574666 -0.00149181 0)
(0.574809 -0.00166272 0)
(0.574998 -0.00189805 0)
(0.575247 -0.00221673 0)
(0.575571 -0.00264365 0)
(0.575992 -0.00321167 0)
(0.576538 -0.00396389 0)
(0.577247 -0.00495698 0)
(0.578165 -0.00626502 0)
(0.579355 -0.00798501 0)
(0.580901 -0.0102432 0)
(0.582909 -0.0132038 0)
(0.585522 -0.0170788 0)
(0.588924 -0.0221407 0)
(0.593365 -0.0287361 0)
(0.599176 -0.0373012 0)
(0.606807 -0.0483755 0)
(0.616873 -0.0626072 0)
(0.630237 -0.0807538 0)
(0.648073 -0.103603 0)
(0.672072 -0.131947 0)
(0.704449 -0.166063 0)
(0.747904 -0.205686 0)
(0.80734 -0.248999 0)
(0.88255 -0.288579 0)
(0.984385 -0.323133 0)
(0.697338 -0.000273545 0)
(0.697217 -0.000762148 0)
(0.697013 -0.00110826 0)
(0.696678 -0.00131603 0)
(0.696323 -0.00142983 0)
(0.696011 -0.00148244 0)
(0.69574 -0.00149003 0)
(0.695494 -0.00146578 0)
(0.695272 -0.00142301 0)
(0.695075 -0.00137203 0)
(0.6949 -0.00131926 0)
(0.694744 -0.00126886 0)
(0.694604 -0.00122401 0)
(0.694479 -0.00118731 0)
(0.694367 -0.00116098 0)
(0.694266 -0.00114718 0)
(0.694177 -0.00114838 0)
(0.694099 -0.00116765 0)
(0.694033 -0.00120896 0)
(0.693978 -0.00127759 0)
(0.693936 -0.00138046 0)
(0.693909 -0.00152686 0)
(0.6939 -0.00172898 0)
(0.693911 -0.00200303 0)
(0.693948 -0.00237029 0)
(0.694016 -0.00285886 0)
(0.694124 -0.00350561 0)
(0.694281 -0.00435899 0)
(0.694502 -0.00548248 0)
(0.694805 -0.00695931 0)
(0.695213 -0.00889827 0)
(0.695758 -0.0114415 0)
(0.696482 -0.0147744 0)
(0.697444 -0.019138 0)
(0.698725 -0.024845 0)
(0.700439 -0.0323005 0)
(0.702755 -0.0420255 0)
(0.705929 -0.0546897 0)
(0.71035 -0.0711418 0)
(0.71667 -0.0924596 0)
(0.725839 -0.119939 0)
(0.739787 -0.155193 0)
(0.760575 -0.19967 0)
(0.79435 -0.254864 0)
(0.844027 -0.320531 0)
(0.92131 -0.385339 0)
(1.04264 -0.464621 0)
(0.797362 -0.000191532 0)
(0.797288 -0.000550645 0)
(0.797156 -0.00082849 0)
(0.796892 -0.00101559 0)
(0.796578 -0.00113135 0)
(0.796282 -0.00119706 0)
(0.796011 -0.00122513 0)
(0.795754 -0.00122468 0)
(0.795512 -0.00120521 0)
(0.795286 -0.00117524 0)
(0.795079 -0.00114096 0)
(0.794888 -0.00110668 0)
(0.79471 -0.00107577 0)
(0.794545 -0.00105108 0)
(0.79439 -0.00103519 0)
(0.794245 -0.00103059 0)
(0.794107 -0.00104003 0)
(0.793976 -0.00106685 0)
(0.793849 -0.00111523 0)
(0.793726 -0.00119063 0)
(0.793604 -0.00130017 0)
(0.793482 -0.00145327 0)
(0.793358 -0.00166231 0)
(0.793228 -0.00194364 0)
(0.793088 -0.00231877 0)
(0.792935 -0.00281597 0)
(0.792761 -0.00347238 0)
(0.792559 -0.0043368 0)
(0.792318 -0.00547318 0)
(0.792025 -0.00696542 0)
(0.791663 -0.00892347 0)
(0.79121 -0.0114914 0)
(0.790637 -0.0148581 0)
(0.789914 -0.0192711 0)
(0.789002 -0.0250552 0)
(0.787864 -0.0326377 0)
(0.786469 -0.0425815 0)
(0.784815 -0.0556324 0)
(0.782952 -0.0727842 0)
(0.781118 -0.0953723 0)
(0.77968 -0.125214 0)
(0.780182 -0.1648 0)
(0.783447 -0.217652 0)
(0.799518 -0.288167 0)
(0.822378 -0.384621 0)
(0.909988 -0.496498 0)
(1.01364 -0.702256 0)
(0.877376 -0.000134087 0)
(0.877327 -0.000393593 0)
(0.877236 -0.000604889 0)
(0.877017 -0.00075859 0)
(0.876738 -0.000861111 0)
(0.876459 -0.000924396 0)
(0.876192 -0.000957539 0)
(0.875932 -0.000967428 0)
(0.875679 -0.000960959 0)
(0.875436 -0.000944692 0)
(0.875207 -0.000923857 0)
(0.87499 -0.000902298 0)
(0.874785 -0.000883047 0)
(0.87459 -0.000868705 0)
(0.874403 -0.000861667 0)
(0.874223 -0.000864289 0)
(0.874047 -0.000879165 0)
(0.873873 -0.000909377 0)
(0.873699 -0.000958809 0)
(0.87352 -0.00103245 0)
(0.873332 -0.00113683 0)
(0.873131 -0.00128052 0)
(0.872908 -0.00147478 0)
(0.872655 -0.00173444 0)
(0.872361 -0.002079 0)
(0.872011 -0.00253408 0)
(0.871585 -0.00313335 0)
(0.871058 -0.00392097 0)
(0.870397 -0.004955 0)
(0.869559 -0.00631156 0)
(0.868487 -0.00809076 0)
(0.867108 -0.0104241 0)
(0.865327 -0.0134851 0)
(0.863023 -0.0175023 0)
(0.860038 -0.0227793 0)
(0.856177 -0.02972 0)
(0.851192 -0.0388674 0)
(0.844787 -0.0509562 0)
(0.836599 -0.0669992 0)
(0.826259 -0.0884016 0)
(0.81327 -0.117207 0)
(0.797677 -0.156302 0)
(0.778192 -0.210551 0)
(0.761017 -0.286279 0)
(0.732648 -0.400027 0)
(0.781885 -0.5563 0)
(0.721927 -0.904042 0)
(0.937385 -8.95974e-05 0)
(0.937349 -0.000268208 0)
(0.93728 -0.000417016 0)
(0.937092 -0.000530404 0)
(0.936837 -0.000609914 0)
(0.936572 -0.000661848 0)
(0.93631 -0.000692256 0)
(0.936049 -0.000705965 0)
(0.935789 -0.00070756 0)
(0.935536 -0.000701497 0)
(0.935291 -0.00069157 0)
(0.935057 -0.000680728 0)
(0.934832 -0.000671336 0)
(0.934614 -0.000665461 0)
(0.934403 -0.00066504 0)
(0.934197 -0.000672018 0)
(0.933992 -0.000688528 0)
(0.933785 -0.000717097 0)
(0.933573 -0.000760877 0)
(0.93335 -0.000823905 0)
(0.933109 -0.000911428 0)
(0.932842 -0.00103031 0)
(0.932539 -0.00118955 0)
(0.932185 -0.00140099 0)
(0.931764 -0.00168016 0)
(0.93125 -0.00204746 0)
(0.930615 -0.0025297 0)
(0.929817 -0.00316207 0)
(0.928805 -0.00399078 0)
(0.92751 -0.00507662 0)
(0.925843 -0.00649956 0)
(0.923686 -0.0083651 0)
(0.920885 -0.0108127 0)
(0.917242 -0.0140277 0)
(0.912492 -0.0182575 0)
(0.906295 -0.0238347 0)
(0.898203 -0.0312116 0)
(0.887632 -0.0410091 0)
(0.873816 -0.054096 0)
(0.855757 -0.0716968 0)
(0.832086 -0.0956126 0)
(0.80109 -0.128402 0)
(0.759758 -0.174301 0)
(0.705388 -0.238732 0)
(0.624392 -0.33491 0)
(0.526305 -0.480214 0)
(0.20417 -0.724236 0)
(0.977391 -5.20701e-05 0)
(0.97736 -0.000160513 0)
(0.977304 -0.000250702 0)
(0.977133 -0.000321312 0)
(0.976893 -0.000372754 0)
(0.976638 -0.000408024 0)
(0.97638 -0.00043046 0)
(0.976119 -0.00044287 0)
(0.975856 -0.000447876 0)
(0.975595 -0.000448075 0)
(0.975341 -0.000445785 0)
(0.975095 -0.000442889 0)
(0.974857 -0.000440927 0)
(0.974624 -0.000441253 0)
(0.974397 -0.00044515 0)
(0.974172 -0.000453917 0)
(0.973946 -0.000468972 0)
(0.973717 -0.000491988 0)
(0.973477 -0.000525035 0)
(0.973222 -0.000570756 0)
(0.972942 -0.000632563 0)
(0.972629 -0.000714915 0)
(0.972268 -0.000823641 0)
(0.971841 -0.000966389 0)
(0.971327 -0.00115319 0)
(0.970696 -0.0013972 0)
(0.969909 -0.00171571 0)
(0.968915 -0.00213138 0)
(0.96765 -0.00267403 0)
(0.966025 -0.00338284 0)
(0.963927 -0.00430949 0)
(0.961206 -0.0055222 0)
(0.957666 -0.00711147 0)
(0.953049 -0.00919788 0)
(0.947012 -0.0119431 0)
(0.939103 -0.015566 0)
(0.92872 -0.0203654 0)
(0.91506 -0.0267545 0)
(0.897038 -0.0353133 0)
(0.873182 -0.0468628 0)
(0.841453 -0.0625922 0)
(0.799041 -0.0841848 0)
(0.741878 -0.11417 0)
(0.664384 -0.155629 0)
(0.558028 -0.213632 0)
(0.410939 -0.28731 0)
(0.193726 -0.364429 0)
(0.997393 -1.80085e-05 0)
(0.997366 -6.17671e-05 0)
(0.997315 -9.58674e-05 0)
(0.997151 -0.000122943 0)
(0.996918 -0.00014371 0)
(0.996667 -0.000159194 0)
(0.996411 -0.000170499 0)
(0.99615 -0.000178575 0)
(0.995884 -0.000184312 0)
(0.99562 -0.000188599 1.15837e-34)
(0.995361 -0.00019225 0)
(0.995108 -0.000195948 0)
(0.994862 -0.000200258 0)
(0.994622 -0.000205686 0)
(0.994385 -0.000212716 0)
(0.99415 -0.000221841 1.15843e-34)
(0.993913 -0.000233598 0)
(0.99367 -0.000248618 0)
(0.993415 -0.000267671 0)
(0.993142 -0.000291728 0)
(0.992841 -0.000322033 0)
(0.992502 -0.000360191 0)
(0.992109 -0.000408289 0)
(0.991643 -0.000469044 -1.16001e-34)
(0.991078 -0.000546001 0)
(0.990383 -0.000643791 0)
(0.989514 -0.000768469 0)
(0.988416 -0.000927965 0)
(0.987015 -0.00113268 0)
(0.985214 -0.00139626 0)
(0.982887 -0.0017367 0)
(0.979868 -0.00217776 0)
(0.975936 -0.00275094 0)
(0.970803 -0.00349828 0)
(0.964083 -0.00447626 0)
(0.955266 -0.00576139 0)
(0.943667 -0.00745844 0)
(0.928365 -0.00971251 0)
(0.908106 -0.012727 0)
(0.881176 -0.0167892 0)
(0.8452 -0.0223093 0)
(0.796909 -0.0298642 -1.77989e-34)
(0.731685 -0.0402574 0)
(0.643573 -0.0545226 0)
(0.523921 -0.0736987 0)
(0.367681 -0.0984292 0)
(0.15523 -0.117318 0)
(0.997393 1.50076e-05 0)
(0.997365 3.44024e-05 0)
(0.997314 5.56117e-05 0)
(0.99715 7.22909e-05 0)
(0.996916 8.30597e-05 0)
(0.996664 8.84201e-05 0)
(0.996408 8.93047e-05 0)
(0.996145 8.65676e-05 0)
(0.995878 8.10086e-05 0)
(0.995613 7.34195e-05 -1.15842e-34)
(0.995352 6.45098e-05 0)
(0.995098 5.48483e-05 0)
(0.994851 4.48835e-05 0)
(0.994608 3.49966e-05 0)
(0.99437 2.55393e-05 0)
(0.994132 1.68642e-05 -1.15853e-34)
(0.993893 9.3596e-06 0)
(0.993647 3.49479e-06 0)
(0.99339 -1.31153e-07 0)
(0.993114 -7.30914e-07 0)
(0.99281 2.74077e-06 0)
(0.992467 1.16789e-05 0)
(0.99207 2.79418e-05 0)
(0.991599 5.40022e-05 1.16023e-34)
(0.991031 9.31411e-05 0)
(0.99033 0.000149707 0)
(0.989456 0.000229452 0)
(0.988352 0.000339974 0)
(0.986944 0.000491309 0)
(0.985137 0.00069672 0)
(0.982802 0.00097375 0)
(0.979774 0.00134565 0)
(0.975833 0.00184335 0)
(0.97069 0.0025082 0)
(0.963959 0.00339581 0)
(0.95513 0.00458164 0)
(0.943517 0.00616912 0)
(0.928199 0.00830165 0)
(0.907922 0.0111805 0)
(0.880973 0.0150907 0)
(0.844976 0.0204394 0)
(0.796662 0.0278005 1.78215e-34)
(0.731417 0.0379747 0)
(0.643293 0.0519936 0)
(0.52364 0.0709102 0)
(0.367493 0.0953163 0)
(0.155268 0.114452 0)
(0.977391 4.9106e-05 0)
(0.97736 0.000133693 0)
(0.977302 0.000211229 0)
(0.977129 0.000271626 0)
(0.976887 0.00031325 0)
(0.976629 0.000338584 0)
(0.976369 0.000350799 0)
(0.976105 0.000352606 0)
(0.975838 0.000346539 0)
(0.975573 0.000335097 0)
(0.975315 0.000320496 0)
(0.975065 0.000304508 0)
(0.974821 0.000288557 0)
(0.974584 0.000273875 0)
(0.97435 0.000261617 0)
(0.974119 0.000252942 0)
(0.973886 0.000249122 0)
(0.973649 0.000251673 0)
(0.973401 0.000262499 0)
(0.973137 0.000284059 0)
(0.972848 0.000319576 0)
(0.972523 0.000373298 0)
(0.97215 0.000450835 0)
(0.971711 0.000559592 0)
(0.971184 0.000709345 0)
(0.970537 0.000912978 0)
(0.969734 0.00118747 0)
(0.968723 0.00155517 0)
(0.967438 0.00204554 0)
(0.965791 0.00269738 0)
(0.96367 0.00356193 0)
(0.960925 0.00470694 0)
(0.957357 0.00622233 0)
(0.952709 0.00822801 0)
(0.946639 0.0108849 0)
(0.938693 0.0144106 0)
(0.928269 0.0191029 0)
(0.914564 0.0253731 0)
(0.89649 0.0337992 0)
(0.872577 0.0451992 0)
(0.840785 0.0607591 0)
(0.798305 0.0821574 0)
(0.741071 0.111918 0)
(0.663512 0.153112 0)
(0.557129 0.210804 0)
(0.41016 0.284116 0)
(0.19333 0.361181 0)
(0.937385 8.67035e-05 0)
(0.937347 0.000242474 0)
(0.937276 0.000379104 0)
(0.937085 0.000482647 0)
(0.936826 0.000552702 0)
(0.936557 0.000595082 0)
(0.936291 0.000615672 0)
(0.936025 0.000619204 0)
(0.935759 0.000610174 0)
(0.935499 0.000592945 0)
(0.935248 0.000571211 0)
(0.935006 0.000547815 0)
(0.934772 0.000525011 0)
(0.934546 0.000504747 0)
(0.934325 0.000488838 0)
(0.934108 0.000479096 0)
(0.933891 0.000477512 0)
(0.933672 0.000486463 0)
(0.933445 0.000508942 0)
(0.933207 0.000548812 0)
(0.932949 0.000611137 0)
(0.932665 0.000702578 0)
(0.932342 0.000831932 0)
(0.931967 0.0010108 0)
(0.931522 0.00125446 0)
(0.930984 0.00158307 0)
(0.930321 0.00202314 0)
(0.929493 0.00260954 0)
(0.928449 0.00338817 0)
(0.927119 0.00441942 0)
(0.925412 0.00578289 0)
(0.923213 0.00758359 0)
(0.920367 0.0099605 0)
(0.916672 0.0130983 0)
(0.911867 0.0172435 0)
(0.905609 0.0227279 0)
(0.897448 0.0300025 0)
(0.886802 0.0396865 0)
(0.8729 0.0526465 0)
(0.854746 0.0701042 0)
(0.830967 0.0938562 0)
(0.799851 0.126455 0)
(0.758387 0.172125 0)
(0.703871 0.236276 0)
(0.622783 0.33206 0)
(0.524497 0.476728 0)
(0.204021 0.719666 0)
(0.877376 0.000131305 0)
(0.877325 0.000369483 0)
(0.87723 0.000569316 0)
(0.877008 0.000713736 0)
(0.876723 0.000807359 0)
(0.876438 0.000861675 0)
(0.876165 0.000885616 0)
(0.875898 0.00088598 0)
(0.875636 0.00086957 0)
(0.875385 0.000842861 0)
(0.875145 0.000810982 0)
(0.874918 0.000777686 0)
(0.874701 0.000745894 0)
(0.874493 0.000718104 0)
(0.874292 0.000696585 0)
(0.874096 0.000683582 0)
(0.873904 0.000681544 0)
(0.873712 0.000693426 0)
(0.873518 0.000722946 0)
(0.873317 0.000774952 0)
(0.873106 0.000855785 0)
(0.872879 0.000973838 0)
(0.872629 0.00114017 0)
(0.872346 0.00136941 0)
(0.872019 0.0016808 0)
(0.871633 0.00209975 0)
(0.871168 0.00265962 0)
(0.870599 0.00340433 0)
(0.869892 0.00439156 0)
(0.869004 0.00569717 0)
(0.867877 0.00742081 0)
(0.866438 0.00969369 0)
(0.864593 0.0126886 0)
(0.862217 0.0166339 0)
(0.859155 0.0218321 0)
(0.855207 0.0286866 0)
(0.850127 0.037739 0)
(0.843616 0.0497229 0)
(0.835309 0.0656486 0)
(0.824836 0.086919 0)
(0.811696 0.115572 0)
(0.795928 0.154491 0)
(0.776245 0.208525 0)
(0.758786 0.283987 0)
(0.730124 0.397372 0)
(0.778397 0.553162 0)
(0.717908 0.89997 0)
(0.797362 0.000188894 0)
(0.797286 0.000528674 0)
(0.797149 0.000796016 0)
(0.796879 0.000974605 0)
(0.796559 0.00108224 0)
(0.796255 0.00113978 0)
(0.795975 0.0011595 0)
(0.795709 0.00115042 0)
(0.795456 0.00112195 0)
(0.795219 0.00108252 0)
(0.794999 0.00103824 0)
(0.794793 0.000993341 0)
(0.7946 0.000951078 0)
(0.794418 0.000914221 0)
(0.794244 0.000885224 0)
(0.794079 0.000866479 0)
(0.793919 0.000860622 0)
(0.793764 0.000870846 0)
(0.793611 0.000901213 0)
(0.79346 0.000957023 0)
(0.793307 0.00104526 0)
(0.793152 0.00117516 0)
(0.792991 0.00135894 0)
(0.792821 0.00161274 0)
(0.792639 0.00195787 0)
(0.792439 0.00242237 0)
(0.792214 0.00304314 0)
(0.791957 0.0038687 0)
(0.791656 0.00496273 0)
(0.791298 0.00640881 0)
(0.790864 0.00831656 0)
(0.790333 0.0108297 0)
(0.789677 0.0141366 0)
(0.788861 0.0184844 0)
(0.787849 0.0241974 0)
(0.7866 0.0317021 0)
(0.785083 0.0415606 0)
(0.783293 0.0545175 0)
(0.78128 0.071565 0)
(0.779277 0.0940359 0)
(0.777647 0.123744 0)
(0.777925 0.163175 0)
(0.780929 0.215847 0)
(0.796644 0.286146 0)
(0.819083 0.382381 0)
(0.905931 0.494061 0)
(1.00899 0.699955 0)
(0.697338 0.000271097 0)
(0.697214 0.00074283 0)
(0.697004 0.00107965 0)
(0.696662 0.0012799 0)
(0.696298 0.00138659 0)
(0.695977 0.00143208 0)
(0.695695 0.00143242 0)
(0.695438 0.00140068 0)
(0.695202 0.00135012 0)
(0.69499 0.00129095 0)
(0.694798 0.00122953 0)
(0.694625 0.00116993 0)
(0.694466 0.00111527 0)
(0.694319 0.00106803 0)
(0.694183 0.00103036 0)
(0.694058 0.00100432 0)
(0.693941 0.000992281 0)
(0.693833 0.00099718 0)
(0.693733 0.00102291 0)
(0.693643 0.00107457 0)
(0.693563 0.00115902 0)
(0.693494 0.00128532 0)
(0.693439 0.00146559 0)
(0.6934 0.00171579 0)
(0.693383 0.00205709 0)
(0.693393 0.00251732 0)
(0.693437 0.00313319 0)
(0.693525 0.00395284 0)
(0.69367 0.0050396 0)
(0.693891 0.00647629 0)
(0.694211 0.00837152 0)
(0.694659 0.010867 0)
(0.695279 0.0141478 0)
(0.696128 0.0184544 0)
(0.697284 0.0240996 0)
(0.698863 0.0314872 0)
(0.701031 0.0411385 0)
(0.704041 0.0537214 0)
(0.708281 0.0700847 0)
(0.7144 0.0913034 0)
(0.723341 0.118672 0)
(0.737028 0.153802 0)
(0.757513 0.198142 0)
(0.790916 0.253187 0)
(0.840169 0.318734 0)
(0.916904 0.383509 0)
(1.03782 0.463061 0)
(0.577296 0.000406328 0)
(0.577075 0.00104764 0)
(0.576737 0.00143555 0)
(0.576293 0.00163427 0)
(0.57588 0.00172749 0)
(0.575548 0.00175173 0)
(0.575277 0.00172312 0)
(0.575047 0.00166019 0)
(0.574853 0.00158071 0)
(0.574691 0.00149607 0)
(0.574556 0.00141227 0)
(0.574443 0.00133308 0)
(0.574347 0.00126125 0)
(0.574266 0.00119886 0)
(0.5742 0.00114748 0)
(0.574146 0.00110863 0)
(0.574106 0.0010841 0)
(0.574079 0.00107626 0)
(0.574068 0.0010883 0)
(0.574074 0.00112458 0)
(0.574101 0.00119099 0)
(0.574155 0.00129548 0)
(0.574242 0.00144867 0)
(0.574371 0.0016647 0)
(0.574554 0.0019623 0)
(0.574806 0.00236624 0)
(0.57515 0.00290914 0)
(0.575612 0.00363394 0)
(0.576229 0.00459698 0)
(0.577048 0.00587221 0)
(0.578132 0.00755621 0)
(0.579562 0.00977506 0)
(0.581444 0.0126925 0)
(0.583919 0.0165203 0)
(0.587174 0.0215304 0)
(0.591454 0.0280695 0)
(0.597089 0.0365729 0)
(0.60453 0.0475804 0)
(0.614386 0.0617392 0)
(0.62752 0.0798068 0)
(0.6451 0.10257 0)
(0.66881 0.130822 0)
(0.700863 0.164841 0)
(0.743945 0.204372 0)
(0.80297 0.247617 0)
(0.877732 0.287184 0)
(0.979173 0.321846 0)
(0.43721 0.000676732 0)
(0.436761 0.0015428 0)
(0.436219 0.00190226 0)
(0.435687 0.00201329 0)
(0.435286 0.00203172 0)
(0.435016 0.00199152 0)
(0.434841 0.00190586 0)
(0.434739 0.00179703 0)
(0.434696 0.00168328 0)
(0.434701 0.001573 0)
(0.434744 0.00146936 0)
(0.434815 0.00137419 0)
(0.434908 0.00128885 0)
(0.435019 0.0012142 0)
(0.435146 0.00115079 0)
(0.435288 0.00109934 0)
(0.435443 0.00106082 0)
(0.435614 0.00103681 0)
(0.435802 0.00102952 0)
(0.43601 0.00104215 0)
(0.436245 0.00107907 0)
(0.436513 0.00114633 0)
(0.436826 0.00125194 0)
(0.437197 0.00140678 0)
(0.437645 0.00162516 0)
(0.438194 0.0019262 0)
(0.438876 0.00233499 0)
(0.439734 0.00288481 0)
(0.440823 0.00361922 0)
(0.442216 0.00459572 0)
(0.444009 0.0058893 0)
(0.446326 0.00759826 0)
(0.449327 0.00984985 0)
(0.453223 0.0128087 0)
(0.458285 0.0166848 0)
(0.464865 0.0217429 0)
(0.473417 0.0283096 0)
(0.484525 0.0367777 0)
(0.498936 0.0475953 0)
(0.517605 0.0612469 0)
(0.541736 0.0781752 0)
(0.572783 0.0986999 0)
(0.612617 0.122783 0)
(0.662902 0.149707 0)
(0.726563 0.178257 0)
(0.803819 0.204071 0)
(0.895373 0.2237 0)
(0.277083 0.00117259 0)
(0.2762 0.00242107 0)
(0.27558 0.00273902 0)
(0.275429 0.00269769 0)
(0.275623 0.00254844 0)
(0.275998 0.00234127 0)
(0.276474 0.00210544 0)
(0.277017 0.00187305 0)
(0.277598 0.00166141 0)
(0.278191 0.00147439 0)
(0.278779 0.00131127 0)
(0.279354 0.00117065 0)
(0.279911 0.0010508 0)
(0.280448 0.000949729 0)
(0.280965 0.000865624 0)
(0.281464 0.000797033 0)
(0.281948 0.000743077 0)
(0.28242 0.000703389 0)
(0.282886 0.000678311 0)
(0.283354 0.000668863 0)
(0.283831 0.000677033 0)
(0.28433 0.000705815 0)
(0.284864 0.000759656 0)
(0.285453 0.000844629 0)
(0.286119 0.000969153 0)
(0.286895 0.00114441 0)
(0.28782 0.00138551 0)
(0.288946 0.00171235 0)
(0.290344 0.00215153 0)
(0.292101 0.00273795 0)
(0.294336 0.00351788 0)
(0.297201 0.0045518 0)
(0.300896 0.00591907 0)
(0.305676 0.00772214 0)
(0.311877 0.0100928 0)
(0.319923 0.0131963 0)
(0.330357 0.0172365 0)
(0.343861 0.0224536 0)
(0.361277 0.0291163 0)
(0.383627 0.0374983 0)
(0.412122 0.0478342 0)
(0.448113 0.060238 0)
(0.493113 0.0746236 0)
(0.548431 0.0904026 0)
(0.615278 0.106643 0)
(0.693693 0.120945 0)
(0.781927 0.130592 0)
(0.0996619 0.00133724 0)
(0.101315 0.00221785 0)
(0.10321 0.00204411 0)
(0.105632 0.00164528 0)
(0.107881 0.00129426 0)
(0.109727 0.0010082 0)
(0.111269 0.000778598 0)
(0.112598 0.000602285 0)
(0.113745 0.000470802 0)
(0.114732 0.000372929 0)
(0.115584 0.000299639 0)
(0.116327 0.000244695 0)
(0.11698 0.000203608 0)
(0.117561 0.000173017 0)
(0.118082 0.000150505 0)
(0.118556 0.000134403 0)
(0.118992 0.000123636 0)
(0.1194 0.000117561 0)
(0.11979 0.000115945 0)
(0.12017 0.000118873 0)
(0.120552 0.000126829 0)
(0.120946 0.000140636 0)
(0.121366 0.000161623 0)
(0.12183 0.000191612 0)
(0.122359 0.000233193 0)
(0.122979 0.000289783 0)
(0.123727 0.000366079 0)
(0.124649 0.000468241 0)
(0.125804 0.000604627 0)
(0.127273 0.000786209 0)
(0.129161 0.00102779 0)
(0.131605 0.00134881 0)
(0.134789 0.00177522 0)
(0.138954 0.00234076 0)
(0.144417 0.00308959 0)
(0.151593 0.00407736 0)
(0.161019 0.00537336 0)
(0.173383 0.00705877 0)
(0.189544 0.00922407 0)
(0.210543 0.0119577 0)
(0.237604 0.0153313 0)
(0.272061 0.0193631 0)
(0.315275 0.023992 0)
(0.368354 0.0289596 0)
(0.431897 0.0338309 0)
(0.50544 0.0377577 0)
(0.586911 0.0397875 0)
(0.678747 -0.03921 0)
(0.76206 -0.0349707 0)
(0.836118 -0.0284033 0)
(0.896824 -0.0211802 0)
(0.943613 -0.0142641 0)
(0.977784 -0.00800166 0)
(0.882303 -0.132014 0)
(0.974772 -0.121538 0)
(1.05837 -0.10398 0)
(1.1295 -0.0846374 0)
(1.18802 -0.0660465 0)
(1.235 -0.0491291 0)
(1.0046 -0.228032 0)
(1.11052 -0.209904 0)
(1.20617 -0.180488 0)
(1.2858 -0.148988 0)
(1.3491 -0.118406 0)
(1.39736 -0.0902012 0)
(1.11873 -0.332382 0)
(1.25837 -0.311033 0)
(1.36745 -0.271894 0)
(1.43789 -0.225638 0)
(1.47892 -0.178336 0)
(1.50005 -0.13537 0)
(1.22626 -0.488163 0)
(1.35597 -0.449226 0)
(1.38972 -0.372458 0)
(1.35709 -0.282879 0)
(1.30423 -0.20167 0)
(1.25112 -0.139154 0)
(1.20129 -0.699083 0)
(1.11446 -0.516257 0)
(0.90436 -0.319909 0)
(0.717687 -0.168851 0)
(0.579476 -0.0643317 0)
(0.481335 0.00405701 0)
(0.733963 -0.604372 0)
(0.255679 -0.153108 0)
(-0.137912 0.0892185 0)
(-0.12107 0.0723487 0)
(-0.148332 0.0303757 0)
(-0.129568 -0.0366431 0)
(0.728935 0.60162 0)
(0.250259 0.149682 0)
(-0.141636 -0.0885464 0)
(-0.127694 -0.0750166 0)
(-0.153937 -0.042469 0)
(-0.130682 0.0143053 0)
(1.19577 0.697772 0)
(1.1082 0.514515 0)
(0.897663 0.31819 0)
(0.712047 0.167381 0)
(0.57689 0.0635571 0)
(0.479455 -0.00401804 0)
(1.22125 0.487313 0)
(1.3509 0.448688 0)
(1.38467 0.371787 0)
(1.35244 0.281346 0)
(1.30017 0.198788 0)
(1.24731 0.135198 0)
(1.11336 0.331352 0)
(1.25308 0.310192 0)
(1.36225 0.270878 0)
(1.43258 0.223753 0)
(1.47313 0.175067 0)
(1.49352 0.130802 0)
(0.998584 0.22709 0)
(1.1043 0.208942 0)
(1.19978 0.179318 0)
(1.27909 0.147313 0)
(1.34171 0.115956 0)
(1.38889 0.0869052 0)
(0.875646 0.131374 0)
(0.967733 0.120846 0)
(1.05093 0.103139 0)
(1.12154 0.0835144 0)
(1.1793 0.0644936 0)
(1.22518 0.0470499 0)
(0.672245 0.0389335 0)
(0.755072 0.034661 0)
(0.828579 0.0280332 0)
(0.888593 0.0207021 0)
(0.934445 0.0136337 0)
(0.967349 0.00717339 0)
(1.00099 -0.00253821 0)
(1.01466 0.00212181 0)
(1.02057 0.00637146 0)
(1.01835 0.0106445 0)
(1.00848 0.0149746 0)
(0.99179 0.0192037 0)
(0.968729 0.0232529 0)
(0.939424 0.0271671 0)
(0.903757 0.0310255 0)
(0.861438 0.0348497 0)
(0.812117 0.0385504 0)
(0.755555 0.0419026 0)
(0.691818 0.0445493 0)
(0.621442 0.0460354 0)
(0.545558 0.0458704 0)
(0.465953 0.0436212 0)
(0.385051 0.039033 0)
(0.305779 0.0321669 0)
(0.231303 0.0235212 0)
(0.164629 0.0140789 0)
(0.108144 0.00520575 0)
(0.0631787 -0.00168016 0)
(0.0297496 -0.00570159 0)
(0.00682997 -0.00722049 0)
(-0.00778668 -0.00764788 0)
(-0.016455 -0.00728849 0)
(-0.0204536 -0.00616678 0)
(-0.0209683 -0.00487278 0)
(-0.0190797 -0.00374928 0)
(-0.016009 -0.00271269 0)
(-0.0117102 -0.00199059 0)
(-0.00584292 -0.00203543 0)
(0.00225654 -0.00279859 0)
(0.0132237 -0.00399675 0)
(0.0273967 -0.00542405 0)
(0.0449472 -0.00694058 0)
(0.0658322 -0.00842472 0)
(0.0898141 -0.00978119 0)
(0.116521 -0.0109512 0)
(0.145494 -0.011906 0)
(0.176284 -0.0126522 0)
(0.20835 -0.0131921 0)
(0.241603 -0.0136292 0)
(0.274713 -0.0137897 0)
(0.310821 -0.0144016 0)
(0.338224 -0.013403 0)
(0.391636 -0.0164383 0)
(1.27173 -0.0344566 0)
(1.29987 -0.0220454 0)
(1.32074 -0.0112354 0)
(1.33686 -0.0013178 0)
(1.34948 0.00799751 0)
(1.35885 0.0168505 0)
(1.36495 0.0255076 0)
(1.36749 0.0343573 0)
(1.36593 0.0437751 0)
(1.35949 0.0540146 0)
(1.34714 0.065136 0)
(1.32772 0.0769696 0)
(1.30004 0.0890993 0)
(1.26298 0.10087 0)
(1.21569 0.111414 0)
(1.15772 0.119717 0)
(1.08928 0.124727 0)
(1.01134 0.125532 0)
(0.925783 0.121574 0)
(0.835313 0.112841 0)
(0.743231 0.0999692 0)
(0.653098 0.084173 0)
(0.568315 0.066999 0)
(0.491819 0.0499828 0)
(0.425702 0.0342821 0)
(0.371221 0.0207013 0)
(0.328979 0.00965862 0)
(0.298646 0.00107728 0)
(0.279376 -0.00544103 0)
(0.269792 -0.0106023 0)
(0.270204 -0.0149269 0)
(0.27897 -0.0189214 0)
(0.29444 -0.0229739 0)
(0.315359 -0.0272447 0)
(0.340721 -0.0316788 0)
(0.369711 -0.0361009 0)
(0.401636 -0.0402973 0)
(0.435876 -0.0440765 0)
(0.47187 -0.0473025 0)
(0.509094 -0.0499083 0)
(0.547118 -0.0518944 0)
(0.585487 -0.0533213 0)
(0.624185 -0.0543059 0)
(0.662092 -0.0549635 0)
(0.702411 -0.0556432 0)
(0.733675 -0.0558415 0)
(0.792365 -0.0587997 0)
(1.43302 -0.0658847 0)
(1.45924 -0.0456804 0)
(1.4786 -0.0288741 0)
(1.49267 -0.0147075 0)
(1.50249 -0.00247052 0)
(1.50925 0.00856418 0)
(1.51395 0.0191803 0)
(1.51703 0.0301552 0)
(1.51856 0.0421559 0)
(1.51836 0.0556605 0)
(1.51609 0.0708919 0)
(1.51129 0.0877884 0)
(1.50337 0.106011 0)
(1.49164 0.124953 0)
(1.47519 0.143733 0)
(1.45295 0.161201 0)
(1.42377 0.175992 0)
(1.38663 0.186669 0)
(1.34094 0.191954 0)
(1.28685 0.190998 0)
(1.22539 0.183602 0)
(1.15855 0.170296 0)
(1.08912 0.152241 0)
(1.02029 0.13099 0)
(0.955259 0.108202 0)
(0.896823 0.085322 0)
(0.847086 0.0633842 0)
(0.80735 0.0430093 0)
(0.778099 0.0244621 0)
(0.759395 0.00769188 0)
(0.750062 -0.0076013 0)
(0.749631 -0.0215526 0)
(0.756962 -0.0342177 0)
(0.770749 -0.0456105 0)
(0.78969 -0.0557132 0)
(0.81257 -0.0644876 0)
(0.838307 -0.0718927 0)
(0.86598 -0.0779134 0)
(0.89482 -0.0825794 0)
(0.924208 -0.0859768 0)
(0.953669 -0.0882424 0)
(0.982812 -0.0895804 0)
(1.01151 -0.0901881 0)
(1.03917 -0.0904751 0)
(1.06743 -0.0904162 0)
(1.08983 -0.0913496 0)
(1.12792 -0.0919801 0)
(1.50916 -0.0997573 0)
(1.51256 -0.0705815 0)
(1.51404 -0.0466224 0)
(1.51515 -0.0271047 0)
(1.51662 -0.0111004 0)
(1.51868 0.00254022 0)
(1.52128 0.0150188 0)
(1.52442 0.0274696 0)
(1.52791 0.0408413 0)
(1.53139 0.0558081 0)
(1.5344 0.0727092 0)
(1.53652 0.0915145 0)
(1.53738 0.111903 0)
(1.53668 0.13335 0)
(1.53407 0.155147 0)
(1.52911 0.176363 0)
(1.52116 0.19581 0)
(1.50949 0.212085 0)
(1.49333 0.223729 0)
(1.47211 0.229454 0)
(1.44561 0.228402 0)
(1.41418 0.220328 0)
(1.37879 0.205656 0)
(1.34101 0.185393 0)
(1.30276 0.160942 0)
(1.26609 0.133849 0)
(1.23289 0.105577 0)
(1.20466 0.0773682 0)
(1.18239 0.0501661 0)
(1.16654 0.0246112 0)
(1.15704 0.00105089 0)
(1.15324 -0.0203607 0)
(1.15442 -0.0394791 0)
(1.15969 -0.0561987 0)
(1.16814 -0.0704802 0)
(1.17887 -0.0823456 0)
(1.19108 -0.0918694 0)
(1.20409 -0.0991783 0)
(1.21731 -0.104452 0)
(1.23031 -0.10792 0)
(1.24275 -0.109853 0)
(1.2544 -0.110569 0)
(1.26511 -0.110363 0)
(1.27477 -0.109752 0)
(1.28342 -0.108641 0)
(1.2903 -0.108982 0)
(1.29827 -0.107039 0)
(1.20467 -0.0968975 0)
(1.17074 -0.0670039 0)
(1.14823 -0.0442051 0)
(1.13465 -0.0263643 0)
(1.1285 -0.0122776 0)
(1.12908 -0.000676657 0)
(1.13544 0.00978985 0)
(1.147 0.0203357 0)
(1.16318 0.0320531 0)
(1.18324 0.0457575 0)
(1.20638 0.0618775 0)
(1.23168 0.0804646 0)
(1.25835 0.101223 0)
(1.28558 0.12364 0)
(1.31249 0.147046 0)
(1.33805 0.170546 0)
(1.36114 0.192942 0)
(1.38078 0.212758 0)
(1.39619 0.228396 0)
(1.40695 0.238368 0)
(1.41294 0.241544 0)
(1.41436 0.237331 0)
(1.41171 0.225776 0)
(1.40573 0.207544 0)
(1.39735 0.183805 0)
(1.38759 0.156033 0)
(1.37747 0.12579 0)
(1.36789 0.0945734 0)
(1.35953 0.0636891 0)
(1.35279 0.0341775 0)
(1.34782 0.00678581 0)
(1.34436 -0.0180113 0)
(1.34208 -0.0398989 0)
(1.34055 -0.0587082 0)
(1.33931 -0.0744043 0)
(1.33791 -0.0870592 0)
(1.33595 -0.0968263 0)
(1.33311 -0.103926 0)
(1.32918 -0.108636 0)
(1.32405 -0.11128 0)
(1.3177 -0.112217 0)
(1.3102 -0.111828 0)
(1.30159 -0.110486 0)
(1.29225 -0.108629 0)
(1.28127 -0.106406 0)
(1.27227 -0.105004 0)
(1.25329 -0.101669 0)
(0.412476 0.0235267 0)
(0.393609 0.0225515 0)
(0.398782 0.0161623 0)
(0.413086 0.0105667 0)
(0.432422 0.00677116 0)
(0.456354 0.0044828 0)
(0.485662 0.00362189 0)
(0.519568 0.00489437 0)
(0.557176 0.00922526 0)
(0.597723 0.0172275 0)
(0.64068 0.0289763 0)
(0.686555 0.0439446 0)
(0.735281 0.061777 0)
(0.786766 0.0821679 0)
(0.840565 0.104776 0)
(0.895625 0.129006 0)
(0.950373 0.15372 0)
(1.00307 0.17723 0)
(1.05219 0.197516 0)
(1.09665 0.212599 0)
(1.13593 0.220891 0)
(1.1699 0.221461 0)
(1.1988 0.214145 0)
(1.22299 0.199517 0)
(1.24289 0.178733 0)
(1.25891 0.15331 0)
(1.27142 0.124847 0)
(1.28077 0.0948938 0)
(1.28727 0.064886 0)
(1.29112 0.0360226 0)
(1.29246 0.0092435 0)
(1.29131 -0.0148298 0)
(1.28763 -0.0358005 0)
(1.28133 -0.0534697 0)
(1.27233 -0.0678015 0)
(1.26062 -0.0788923 0)
(1.24635 -0.0869534 0)
(1.2298 -0.0922916 0)
(1.21138 -0.0952842 0)
(1.19158 -0.0963501 0)
(1.17094 -0.0959278 0)
(1.15002 -0.0944319 0)
(1.12922 -0.0922906 0)
(1.10922 -0.089732 0)
(1.08932 -0.0873431 0)
(1.07346 -0.0844685 0)
(1.04848 -0.0826294 0)
(-0.0589688 -0.108771 0)
(0.0229444 -0.0833243 0)
(0.0842711 -0.0718754 0)
(0.123011 -0.0647113 0)
(0.149376 -0.0589058 0)
(0.171638 -0.054711 0)
(0.192908 -0.0518027 0)
(0.214153 -0.0484822 0)
(0.235748 -0.0430416 0)
(0.257787 -0.0346537 0)
(0.280604 -0.0236213 0)
(0.303706 -0.0102757 0)
(0.328836 0.00485698 0)
(0.35849 0.0218806 0)
(0.394545 0.0412513 0)
(0.437555 0.063259 0)
(0.486615 0.0873951 0)
(0.539958 0.112193 0)
(0.595569 0.135501 0)
(0.651561 0.154938 0)
(0.706367 0.168397 0)
(0.758807 0.174464 0)
(0.808032 0.172644 0)
(0.853415 0.163335 0)
(0.894427 0.1476 0)
(0.930528 0.12698 0)
(0.961208 0.103198 0)
(0.986191 0.0778851 0)
(1.00541 0.0524688 0)
(1.01883 0.0280447 0)
(1.02669 0.00546322 0)
(1.02863 -0.0144406 0)
(1.02494 -0.0311709 0)
(1.01619 -0.0445729 0)
(1.00321 -0.0547418 0)
(0.987054 -0.0619633 0)
(0.968876 -0.0666626 0)
(0.949836 -0.0693428 0)
(0.931019 -0.0705242 0)
(0.91337 -0.0706961 0)
(0.897666 -0.0702931 0)
(0.884465 -0.0696509 0)
(0.874228 -0.069097 0)
(0.866936 -0.0685831 0)
(0.863414 -0.0688998 0)
(0.861247 -0.0676028 0)
(0.866781 -0.0713789 0)
(-0.0131132 -0.137335 0)
(-0.0203203 -0.111635 0)
(-0.00546608 -0.0794274 0)
(-0.0025991 -0.0607686 0)
(-0.00960941 -0.0498558 0)
(-0.022051 -0.0446528 0)
(-0.0364638 -0.0429036 0)
(-0.04935 -0.0417881 0)
(-0.0578407 -0.0389466 0)
(-0.0603123 -0.0332109 0)
(-0.0564032 -0.0246465 0)
(-0.0467021 -0.0143128 0)
(-0.0327868 -0.0035908 0)
(-0.0154795 0.00702357 0)
(0.00414876 0.0186313 0)
(0.02817 0.0321802 0)
(0.0571726 0.0482236 0)
(0.0919198 0.0660712 0)
(0.132595 0.0840291 0)
(0.178528 0.0999678 0)
(0.228492 0.111862 0)
(0.280973 0.1182 0)
(0.334394 0.118342 0)
(0.387175 0.112737 0)
(0.437655 0.102412 0)
(0.484547 0.0877888 0)
(0.526546 0.0699378 0)
(0.562635 0.0509724 0)
(0.592189 0.0324288 0)
(0.615465 0.0152731 0)
(0.631353 0.000357045 0)
(0.642548 -0.0122481 0)
(0.65104 -0.022801 0)
(0.65841 -0.0316391 0)
(0.66597 -0.0390859 0)
(0.674723 -0.0454434 0)
(0.685347 -0.0509812 0)
(0.698229 -0.0559181 0)
(0.713519 -0.0604181 0)
(0.731177 -0.0645998 0)
(0.751052 -0.0685516 0)
(0.772846 -0.0723393 0)
(0.796489 -0.0760372 0)
(0.821004 -0.0795955 0)
(0.848664 -0.0834028 0)
(0.870481 -0.0858614 0)
(0.91413 -0.0928015 0)
(-0.0220988 -0.0978211 0)
(-0.0667832 -0.0843159 0)
(-0.100525 -0.0526504 0)
(-0.138772 -0.0299837 0)
(-0.182085 -0.0171726 0)
(-0.226666 -0.0137081 0)
(-0.269167 -0.0160424 0)
(-0.307236 -0.0206451 0)
(-0.338996 -0.0245989 0)
(-0.363092 -0.0258373 0)
(-0.379652 -0.0234225 0)
(-0.389522 -0.0175724 0)
(-0.394043 -0.00912026 0)
(-0.394373 0.00099018 0)
(-0.391086 0.0118991 0)
(-0.384158 0.0234542 0)
(-0.372018 0.0356858 0)
(-0.353072 0.0479475 0)
(-0.325914 0.0591057 0)
(-0.289875 0.0680016 0)
(-0.24515 0.0736204 0)
(-0.192664 0.075263 0)
(-0.133918 0.0729172 0)
(-0.0715397 0.0675091 0)
(-0.00989237 0.0589625 0)
(0.049501 0.0447212 0)
(0.113673 0.0275485 0)
(0.181519 0.0110537 0)
(0.249733 -0.00422088 0)
(0.316625 -0.0181492 0)
(0.383849 -0.0310385 0)
(0.449895 -0.0431205 0)
(0.513658 -0.0544281 0)
(0.574638 -0.0648526 0)
(0.632611 -0.0742798 0)
(0.687487 -0.082651 0)
(0.739275 -0.0899619 0)
(0.788053 -0.0962515 0)
(0.83394 -0.101595 0)
(0.877069 -0.1061 0)
(0.917589 -0.109893 0)
(0.95561 -0.113137 0)
(0.991398 -0.115945 0)
(1.02464 -0.118615 0)
(1.05731 -0.120975 0)
(1.0827 -0.123903 0)
(1.12432 -0.127121 0)
(-0.035134 -0.0390982 0)
(-0.113972 -0.023192 0)
(-0.183124 0.00795532 0)
(-0.248546 0.0276949 0)
(-0.308107 0.0365206 0)
(-0.362331 0.0353347 0)
(-0.410725 0.0274205 0)
(-0.453138 0.0165624 8.90153e-35)
(-0.489848 0.00615888 0)
(-0.521473 -0.00128629 0)
(-0.547981 -0.00460636 0)
(-0.569311 -0.00389966 0)
(-0.585305 -0.000135447 8.2953e-35)
(-0.595586 0.00533116 0)
(-0.599353 0.0111135 0)
(-0.595701 0.0162276 0)
(-0.582926 0.0199798 0)
(-0.558653 0.0216872 0)
(-0.520722 0.0208426 0)
(-0.468163 0.0171586 0)
(-0.400684 0.0103905 0)
(-0.31911 0.000275772 0)
(-0.225095 -0.0133155 -3.12441e-37)
(-0.121976 -0.0293901 0)
(-0.0142982 -0.0464803 0)
(0.0970617 -0.0625604 0)
(0.210713 -0.0768698 0)
(0.323142 -0.0904146 0)
(0.430732 -0.103055 0)
(0.531733 -0.114404 0)
(0.625398 -0.124203 0)
(0.711335 -0.132272 0)
(0.789482 -0.138586 0)
(0.859998 -0.143269 0)
(0.923168 -0.146538 0)
(0.979382 -0.148631 0)
(1.02911 -0.149773 0)
(1.07285 -0.150168 5.09156e-36)
(1.11114 -0.149996 0)
(1.14447 -0.149423 0)
(1.17331 -0.14859 0)
(1.19808 -0.147657 1.95698e-36)
(1.21914 -0.146696 0)
(1.23686 -0.146069 0)
(1.25155 -0.145272 0)
(1.26276 -0.146472 0)
(1.27443 -0.144831 0)
(-0.0306912 0.0263475 0)
(-0.108268 0.0452448 0)
(-0.169914 0.0690967 0)
(-0.221657 0.0821264 0)
(-0.262952 0.0849045 0)
(-0.294852 0.0784475 0)
(-0.318929 0.0656688 0)
(-0.337431 0.0501388 -1.07899e-34)
(-0.35243 0.0349721 0)
(-0.365169 0.0222627 0)
(-0.375902 0.0129875 0)
(-0.384158 0.00705504 0)
(-0.388832 0.00341431 -1.19724e-34)
(-0.388309 0.000488446 0)
(-0.380506 -0.00320449 0)
(-0.363646 -0.00875207 0)
(-0.335475 -0.0167313 0)
(-0.29389 -0.027959 0)
(-0.237466 -0.0428816 0)
(-0.165021 -0.0610019 0)
(-0.0775974 -0.0815431 0)
(0.0221457 -0.103735 0)
(0.130875 -0.126183 3.30229e-37)
(0.246348 -0.147678 0)
(0.365184 -0.167116 0)
(0.48369 -0.182993 0)
(0.598266 -0.195134 0)
(0.706137 -0.204055 0)
(0.805467 -0.20992 0)
(0.895122 -0.212845 0)
(0.974552 -0.213152 0)
(1.04367 -0.211296 0)
(1.10275 -0.207787 0)
(1.15236 -0.203128 0)
(1.19319 -0.197753 0)
(1.22606 -0.192 0)
(1.25177 -0.186114 0)
(1.27112 -0.180264 -4.32873e-36)
(1.28486 -0.174564 0)
(1.29366 -0.169096 0)
(1.29809 -0.163915 0)
(1.29871 -0.159084 -1.81352e-36)
(1.2958 -0.154613 0)
(1.29016 -0.150733 0)
(1.28047 -0.146972 0)
(1.2722 -0.145364 0)
(1.24919 -0.13986 0)
(-0.0163638 0.0804119 0)
(-0.0650378 0.0986989 0)
(-0.0949231 0.109095 0)
(-0.114303 0.111948 0)
(-0.124786 0.10622 0)
(-0.127946 0.0932355 0)
(-0.12621 0.0762275 0)
(-0.122036 0.0585599 0)
(-0.116927 0.0425956 0)
(-0.11122 0.0294152 0)
(-0.104656 0.0191064 0)
(-0.0968199 0.011018 0)
(-0.0868007 0.0038082 0)
(-0.0728312 -0.00423591 0)
(-0.0519571 -0.0150108 0)
(-0.0190953 -0.029856 0)
(0.0280105 -0.0502736 0)
(0.0876297 -0.0764187 0)
(0.160368 -0.107274 0)
(0.246279 -0.141087 0)
(0.343189 -0.175613 0)
(0.448066 -0.208689 0)
(0.55715 -0.238032 0)
(0.66677 -0.262053 0)
(0.773473 -0.279969 0)
(0.874027 -0.291647 0)
(0.965761 -0.297328 0)
(1.04689 -0.297533 0)
(1.11641 -0.29304 0)
(1.17391 -0.284804 0)
(1.21954 -0.27385 0)
(1.2539 -0.261141 0)
(1.27791 -0.24751 0)
(1.29268 -0.233618 0)
(1.29937 -0.219952 0)
(1.2991 -0.206839 0)
(1.29292 -0.194476 0)
(1.28178 -0.182959 0)
(1.2665 -0.172317 0)
(1.24778 -0.162542 0)
(1.2262 -0.153603 0)
(1.2023 -0.145467 0)
(1.17624 -0.138093 0)
(1.14902 -0.131481 0)
(1.11829 -0.125448 0)
(1.0932 -0.120791 0)
(1.04417 -0.113607 0)
(-0.00902803 0.114571 0)
(-0.0194265 0.120883 0)
(-0.0004042 0.117572 0)
(0.0205618 0.11281 0)
(0.0416624 0.10148 0)
(0.0619535 0.0848961 0)
(0.080268 0.0661102 0)
(0.0961268 0.0475894 0)
(0.110244 0.0307669 0)
(0.124247 0.0163888 0)
(0.139324 0.00475141 0)
(0.15691 -0.00506457 0)
(0.180468 -0.0155597 0)
(0.213261 -0.0295688 0)
(0.257762 -0.049493 0)
(0.31531 -0.0765354 0)
(0.385879 -0.110942 0)
(0.467967 -0.151276 0)
(0.559104 -0.194827 0)
(0.65609 -0.238561 0)
(0.755278 -0.279415 0)
(0.853043 -0.314777 0)
(0.946014 -0.342633 0)
(1.03127 -0.36179 0)
(1.10643 -0.37194 0)
(1.16965 -0.373475 0)
(1.21972 -0.367265 0)
(1.25619 -0.354576 0)
(1.27928 -0.336957 0)
(1.28978 -0.316015 0)
(1.28894 -0.293237 0)
(1.27829 -0.269878 0)
(1.25946 -0.246911 0)
(1.23408 -0.225027 0)
(1.2036 -0.204665 0)
(1.16932 -0.186052 0)
(1.13233 -0.169257 0)
(1.0935 -0.154234 0)
(1.05354 -0.140868 0)
(1.01301 -0.129014 0)
(0.972299 -0.118524 0)
(0.93177 -0.109238 0)
(0.891415 -0.101051 0)
(0.852112 -0.0937085 0)
(0.811271 -0.0873786 0)
(0.77851 -0.0811448 0)
(0.721792 -0.0754911 0)
(-0.0637399 0.0911363 0)
(0.0157864 0.0821339 0)
(0.088703 0.0828334 0)
(0.147223 0.0831636 0)
(0.194115 0.0774617 0)
(0.232985 0.066493 0)
(0.265602 0.0526771 0)
(0.293697 0.0377502 0)
(0.319576 0.0225534 0)
(0.345883 0.00684625 0)
(0.37701 -0.0101283 0)
(0.417074 -0.0297708 0)
(0.468538 -0.053548 0)
(0.532221 -0.0826695 0)
(0.607229 -0.1177 0)
(0.691186 -0.158239 0)
(0.780735 -0.202901 0)
(0.872048 -0.249377 0)
(0.961351 -0.29487 0)
(1.04523 -0.336563 0)
(1.12076 -0.371891 0)
(1.18552 -0.398775 0)
(1.2376 -0.415777 0)
(1.27556 -0.422237 0)
(1.29849 -0.418348 0)
(1.30613 -0.405085 0)
(1.29892 -0.384037 0)
(1.27802 -0.357184 0)
(1.24521 -0.326649 0)
(1.20268 -0.294445 0)
(1.15279 -0.262302 0)
(1.09787 -0.231552 0)
(1.04004 -0.203089 0)
(0.981059 -0.177412 0)
(0.922331 -0.15471 0)
(0.864886 -0.134945 0)
(0.809442 -0.117932 0)
(0.756458 -0.103396 0)
(0.706186 -0.09103 0)
(0.658727 -0.0805288 0)
(0.614057 -0.0716194 0)
(0.572149 -0.0640397 0)
(0.532689 -0.0576249 0)
(0.496151 -0.0519696 0)
(0.460277 -0.0474679 0)
(0.432361 -0.0419107 0)
(0.388175 -0.0401619 0)
(0.40891 -0.0272792 0)
(0.385785 -0.0263405 0)
(0.394856 -0.0162926 0)
(0.420489 -0.00714896 0)
(0.454087 -0.00340849 0)
(0.493202 -0.00567324 0)
(0.536738 -0.0131007 0)
(0.583668 -0.024718 0)
(0.634528 -0.0398724 0)
(0.690539 -0.0582786 0)
(0.752092 -0.0803049 0)
(0.81906 -0.10637 0)
(0.890646 -0.136701 0)
(0.965295 -0.171193 0)
(1.04073 -0.209258 0)
(1.11417 -0.24974 0)
(1.18267 -0.290949 0)
(1.2434 -0.330781 0)
(1.29387 -0.366916 0)
(1.33193 -0.397032 0)
(1.35585 -0.418992 0)
(1.36425 -0.431078 0)
(1.35622 -0.432249 0)
(1.3315 -0.42235 0)
(1.2906 -0.402191 0)
(1.23499 -0.373483 0)
(1.16704 -0.338597 0)
(1.08981 -0.300187 0)
(1.00671 -0.260807 0)
(0.921132 -0.222627 0)
(0.836093 -0.187267 0)
(0.754061 -0.155748 0)
(0.676853 -0.128532 0)
(0.605615 -0.105649 0)
(0.540887 -0.0868184 0)
(0.482737 -0.0715859 0)
(0.430921 -0.0594175 0)
(0.385004 -0.0497768 0)
(0.344433 -0.0421729 0)
(0.308608 -0.0361791 0)
(0.276905 -0.0314477 0)
(0.24879 -0.0276786 0)
(0.223629 -0.0246981 0)
(0.201421 -0.0221262 0)
(0.180523 -0.0203489 0)
(0.165163 -0.0170511 0)
(0.141996 -0.0189673 0)
(1.20128 0.0927418 0)
(1.168 0.0642317 0)
(1.14791 0.0428958 0)
(1.13911 0.0249595 0)
(1.14021 0.0081912 0)
(1.14974 -0.00926093 0)
(1.16578 -0.0284095 0)
(1.18713 -0.0495876 0)
(1.21285 -0.0729667 0)
(1.24211 -0.0987152 0)
(1.27404 -0.1269 0)
(1.30752 -0.157463 0)
(1.34121 -0.190172 0)
(1.37344 -0.224568 0)
(1.40235 -0.259872 0)
(1.42583 -0.294928 0)
(1.4416 -0.328183 0)
(1.44725 -0.357746 0)
(1.44038 -0.381517 0)
(1.41877 -0.397388 0)
(1.38076 -0.403519 0)
(1.32549 -0.398677 0)
(1.25325 -0.38259 0)
(1.16558 -0.35613 0)
(1.06529 -0.321282 0)
(0.956395 -0.280833 0)
(0.843504 -0.237882 0)
(0.731316 -0.195428 0)
(0.624156 -0.156035 0)
(0.525487 -0.12151 0)
(0.437507 -0.0927457 0)
(0.361237 -0.0698498 0)
(0.296753 -0.052375 0)
(0.243341 -0.0395468 0)
(0.199703 -0.0304509 0)
(0.164269 -0.0241752 0)
(0.135491 -0.0199144 0)
(0.111986 -0.0170027 0)
(0.0925387 -0.014926 0)
(0.0761324 -0.0133259 0)
(0.0619652 -0.0119991 0)
(0.0494983 -0.0108534 0)
(0.0383308 -0.00993006 0)
(0.0284952 -0.00913693 0)
(0.0193837 -0.00873196 0)
(0.0129447 -0.00744745 0)
(0.00342614 -0.0101351 0)
(1.50193 0.094412 0)
(1.50522 0.0651539 0)
(1.50767 0.0409286 0)
(1.51093 0.0197955 0)
(1.51519 -1.83361e-05 0)
(1.51957 -0.0199272 0)
(1.52358 -0.040855 0)
(1.52681 -0.0632919 0)
(1.52895 -0.0874461 0)
(1.52981 -0.113367 0)
(1.52927 -0.141013 0)
(1.52703 -0.170221 0)
(1.52251 -0.200613 0)
(1.51464 -0.23147 0)
(1.50171 -0.261628 0)
(1.4813 -0.289448 0)
(1.45043 -0.312925 0)
(1.40599 -0.329937 0)
(1.34532 -0.338568 0)
(1.26689 -0.337417 0)
(1.17081 -0.325779 0)
(1.05895 -0.303742 0)
(0.934792 -0.27239 0)
(0.803129 -0.234035 0)
(0.669929 -0.192102 0)
(0.541541 -0.15028 0)
(0.423474 -0.111739 0)
(0.319921 -0.0788652 0)
(0.233486 -0.0529195 0)
(0.16458 -0.034066 0)
(0.111935 -0.0218896 0)
(0.0734216 -0.0151551 0)
(0.0460009 -0.0118626 0)
(0.0262 -0.0100882 0)
(0.011058 -0.00878611 0)
(-0.0013269 -0.00771518 0)
(-0.0119066 -0.00688734 0)
(-0.0210515 -0.00622379 0)
(-0.0290165 -0.00560331 0)
(-0.0360071 -0.00497385 0)
(-0.0421658 -0.00438168 0)
(-0.0475812 -0.00393273 0)
(-0.0523058 -0.00373597 0)
(-0.0563478 -0.00379906 0)
(-0.059827 -0.0040812 0)
(-0.0628616 -0.00445668 0)
(-0.0656501 -0.00540259 0)
(1.42321 0.0618097 0)
(1.44815 0.0409113 0)
(1.46655 0.023128 0)
(1.47986 0.00704788 0)
(1.48887 -0.00858769 0)
(1.49445 -0.024774 0)
(1.49689 -0.0422742 0)
(1.49623 -0.0615638 0)
(1.49241 -0.0828383 0)
(1.48516 -0.106065 0)
(1.47391 -0.130975 0)
(1.45761 -0.15698 0)
(1.43456 -0.183062 0)
(1.40246 -0.207721 0)
(1.35857 -0.229026 0)
(1.30004 -0.244814 0)
(1.22453 -0.253042 0)
(1.1308 -0.252209 0)
(1.01936 -0.241765 0)
(0.892868 -0.222302 0)
(0.75605 -0.195288 0)
(0.615147 -0.16269 0)
(0.477109 -0.127101 0)
(0.349086 -0.0918445 0)
(0.237496 -0.0598269 0)
(0.145634 -0.0336583 0)
(0.0758818 -0.0160963 0)
(0.0289455 -0.00773688 0)
(0.000803344 -0.0048363 0)
(-0.0174594 -0.00332423 0)
(-0.031207 -0.00288563 0)
(-0.0417864 -0.00310149 0)
(-0.0501964 -0.00315357 0)
(-0.0570177 -0.00277428 0)
(-0.0625611 -0.00218857 0)
(-0.06709 -0.0016881 0)
(-0.0708911 -0.00138339 0)
(-0.0742036 -0.00123037 0)
(-0.0771651 -0.00113859 0)
(-0.079824 -0.00105976 0)
(-0.0821941 -0.0010158 0)
(-0.0842932 -0.00107569 0)
(-0.0861458 -0.00130795 0)
(-0.0877918 -0.00172744 0)
(-0.0893657 -0.00229296 0)
(-0.0910616 -0.00291305 0)
(-0.092577 -0.00344729 0)
(1.26051 0.0317841 0)
(1.28701 0.0186193 0)
(1.30651 0.00659502 0)
(1.32174 -0.00533573 0)
(1.33294 -0.0176859 0)
(1.33959 -0.0307243 0)
(1.34085 -0.0446682 0)
(1.33556 -0.0596441 0)
(1.32228 -0.0755924 0)
(1.29937 -0.0922166 0)
(1.26507 -0.108946 0)
(1.21765 -0.124887 0)
(1.15564 -0.138808 0)
(1.07808 -0.149193 0)
(0.98491 -0.154411 0)
(0.877257 -0.15301 0)
(0.757618 -0.144103 0)
(0.629816 -0.127819 0)
(0.498953 -0.105532 0)
(0.370629 -0.0792072 0)
(0.250352 -0.0515622 0)
(0.144543 -0.026216 0)
(0.0603769 -0.0079615 0)
(0.00555528 0.000215117 0)
(-0.0218105 0.00290669 0)
(-0.0384886 0.00385226 0)
(-0.0495884 0.00246661 0)
(-0.0573387 0.000808813 0)
(-0.0630449 0.000500294 0)
(-0.0670343 0.00107049 0)
(-0.0695511 0.0013587 0)
(-0.0713049 0.00105727 0)
(-0.0728758 0.000569447 0)
(-0.074366 0.000258942 0)
(-0.0756702 0.000187731 0)
(-0.0767272 0.000230918 0)
(-0.0775801 0.000265076 0)
(-0.0783109 0.000255533 0)
(-0.0789743 0.000224868 0)
(-0.0795881 0.00019037 0)
(-0.0801655 0.000135739 0)
(-0.0807391 1.72988e-05 0)
(-0.0813578 -0.000213412 0)
(-0.082096 -0.000590461 0)
(-0.0831028 -0.00112018 0)
(-0.084498 -0.00171826 0)
(-0.0858211 -0.00212152 0)
(0.988841 0.00146066 0)
(1.00039 -0.00362733 0)
(1.00309 -0.00872552 0)
(0.995837 -0.0143514 0)
(0.979067 -0.0204509 0)
(0.952782 -0.0267678 0)
(0.916632 -0.0331022 0)
(0.870247 -0.03928 0)
(0.813394 -0.0450497 0)
(0.746099 -0.0500257 0)
(0.668821 -0.0536779 0)
(0.582655 -0.0553511 0)
(0.489506 -0.0543279 0)
(0.392227 -0.0499593 0)
(0.294622 -0.041878 0)
(0.201295 -0.0302919 0)
(0.117277 -0.0163621 0)
(0.0476343 -0.00273333 0)
(-0.00258869 0.00742917 0)
(-0.0336819 0.01359 0)
(-0.0502723 0.0146156 0)
(-0.0558178 0.0107646 0)
(-0.0560426 0.00537748 0)
(-0.0555677 0.00181641 0)
(-0.0562823 0.00143767 0)
(-0.0564161 0.00218023 0)
(-0.0546978 0.00222187 0)
(-0.0526566 0.00154455 0)
(-0.0512555 0.000984385 0)
(-0.0501815 0.000859718 0)
(-0.0490464 0.000856629 0)
(-0.047993 0.000737114 0)
(-0.0472408 0.000541653 0)
(-0.0467808 0.000375035 0)
(-0.0464767 0.000282113 0)
(-0.0462145 0.000244565 0)
(-0.0459559 0.000226564 0)
(-0.0457087 0.000208941 0)
(-0.045483 0.000192285 0)
(-0.0452773 0.000181952 0)
(-0.0450937 0.00017614 0)
(-0.0449524 0.000164004 0)
(-0.0448866 0.000129937 0)
(-0.0449619 4.94697e-05 0)
(-0.0453806 -0.000124802 0)
(-0.0464024 -0.000421409 0)
(-0.0476495 -0.000704099 0)
)
;

boundaryField
{
    inlet
    {
        type            fixedProfile;
        profile         csvFile;
        profileCoeffs
        {
            nHeaderLine     0;
            refColumn       0;
            componentColumns 3(1 2 3);
            separator       ",";
            mergeSeparators 0;
            file            "0/Uprofile.csv";
        }
        direction       (0 1 0);
        origin          -1;
        value           nonuniform List<vector> 
20
(
(0.0975 0 0)
(0.2775 0 0)
(0.4375 0 0)
(0.5775 0 0)
(0.6975 0 0)
(0.7975 0 0)
(0.8775 0 0)
(0.9375 0 0)
(0.9775 0 0)
(0.9975 0 0)
(0.9975 0 0)
(0.9775 0 0)
(0.9375 0 0)
(0.8775 0 0)
(0.7975 0 0)
(0.6975 0 0)
(0.5775 0 0)
(0.4375 0 0)
(0.2775 0 0)
(0.0975 0 0)
)
;
    }
    outlet
    {
        type            zeroGradient;
    }
    upperWall
    {
        type            noSlip;
    }
    lowerWall
    {
        type            noSlip;
    }
    frontAndBack
    {
        type            empty;
    }
}


// ************************************************************************* //
