/*--------------------------------*- C++ -*----------------------------------*\
| =========                 |                                                 |
| \\      /  F ield         | OpenFOAM: The Open Source CFD Toolbox           |
|  \\    /   O peration     | Version:  2406                                  |
|   \\  /    A nd           | Website:  www.openfoam.com                      |
|    \\/     M anipulation  |                                                 |
\*---------------------------------------------------------------------------*/
FoamFile
{
    version     2.0;
    format      ascii;
    arch        "LSB;label=32;scalar=64";
    class       volVectorField;
    location    "84";
    object      U;
}
// * * * * * * * * * * * * * * * * * * * * * * * * * * * * * * * * * * * * * //

dimensions      [0 1 -1 0 0 0 0];

internalField   nonuniform List<vector> 
1916
(
(0.0990057 -0.0012466 0)
(0.100927 -0.00143963 0)
(0.102841 -0.000916787 0)
(0.104436 -0.000537459 0)
(0.105583 -0.000340641 0)
(0.106417 -0.000225127 0)
(0.10705 -0.000150951 0)
(0.107537 -0.000105684 0)
(0.107919 -7.86005e-05 0)
(0.108224 -6.11935e-05 0)
(0.108475 -4.89529e-05 0)
(0.108682 -3.98692e-05 0)
(0.108857 -3.27857e-05 0)
(0.109004 -2.69381e-05 0)
(0.109129 -2.18253e-05 0)
(0.109233 -1.71612e-05 0)
(0.109319 -1.2653e-05 0)
(0.109387 -8.00719e-06 0)
(0.109438 -2.86648e-06 0)
(0.109471 3.0937e-06 0)
(0.109483 1.02825e-05 0)
(0.10947 1.91054e-05 0)
(0.109427 3.0133e-05 0)
(0.109349 4.41361e-05 0)
(0.109225 6.22152e-05 0)
(0.109042 8.57073e-05 0)
(0.108783 0.00011635 0)
(0.108426 0.000156278 0)
(0.107941 0.000208241 0)
(0.107289 0.000275609 0)
(0.10642 0.000362556 0)
(0.105269 0.000473942 0)
(0.103755 0.000615266 0)
(0.101775 0.000792151 0)
(0.0992053 0.00100962 0)
(0.0958969 0.00127057 0)
(0.0916804 0.00157361 0)
(0.0863734 0.00190978 0)
(0.0797974 0.00225875 0)
(0.071808 0.00258462 0)
(0.0623417 0.00283365 0)
(0.0514818 0.0029338 0)
(0.0395392 0.00280089 0)
(0.0271602 0.00234223 0)
(0.0154695 0.00147522 0)
(0.00628795 3.91134e-05 0)
(5.18216e-05 -0.000655062 0)
(0.276492 -0.00156584 0)
(0.27615 -0.00269262 0)
(0.276419 -0.00250115 0)
(0.276943 -0.00202744 0)
(0.277619 -0.00160912 0)
(0.278341 -0.00126593 0)
(0.279027 -0.000989907 0)
(0.279643 -0.000779537 0)
(0.280185 -0.000624417 0)
(0.280659 -0.000509176 0)
(0.281073 -0.00042118 0)
(0.281433 -0.000352238 0)
(0.281746 -0.000296869 0)
(0.282019 -0.000251081 0)
(0.282255 -0.000211786 0)
(0.282459 -0.000176729 0)
(0.282633 -0.000144056 0)
(0.282777 -0.000112145 0)
(0.282891 -7.92266e-05 0)
(0.282974 -4.34364e-05 0)
(0.283022 -2.54081e-06 0)
(0.283031 4.59532e-05 0)
(0.282992 0.000105208 0)
(0.282895 0.00017921 0)
(0.282725 0.000273303 0)
(0.282462 0.000394323 0)
(0.282079 0.000551265 0)
(0.28154 0.00075564 0)
(0.280797 0.0010224 0)
(0.279787 0.00137052 0)
(0.278426 0.0018242 0)
(0.276606 0.00241344 0)
(0.274184 0.00317504 0)
(0.270973 0.00415245 0)
(0.266737 0.00539496 0)
(0.261172 0.00695429 0)
(0.253899 0.00887807 0)
(0.244455 0.0111972 0)
(0.232295 0.0139057 0)
(0.216804 0.0169291 0)
(0.197361 0.020083 0)
(0.173444 0.0230188 0)
(0.144825 0.0251815 0)
(0.111899 0.0257777 0)
(0.076046 0.023913 0)
(0.040774 0.0185546 0)
(0.00746616 0.0104655 0)
(0.43675 -0.000828822 0)
(0.436429 -0.00174089 0)
(0.436122 -0.00196212 0)
(0.435758 -0.00190555 0)
(0.435597 -0.00177671 0)
(0.435656 -0.00160996 0)
(0.435837 -0.00142129 0)
(0.436071 -0.00123641 0)
(0.436329 -0.0010711 0)
(0.436595 -0.000928061 0)
(0.436859 -0.000804807 0)
(0.43711 -0.000698486 0)
(0.437345 -0.000606425 0)
(0.437562 -0.000525761 0)
(0.43776 -0.000453572 0)
(0.437936 -0.000387151 0)
(0.438092 -0.000324018 0)
(0.438225 -0.000261644 0)
(0.438334 -0.000197186 0)
(0.438416 -0.000127317 0)
(0.438467 -4.81231e-05 0)
(0.438482 4.5129e-05 0)
(0.438453 0.00015836 0)
(0.438369 0.000299197 0)
(0.438216 0.000477587 0)
(0.437974 0.000706572 0)
(0.437618 0.00100321 0)
(0.437113 0.00138978 0)
(0.436411 0.00189532 0)
(0.435451 0.00255751 0)
(0.43415 0.003425 0)
(0.432396 0.00456017 0)
(0.430042 0.00604201 0)
(0.42689 0.00796904 0)
(0.422679 0.0104613 0)
(0.417058 0.0136605 0)
(0.409564 0.0177254 0)
(0.399588 0.0228189 0)
(0.386334 0.0290808 0)
(0.368784 0.0365758 0)
(0.34567 0.0452062 0)
(0.315499 0.0545684 0)
(0.276647 0.0637787 0)
(0.227739 0.0712333 0)
(0.168022 0.0747592 0)
(0.100094 0.07094 0)
(0.0234083 0.052181 0)
(0.57693 -0.000449133 0)
(0.576828 -0.00111809 0)
(0.576635 -0.00143941 0)
(0.57619 -0.001536 0)
(0.575795 -0.0015354 0)
(0.575557 -0.00148056 0)
(0.575423 -0.00138635 0)
(0.575345 -0.00127241 0)
(0.57531 -0.00115568 0)
(0.575311 -0.00104388 0)
(0.575339 -0.000939031 0)
(0.575384 -0.000841525 0)
(0.575439 -0.000751219 0)
(0.575499 -0.000667174 0)
(0.575562 -0.000587742 0)
(0.575622 -0.000510947 0)
(0.575679 -0.000434644 0)
(0.575727 -0.000356336 0)
(0.575766 -0.000272872 0)
(0.575792 -0.000180234 0)
(0.575801 -7.33756e-05 0)
(0.575788 5.40309e-05 0)
(0.575746 0.000210053 0)
(0.575667 0.000405172 0)
(0.57554 0.000653173 0)
(0.575351 0.000972256 0)
(0.57508 0.00138644 0)
(0.574701 0.00192734 0)
(0.574178 0.00263656 0)
(0.573466 0.0035687 0)
(0.572498 0.00479529 0)
(0.571189 0.00640969 0)
(0.56942 0.00853309 0)
(0.567027 0.0113216 0)
(0.563785 0.0149743 0)
(0.559381 0.019741 0)
(0.553377 0.0259282 0)
(0.545157 0.0338999 0)
(0.53385 0.0440641 0)
(0.518229 0.0568325 0)
(0.496565 0.0725339 0)
(0.466474 0.0912199 0)
(0.424689 0.112388 0)
(0.367198 0.13434 0)
(0.288943 0.15411 0)
(0.187789 0.164865 0)
(0.0521262 0.141777 0)
(0.697023 -0.000282161 0)
(0.697025 -0.000762776 0)
(0.696972 -0.00105717 0)
(0.696626 -0.00118918 0)
(0.696241 -0.00123274 0)
(0.695952 -0.00122666 0)
(0.695732 -0.00118378 0)
(0.695545 -0.0011166 0)
(0.695383 -0.00103843 0)
(0.69525 -0.000957502 0)
(0.695142 -0.000877231 0)
(0.695054 -0.000798988 0)
(0.69498 -0.000723372 0)
(0.694918 -0.000650122 0)
(0.694866 -0.000578129 0)
(0.694821 -0.000505745 0)
(0.69478 -0.000430986 0)
(0.694742 -0.000351387 0)
(0.694705 -0.00026369 0)
(0.694667 -0.000163555 0)
(0.694625 -4.53534e-05 0)
(0.694576 9.8133e-05 0)
(0.694516 0.000276215 0)
(0.694442 0.000501079 0)
(0.694348 0.00078883 0)
(0.694225 0.00116086 0)
(0.694065 0.00164556 0)
(0.693854 0.00228061 0)
(0.693574 0.00311593 0)
(0.6932 0.00421772 0)
(0.692698 0.00567371 0)
(0.69202 0.00760014 0)
(0.691096 0.0101509 0)
(0.689828 0.0135293 0)
(0.688071 0.0180031 0)
(0.685611 0.0239237 0)
(0.682125 0.0317488 0)
(0.677126 0.0420684 0)
(0.669861 0.0556309 0)
(0.659164 0.0733566 0)
(0.643201 0.0963328 0)
(0.619143 0.125687 0)
(0.582425 0.162447 0)
(0.526468 0.206596 0)
(0.440053 0.257279 0)
(0.31183 0.308144 0)
(0.101823 0.315302 0)
(0.79708 -0.00018797 0)
(0.797128 -0.00052604 0)
(0.797156 -0.000762737 0)
(0.796896 -0.000892809 0)
(0.796557 -0.000952647 0)
(0.796278 -0.000969216 0)
(0.796049 -0.000953308 0)
(0.795838 -0.000913649 0)
(0.795641 -0.000860239 0)
(0.795462 -0.000800546 0)
(0.795303 -0.000738419 0)
(0.795159 -0.000675681 0)
(0.795029 -0.000613224 0)
(0.79491 -0.000551093 0)
(0.794801 -0.00048847 0)
(0.794701 -0.000423912 0)
(0.79461 -0.000355549 0)
(0.794524 -0.000280983 0)
(0.794446 -0.000196995 0)
(0.794373 -9.92393e-05 0)
(0.794307 1.80083e-05 0)
(0.794247 0.000162161 0)
(0.794192 0.00034284 0)
(0.794143 0.00057266 0)
(0.7941 0.000868346 0)
(0.794066 0.00125217 0)
(0.794041 0.00175382 0)
(0.794026 0.00241292 0)
(0.794024 0.00328231 0)
(0.794035 0.00443261 0)
(0.794062 0.00595836 0)
(0.794102 0.00798637 0)
(0.79415 0.0106873 0)
(0.79419 0.0142911 0)
(0.79419 0.0191089 0)
(0.794082 0.0255626 0)
(0.793741 0.0342266 0)
(0.792932 0.0458844 0)
(0.791221 0.0616092 0)
(0.787839 0.0828651 0)
(0.781357 0.111673 0)
(0.769337 0.150688 0)
(0.746982 0.203704 0)
(0.707041 0.274387 0)
(0.633047 0.370123 0)
(0.508194 0.48278 0)
(0.212898 0.578407 0)
(0.877117 -0.000126023 0)
(0.877185 -0.000359116 0)
(0.877256 -0.000536177 0)
(0.877054 -0.000646051 0)
(0.876755 -0.000704361 0)
(0.876495 -0.000727603 0)
(0.876273 -0.000724282 0)
(0.87606 -0.000700775 0)
(0.875853 -0.000664154 0)
(0.875659 -0.00062026 0)
(0.875482 -0.000572573 0)
(0.875318 -0.000522933 0)
(0.875166 -0.000472297 0)
(0.875026 -0.000420857 0)
(0.874896 -0.00036803 0)
(0.874777 -0.000312631 0)
(0.874668 -0.000253033 0)
(0.874568 -0.000187096 0)
(0.874479 -0.000111921 0)
(0.874402 -2.35642e-05 0)
(0.874339 8.32151e-05 0)
(0.874292 0.000215251 0)
(0.874265 0.00038144 0)
(0.874263 0.000593476 0)
(0.874292 0.000866873 0)
(0.874362 0.00122234 0)
(0.874485 0.00168758 0)
(0.874678 0.00229968 0)
(0.874963 0.0031084 0)
(0.875368 0.00418067 0)
(0.87593 0.0056068 0)
(0.876698 0.00750925 0)
(0.877733 0.0100549 0)
(0.879113 0.0134723 0)
(0.880934 0.0180774 0)
(0.883309 0.0243097 0)
(0.886366 0.0327872 0)
(0.890228 0.044388 0)
(0.894973 0.0603797 0)
(0.900581 0.0826067 0)
(0.90664 0.113856 0)
(0.912399 0.158216 0)
(0.914322 0.222751 0)
(0.910186 0.316912 0)
(0.870542 0.466658 0)
(0.827134 0.713705 0)
(0.29795 1.13251 0)
(0.93714 -8.08666e-05 0)
(0.937217 -0.000232668 0)
(0.937312 -0.000353388 0)
(0.937146 -0.000433575 0)
(0.936877 -0.000479281 0)
(0.936633 -0.000499714 0)
(0.936419 -0.000500693 0)
(0.936208 -0.00048657 0)
(0.935999 -0.000461941 0)
(0.9358 -0.000430823 0)
(0.935615 -0.000395862 0)
(0.935442 -0.000358583 0)
(0.935282 -0.000319803 0)
(0.935133 -0.000279729 0)
(0.934997 -0.000237963 0)
(0.934872 -0.000193613 0)
(0.93476 -0.000145411 0)
(0.93466 -9.16625e-05 0)
(0.934575 -3.00563e-05 0)
(0.934507 4.25617e-05 0)
(0.93446 0.000130404 0)
(0.934438 0.000238988 0)
(0.934448 0.00037552 0)
(0.934498 0.000549475 0)
(0.934601 0.000773442 0)
(0.934774 0.00106424 0)
(0.935038 0.00144442 0)
(0.935423 0.00194427 0)
(0.935968 0.00260457 0)
(0.936727 0.00348045 0)
(0.937768 0.0046468 0)
(0.939187 0.00620594 0)
(0.941107 0.00829868 0)
(0.943697 0.0111205 0)
(0.947179 0.0149454 0)
(0.951852 0.0201621 0)
(0.95811 0.0273299 0)
(0.966483 0.0372659 0)
(0.977664 0.0511875 0)
(0.992619 0.0709402 0)
(1.01245 0.0994178 0)
(1.03943 0.141173 0)
(1.07387 0.204139 0)
(1.13001 0.300657 0)
(1.18717 0.45959 0)
(1.42052 0.701874 0)
(1.4979 1.27701 0)
(0.977153 -4.45717e-05 0)
(0.977235 -0.000128687 0)
(0.977341 -0.000197014 0)
(0.977198 -0.000243733 0)
(0.976948 -0.000270885 0)
(0.976715 -0.000282929 0)
(0.976507 -0.000283103 0)
(0.9763 -0.000273911 0)
(0.976091 -0.000257929 0)
(0.97589 -0.000237471 0)
(0.975701 -0.000214157 0)
(0.975525 -0.000188961 0)
(0.975361 -0.000162402 0)
(0.975209 -0.000134607 0)
(0.975071 -0.000105314 0)
(0.974946 -7.39501e-05 0)
(0.974835 -3.96835e-05 0)
(0.97474 -1.40055e-06 0)
(0.974662 4.24146e-05 0)
(0.974605 9.38278e-05 0)
(0.974574 0.000155597 0)
(0.974576 0.000231341 0)
(0.974618 0.000325786 0)
(0.974713 0.000445147 0)
(0.974876 0.000597676 0)
(0.97513 0.000794399 0)
(0.975504 0.00105011 0)
(0.976037 0.0013847 0)
(0.976781 0.00182502 0)
(0.977808 0.0024075 0)
(0.979212 0.00318179 0)
(0.981122 0.0042161 0)
(0.983714 0.00560495 0)
(0.987225 0.0074806 0)
(0.991981 0.0100303 0)
(0.998432 0.013523 0)
(1.0072 0.018351 0)
(1.01917 0.0250969 0)
(1.03559 0.034641 0)
(1.05831 0.048348 0)
(1.08994 0.068331 0)
(1.13512 0.0980429 0)
(1.19922 0.142564 0)
(1.29937 0.210421 0)
(1.43975 0.312157 0)
(1.69422 0.440692 0)
(2.03323 0.674301 0)
(0.99716 -1.26451e-05 0)
(0.997243 -3.61803e-05 0)
(0.997355 -5.49609e-05 0)
(0.997221 -6.69957e-05 0)
(0.996981 -7.26748e-05 0)
(0.996755 -7.32815e-05 0)
(0.99655 -6.98159e-05 0)
(0.996345 -6.30662e-05 0)
(0.996137 -5.38362e-05 0)
(0.995936 -4.28521e-05 6.53192e-34)
(0.995747 -3.06246e-05 0)
(0.99557 -1.74486e-05 0)
(0.995405 -3.45789e-06 0)
(0.995254 1.13516e-05 0)
(0.995116 2.71126e-05 0)
(0.994993 4.40705e-05 6.52451e-34)
(0.994885 6.25659e-05 0)
(0.994793 8.30477e-05 0)
(0.994721 0.000106108 0)
(0.994673 0.000132535 0)
(0.994654 0.00016336 0)
(0.994671 0.000199925 0)
(0.994734 0.000243967 0)
(0.994855 0.000297758 -6.50549e-34)
(0.995055 0.000364292 0)
(0.995356 0.000447546 0)
(0.995792 0.000552833 0)
(0.996409 0.00068728 0)
(0.997264 0.000860491 0)
(0.998439 0.00108548 0)
(1.00004 0.00138003 0)
(1.00222 0.00176857 0)
(1.00518 0.00228508 0)
(1.0092 0.00297727 0)
(1.01466 0.00391305 0)
(1.02209 0.00519055 0)
(1.03226 0.00695388 0)
(1.04624 0.009419 0)
(1.06561 0.0129137 0)
(1.09271 0.0179513 0)
(1.13098 0.0253071 0)
(1.18572 0.036263 -5.17679e-34)
(1.26454 0.0523204 0)
(1.3783 0.0760387 0)
(1.54222 0.106638 0)
(1.76133 0.136903 0)
(2.07218 0.161111 0)
(0.99716 1.79163e-05 0)
(0.997243 5.26645e-05 0)
(0.997355 8.23518e-05 0)
(0.997222 0.000105183 0)
(0.996982 0.000121766 0)
(0.996757 0.000133469 0)
(0.996553 0.000141371 0)
(0.996349 0.000146356 0)
(0.996142 0.000149326 0)
(0.995942 0.000151106 -6.53161e-34)
(0.995755 0.000152312 0)
(0.99558 0.000153364 0)
(0.995417 0.000154536 0)
(0.995267 0.00015597 0)
(0.995132 0.000157672 0)
(0.995012 0.000159551 -6.5239e-34)
(0.994906 0.000161438 0)
(0.994818 0.000163088 0)
(0.99475 0.000164123 0)
(0.994706 0.000163987 0)
(0.994691 0.000161888 0)
(0.994713 0.000156758 0)
(0.994781 0.000147165 0)
(0.994909 0.000131195 6.50605e-34)
(0.995115 0.000106255 0)
(0.995423 6.88312e-05 0)
(0.995868 1.41429e-05 0)
(0.996493 -6.43e-05 0)
(0.997358 -0.000175336 0)
(0.998544 -0.000331022 0)
(1.00016 -0.000547906 0)
(1.00236 -0.000848832 0)
(1.00533 -0.00126561 0)
(1.00937 -0.00184297 0)
(1.01485 -0.0026446 0)
(1.02231 -0.00376243 0)
(1.03252 -0.00533126 0)
(1.04655 -0.00755267 0)
(1.06599 -0.0107314 0)
(1.09319 -0.0153434 0)
(1.13162 -0.0220997 0)
(1.18661 -0.0321709 5.18024e-34)
(1.26586 -0.0468576 0)
(1.38029 -0.0683256 0)
(1.54549 -0.0951987 0)
(1.76592 -0.118573 0)
(2.07959 -0.132128 0)
(0.977153 4.97104e-05 0)
(0.977235 0.000144767 0)
(0.977343 0.000223729 0)
(0.9772 0.000280969 0)
(0.976951 0.00031874 0)
(0.976722 0.000341582 0)
(0.976516 0.000352814 0)
(0.976311 0.000355029 0)
(0.976106 0.000350904 0)
(0.975909 0.000342848 0)
(0.975725 0.000332585 0)
(0.975554 0.000321206 0)
(0.975396 0.000309372 0)
(0.97525 0.000297343 0)
(0.975119 0.000285001 0)
(0.975003 0.000271915 0)
(0.974901 0.000257432 0)
(0.974815 0.000240625 0)
(0.974748 0.000220194 0)
(0.974703 0.000194287 0)
(0.974685 0.000160385 0)
(0.974701 0.000115128 0)
(0.97476 5.40901e-05 0)
(0.974872 -2.86142e-05 0)
(0.975055 -0.000140847 0)
(0.975331 -0.000293209 0)
(0.975728 -0.000499982 0)
(0.976287 -0.000780489 0)
(0.977061 -0.00116088 0)
(0.978121 -0.00167671 0)
(0.979562 -0.00237656 0)
(0.981516 -0.00332728 0)
(0.984157 -0.00462154 0)
(0.987726 -0.00638915 0)
(0.992551 -0.00881401 0)
(0.999086 -0.0121602 0)
(1.00796 -0.0168131 0)
(1.02008 -0.023345 0)
(1.03669 -0.0326207 0)
(1.05969 -0.0459812 0)
(1.09174 -0.0655011 0)
(1.13758 -0.0945786 0)
(1.20278 -0.138183 0)
(1.30494 -0.204692 0)
(1.44887 -0.304351 0)
(1.70959 -0.428414 0)
(2.06089 -0.656281 0)
(0.93714 8.57416e-05 0)
(0.937218 0.000247943 0)
(0.937313 0.000378762 0)
(0.93715 0.00046892 0)
(0.936883 0.000524678 0)
(0.936643 0.000555319 0)
(0.936433 0.000566742 0)
(0.936227 0.000563378 0)
(0.936024 0.000549923 0)
(0.935831 0.000530483 0)
(0.935654 0.000507809 0)
(0.93549 0.000483532 0)
(0.935339 0.000458604 0)
(0.935201 0.000433353 0)
(0.935077 0.000407522 0)
(0.934965 0.000380352 0)
(0.934868 0.000350746 0)
(0.934784 0.000317179 0)
(0.934717 0.000277545 0)
(0.934669 0.000228879 0)
(0.934643 0.000167204 0)
(0.934645 8.723e-05 0)
(0.934682 -1.79604e-05 0)
(0.934761 -0.000157555 0)
(0.934896 -0.000343785 0)
(0.935104 -0.000593106 0)
(0.935407 -0.000927618 0)
(0.935835 -0.00137713 0)
(0.936429 -0.00198185 0)
(0.937242 -0.00279624 0)
(0.938344 -0.00389435 0)
(0.939831 -0.00537754 0)
(0.941831 -0.00738538 0)
(0.944513 -0.0101118 0)
(0.948104 -0.0138289 0)
(0.952908 -0.0189229 0)
(0.95933 -0.0259498 0)
(0.967914 -0.035723 0)
(0.979373 -0.0494554 0)
(0.994713 -0.0689885 0)
(1.01509 -0.0972155 0)
(1.04291 -0.1387 0)
(1.07859 -0.201422 0)
(1.13715 -0.29782 0)
(1.19743 -0.457309 0)
(1.44201 -0.700155 0)
(1.52929 -1.28634 0)
(0.877117 0.000130508 0)
(0.877186 0.000373202 0)
(0.877259 0.000559561 0)
(0.877059 0.000678596 0)
(0.876764 0.000746113 0)
(0.876509 0.000778692 0)
(0.876292 0.000784896 0)
(0.876086 0.000771196 0)
(0.875887 0.000744733 0)
(0.875703 0.000711455 0)
(0.875536 0.000674915 0)
(0.875384 0.000637079 0)
(0.875245 0.000598991 0)
(0.875119 0.000560989 0)
(0.875006 0.000522584 0)
(0.874906 0.000482756 0)
(0.874816 0.000439988 0)
(0.874739 0.000392338 0)
(0.874675 0.000337036 0)
(0.874625 0.00027036 0)
(0.874592 0.000187225 0)
(0.874578 8.10602e-05 0)
(0.874587 -5.68403e-05 0)
(0.874624 -0.000237859 0)
(0.874697 -0.000477279 0)
(0.874816 -0.000795445 0)
(0.874992 -0.00121977 0)
(0.875245 -0.00178692 0)
(0.875595 -0.00254631 0)
(0.876073 -0.00356435 0)
(0.876717 -0.00493094 0)
(0.877577 -0.00676796 0)
(0.878717 -0.0092418 0)
(0.880218 -0.0125806 0)
(0.88218 -0.0170999 0)
(0.884723 -0.0232392 0)
(0.887981 -0.0316172 0)
(0.892094 -0.0431144 0)
(0.897157 -0.059004 0)
(0.90318 -0.0811421 0)
(0.909792 -0.112343 0)
(0.916316 -0.156745 0)
(0.919249 -0.221543 0)
(0.916647 -0.316364 0)
(0.878369 -0.46796 0)
(0.838705 -0.719221 0)
(0.301182 -1.15223 0)
(0.797081 0.000191943 0)
(0.797129 0.000538571 0)
(0.797159 0.000783525 0)
(0.796902 0.00092169 0)
(0.796568 0.000989628 0)
(0.796295 0.00101438 0)
(0.796074 0.0010068 0)
(0.795871 0.000975684 0)
(0.795684 0.000931111 0)
(0.795517 0.000880635 0)
(0.795371 0.000828181 0)
(0.795242 0.00077567 0)
(0.795128 0.000724078 0)
(0.795028 0.000673566 0)
(0.79494 0.000623411 0)
(0.794863 0.00057231 0)
(0.794797 0.000518501 0)
(0.79474 0.00045974 0)
(0.794692 0.000392923 0)
(0.794654 0.000313883 0)
(0.794625 0.00021704 0)
(0.794605 9.51934e-05 0)
(0.794595 -6.11059e-05 0)
(0.794596 -0.000264238 0)
(0.794608 -0.000530737 0)
(0.794634 -0.000882612 0)
(0.794675 -0.00134936 0)
(0.794733 -0.0019703 0)
(0.794812 -0.0027981 0)
(0.794914 -0.00390313 0)
(0.79504 -0.00537981 0)
(0.795192 -0.00735489 0)
(0.795366 -0.00999917 0)
(0.795549 -0.0135431 0)
(0.795712 -0.0182989 0)
(0.795795 -0.0246904 0)
(0.795676 -0.0332957 0)
(0.795132 -0.0449045 0)
(0.793742 -0.0606015 0)
(0.790751 -0.0818703 0)
(0.78475 -0.110766 0)
(0.77332 -0.150002 0)
(0.751658 -0.203481 0)
(0.712509 -0.274996 0)
(0.639174 -0.372308 0)
(0.514771 -0.487135 0)
(0.216933 -0.586187 0)
(0.697023 0.000285515 0)
(0.697026 0.000773423 0)
(0.696975 0.00107481 0)
(0.696634 0.00121359 0)
(0.696254 0.00126391 0)
(0.695972 0.00126459 0)
(0.695761 0.00122858 0)
(0.695584 0.0011684 0)
(0.695435 0.00109747 0)
(0.695315 0.00102404 0)
(0.695223 0.000951674 0)
(0.695152 0.000881729 0)
(0.695098 0.000814967 0)
(0.695059 0.000751113 0)
(0.695031 0.000689267 0)
(0.695013 0.00062777 0)
(0.695002 0.000564864 0)
(0.694997 0.000498051 0)
(0.694996 0.000424321 0)
(0.694997 0.00033931 0)
(0.694999 0.000237687 0)
(0.694998 0.000112212 0)
(0.694991 -4.60988e-05 0)
(0.694975 -0.000249461 0)
(0.694944 -0.000513645 0)
(0.694891 -0.000860084 0)
(0.694808 -0.00131683 0)
(0.694682 -0.00192165 0)
(0.694495 -0.00272418 0)
(0.694224 -0.00379083 0)
(0.693836 -0.00520926 0)
(0.693284 -0.00709627 0)
(0.692501 -0.00960617 0)
(0.69139 -0.0129436 0)
(0.68981 -0.0173782 0)
(0.687549 -0.0232647 0)
(0.68429 -0.0310654 0)
(0.67955 -0.0413788 0)
(0.67258 -0.0549655 0)
(0.662221 -0.0727654 0)
(0.646635 -0.0958952 0)
(0.622983 -0.125525 0)
(0.586657 -0.162745 0)
(0.531001 -0.207602 0)
(0.444575 -0.259336 0)
(0.315711 -0.311602 0)
(0.103404 -0.320374 0)
(0.57693 0.000451769 0)
(0.576829 0.00112657 0)
(0.576639 0.00145338 0)
(0.576199 0.00155522 0)
(0.57581 0.00155978 0)
(0.57558 0.00151007 0)
(0.575456 0.00142101 0)
(0.57539 0.00131233 0)
(0.575368 0.00120096 0)
(0.575385 0.00109475 0)
(0.575431 0.000995729 0)
(0.575495 0.000904391 0)
(0.575573 0.000820586 0)
(0.575658 0.000743503 0)
(0.575747 0.000671516 0)
(0.575838 0.000602801 0)
(0.575927 0.000535208 0)
(0.576012 0.000466383 0)
(0.576091 0.000393174 0)
(0.576161 0.000311744 0)
(0.576218 0.000217059 0)
(0.576257 0.000102987 0)
(0.576273 -3.85356e-05 0)
(0.576257 -0.000217798 0)
(0.5762 -0.000448604 0)
(0.576087 -0.000748969 0)
(0.5759 -0.00114295 0)
(0.575612 -0.00166206 0)
(0.575191 -0.00234804 0)
(0.574588 -0.00325554 0)
(0.573742 -0.00445653 0)
(0.572567 -0.00604483 0)
(0.570944 -0.00814266 0)
(0.568713 -0.0109075 0)
(0.565649 -0.0145408 0)
(0.56144 -0.0192955 0)
(0.555651 -0.0254836 0)
(0.547663 -0.033476 0)
(0.536606 -0.0436915 0)
(0.521247 -0.0565562 0)
(0.499842 -0.0724181 0)
(0.46998 -0.0913509 0)
(0.428343 -0.112875 0)
(0.370834 -0.135299 0)
(0.292251 -0.155637 0)
(0.19032 -0.166958 0)
(0.0530148 -0.144089 0)
(0.436751 0.00083068 0)
(0.43643 0.00174694 0)
(0.436127 0.00197197 0)
(0.435768 0.00191893 0)
(0.435613 0.00179346 0)
(0.435682 0.00163003 0)
(0.435873 0.00144464 0)
(0.436119 0.00126309 0)
(0.436391 0.00110114 0)
(0.436674 0.00096161 0)
(0.436956 0.000841989 0)
(0.437228 0.000739535 0)
(0.437486 0.000651516 0)
(0.437728 0.000575212 0)
(0.437954 0.00050766 0)
(0.438161 0.000446318 0)
(0.438351 0.000388622 0)
(0.438521 0.000332208 0)
(0.43867 0.000274156 0)
(0.438797 0.000211347 0)
(0.438897 0.000139769 0)
(0.438965 5.49027e-05 0)
(0.438994 -4.92853e-05 0)
(0.438973 -0.000180203 0)
(0.43889 -0.00034794 0)
(0.438724 -0.000565325 0)
(0.438451 -0.000849607 0)
(0.438037 -0.00122292 0)
(0.437434 -0.00171462 0)
(0.436583 -0.00236241 0)
(0.435399 -0.00321553 0)
(0.433774 -0.00433675 0)
(0.43156 -0.00580619 0)
(0.428559 -0.00772348 0)
(0.424509 -0.0102109 0)
(0.41906 -0.0134127 0)
(0.411746 -0.0174916 0)
(0.401955 -0.0226155 0)
(0.388883 -0.0289312 0)
(0.371499 -0.0365107 0)
(0.348517 -0.0452647 0)
(0.318413 -0.0547951 0)
(0.279517 -0.0642174 0)
(0.230397 -0.07191 0)
(0.170233 -0.0756667 0)
(0.101595 -0.0720113 0)
(0.0238479 -0.0531941 0)
(0.276492 0.00156694 0)
(0.276151 0.00269626 0)
(0.276423 0.00250678 0)
(0.276953 0.00203474 0)
(0.277635 0.00161797 0)
(0.278365 0.00127624 0)
(0.279061 0.00100171 0)
(0.279688 0.000792783 0)
(0.280243 0.000639182 0)
(0.280732 0.000525454 0)
(0.281162 0.000439118 0)
(0.281541 0.000371852 0)
(0.281874 0.000318334 0)
(0.282169 0.000274441 0)
(0.282431 0.00023729 0)
(0.282661 0.000204463 0)
(0.282864 0.000174314 0)
(0.28304 0.000145037 0)
(0.283189 0.000115116 0)
(0.28331 8.24986e-05 0)
(0.2834 4.5234e-05 0)
(0.283454 5.43137e-07 0)
(0.283464 -5.45128e-05 0)
(0.283422 -0.000124146 0)
(0.283311 -0.000213382 0)
(0.283112 -0.000329336 0)
(0.282799 -0.000480749 0)
(0.282336 -0.000679496 0)
(0.281676 -0.00094035 0)
(0.280755 -0.0012828 0)
(0.279492 -0.00173102 0)
(0.277775 -0.00231576 0)
(0.275463 -0.00307413 0)
(0.272369 -0.00405076 0)
(0.268253 -0.00529582 0)
(0.262811 -0.00686291 0)
(0.255658 -0.0088013 0)
(0.246326 -0.0111445 0)
(0.234259 -0.0138886 0)
(0.218832 -0.0169615 0)
(0.199403 -0.0201788 0)
(0.17543 -0.0231899 0)
(0.146661 -0.0254323 0)
(0.113473 -0.0260982 0)
(0.0772388 -0.0242768 0)
(0.0414994 -0.0189145 0)
(0.00763465 -0.0107508 0)
(0.0990058 0.00124702 0)
(0.100928 0.00144063 0)
(0.102844 0.00091813 0)
(0.104443 0.000539043 0)
(0.105593 0.000342422 0)
(0.106433 0.000227088 0)
(0.107071 0.000153096 0)
(0.107565 0.000108 0)
(0.107954 8.11031e-05 0)
(0.108267 6.38938e-05 0)
(0.108527 5.18793e-05 0)
(0.108745 4.30264e-05 0)
(0.10893 3.6208e-05 0)
(0.109089 3.06388e-05 0)
(0.109227 2.58376e-05 0)
(0.109345 2.14841e-05 0)
(0.109447 1.73233e-05 0)
(0.109532 1.30485e-05 0)
(0.109602 8.35223e-06 0)
(0.109654 2.88687e-06 0)
(0.109688 -3.71877e-06 0)
(0.109699 -1.19677e-05 0)
(0.109683 -2.24346e-05 0)
(0.109632 -3.58782e-05 0)
(0.109539 -5.33186e-05 0)
(0.109389 -7.61355e-05 0)
(0.109166 -0.000106054 0)
(0.108848 -0.000145285 0)
(0.108405 -0.00019659 0)
(0.107798 -0.000263444 0)
(0.106977 -0.000350065 0)
(0.105876 -0.000461464 0)
(0.104413 -0.000603257 0)
(0.102485 -0.000781304 0)
(0.0999657 -0.00100085 0)
(0.096704 -0.00126511 0)
(0.0925271 -0.00157294 0)
(0.0872482 -0.00191562 0)
(0.0806833 -0.00227273 0)
(0.072682 -0.00260801 0)
(0.0631743 -0.00286674 0)
(0.0522387 -0.00297531 0)
(0.0401848 -0.0028476 0)
(0.0276631 -0.00238887 0)
(0.0158108 -0.00151604 0)
(0.00647228 -6.64715e-05 0)
(8.3477e-05 0.000632416 0)
(1.80471 0.939952 0)
(1.50774 0.48866 0)
(1.09157 0.213987 0)
(0.911397 0.0788543 0)
(0.876452 0.0156051 0)
(0.841052 -0.0222887 0)
(2.47658 0.548147 0)
(2.63979 0.347522 0)
(2.62432 0.24151 0)
(2.57965 0.190207 0)
(2.54066 0.156282 0)
(2.49036 0.135223 0)
(2.43833 0.101785 0)
(2.71846 0.0520298 0)
(2.86482 0.047897 0)
(2.93216 0.0613587 0)
(2.96922 0.0756433 0)
(2.9858 0.0928328 0)
(2.44755 -0.0527176 0)
(2.7273 0.0233715 0)
(2.87337 0.0563557 0)
(2.94274 0.0747258 0)
(2.98888 0.0976066 0)
(3.02099 0.126396 0)
(2.51721 -0.5042 0)
(2.69955 -0.271693 0)
(2.71942 -0.13967 0)
(2.72727 -0.0664454 0)
(2.75087 -0.00690015 0)
(2.77161 0.048069 0)
(1.86747 -0.948538 0)
(1.6159 -0.494736 0)
(1.25543 -0.216533 0)
(1.1354 -0.0720302 0)
(1.18028 0.00912393 0)
(1.24764 0.0731489 0)
(-0.000690349 0.000575655 0)
(-0.0052489 0.00126132 0)
(-0.0113862 0.00149451 0)
(-0.0177673 0.00144956 0)
(-0.0236742 0.00136225 0)
(-0.0290288 0.00127415 0)
(-0.0338667 0.0011918 0)
(-0.0382252 0.0011161 0)
(-0.0421366 0.00104585 0)
(-0.0456273 0.000978742 0)
(-0.0487142 0.000911068 0)
(-0.0514018 0.000838507 0)
(-0.0536818 0.000756005 0)
(-0.0555361 0.000659586 0)
(-0.0569424 0.000547576 0)
(-0.0578833 0.00042126 0)
(-0.0583531 0.00028407 0)
(-0.0583616 0.000142114 0)
(-0.0579434 2.66803e-06 0)
(-0.0571486 -0.000128721 0)
(-0.0560398 -0.000247776 0)
(-0.0546866 -0.000351251 0)
(-0.0531636 -0.000436605 0)
(-0.0515462 -0.000502086 0)
(-0.0499075 -0.000547647 0)
(-0.0483146 -0.000573516 0)
(-0.0468274 -0.000581035 0)
(-0.0454964 -0.000571944 0)
(-0.0443627 -0.000548688 0)
(-0.0434586 -0.000511465 0)
(-0.0428089 -0.000460808 0)
(-0.0424302 -0.000398269 0)
(-0.04233 -0.000326691 0)
(-0.0425094 -0.000246272 0)
(-0.042965 -0.000157887 0)
(-0.0436862 -6.407e-05 0)
(-0.0446529 2.98708e-05 0)
(-0.0458324 0.000115056 0)
(-0.0471814 0.00018794 0)
(-0.0486536 0.000252634 0)
(-0.0501898 0.000295214 0)
(-0.0516894 0.00027554 0)
(-0.0530297 0.000199306 0)
(-0.0541122 0.000161376 0)
(-0.0547351 9.9476e-05 0)
(-0.0550976 -0.000261168 0)
(-0.0557805 -0.000291029 0)
(-0.00283082 0.00627649 0)
(-0.0165292 0.0114494 0)
(-0.032193 0.0126869 0)
(-0.0474875 0.0120927 0)
(-0.0612407 0.0110161 0)
(-0.0734243 0.00989425 0)
(-0.0841714 0.00883662 0)
(-0.0936265 0.00786237 0)
(-0.101921 0.00696655 0)
(-0.109164 0.00613408 0)
(-0.115433 0.00534333 0)
(-0.120776 0.00456882 0)
(-0.125212 0.00378757 0)
(-0.128741 0.00298452 0)
(-0.131356 0.00215777 0)
(-0.133061 0.0013202 0)
(-0.133878 0.000495308 0)
(-0.133863 -0.000284388 0)
(-0.133093 -0.000986213 0)
(-0.131679 -0.00158543 0)
(-0.129746 -0.00206657 0)
(-0.127429 -0.00241945 0)
(-0.124868 -0.0026397 0)
(-0.122202 -0.0027281 0)
(-0.119567 -0.00269177 0)
(-0.117085 -0.00254353 0)
(-0.114865 -0.00229933 0)
(-0.112999 -0.00197682 0)
(-0.111557 -0.00159228 0)
(-0.110595 -0.00116087 0)
(-0.110151 -0.000697231 0)
(-0.110243 -0.00021741 0)
(-0.110872 0.000266457 0)
(-0.11203 0.00074328 0)
(-0.11369 0.00120201 0)
(-0.115807 0.001629 0)
(-0.118317 0.00200671 0)
(-0.121134 0.00231612 0)
(-0.124155 0.00254582 0)
(-0.127272 0.00267916 0)
(-0.130352 0.00267624 0)
(-0.133232 0.0024876 0)
(-0.13583 0.00212055 0)
(-0.138164 0.00160956 0)
(-0.139757 0.000975911 0)
(-0.140918 0.000725972 0)
(-0.145322 0.00139663 0)
(-0.00540055 0.0191315 0)
(-0.0281999 0.03083 0)
(-0.0513727 0.032155 0)
(-0.0726236 0.0298229 0)
(-0.0911412 0.0267164 0)
(-0.107239 0.0236778 0)
(-0.121248 0.0209043 0)
(-0.133457 0.0184096 0)
(-0.1441 0.0161547 0)
(-0.153351 0.0140837 0)
(-0.161333 0.0121331 0)
(-0.168123 0.0102414 0)
(-0.173758 0.00835864 0)
(-0.178252 0.00645758 0)
(-0.181611 0.00454088 0)
(-0.183853 0.00264136 0)
(-0.185021 0.000812655 0)
(-0.185199 -0.000884292 0)
(-0.184492 -0.00238552 0)
(-0.183039 -0.00364307 0)
(-0.181001 -0.00462669 0)
(-0.178545 -0.00531971 0)
(-0.175846 -0.00571508 0)
(-0.173078 -0.00581774 0)
(-0.170407 -0.00564515 0)
(-0.167988 -0.00522546 0)
(-0.165953 -0.0045932 0)
(-0.16441 -0.00378548 0)
(-0.163444 -0.00283943 0)
(-0.163115 -0.00179171 0)
(-0.163463 -0.000679375 0)
(-0.164491 0.000461138 0)
(-0.1662 0.00160005 0)
(-0.168559 0.00270413 0)
(-0.171515 0.00373982 0)
(-0.174996 0.00466947 0)
(-0.178902 0.00545147 0)
(-0.183107 0.00604444 0)
(-0.187474 0.00641534 0)
(-0.191873 0.00653297 0)
(-0.196149 0.00635817 0)
(-0.200104 0.00588479 0)
(-0.203665 0.00519039 0)
(-0.206911 0.00439112 0)
(-0.209385 0.00362335 0)
(-0.211082 0.00327477 0)
(-0.21587 0.00416964 0)
(-0.00821284 0.0395784 0)
(-0.0385927 0.0576326 0)
(-0.0651062 0.0567102 0)
(-0.0875575 0.0511004 0)
(-0.10653 0.0450553 0)
(-0.122872 0.0395255 0)
(-0.13713 0.0346601 0)
(-0.149708 0.0303926 0)
(-0.160888 0.0266009 0)
(-0.170853 0.0231577 0)
(-0.179715 0.0199407 0)
(-0.187534 0.0168416 0)
(-0.194325 0.0137774 0)
(-0.200074 0.0107038 0)
(-0.204755 0.00762644 0)
(-0.208352 0.00459861 0)
(-0.21088 0.00170708 0)
(-0.212401 -0.000955583 0)
(-0.213004 -0.00329667 0)
(-0.212802 -0.00523677 0)
(-0.211943 -0.00672775 0)
(-0.210592 -0.00774801 0)
(-0.208931 -0.00828589 0)
(-0.20715 -0.00834869 0)
(-0.205439 -0.00796394 0)
(-0.203971 -0.00717656 0)
(-0.202896 -0.00604664 0)
(-0.202335 -0.00463781 0)
(-0.202378 -0.00301895 0)
(-0.203087 -0.00125535 0)
(-0.20448 0.000584346 0)
(-0.206569 0.00244963 0)
(-0.209338 0.00428268 0)
(-0.212737 0.00602569 0)
(-0.216695 0.00761779 0)
(-0.221122 0.00899998 0)
(-0.225903 0.0101088 0)
(-0.230897 0.0108863 0)
(-0.235962 0.0112839 0)
(-0.24097 0.0112712 0)
(-0.245765 0.0108329 0)
(-0.250148 0.00999691 0)
(-0.254052 0.00884176 0)
(-0.257532 0.00750984 0)
(-0.26014 0.0062044 0)
(-0.261616 0.00527882 0)
(-0.265379 0.00578004 0)
(-0.0112695 0.0679943 0)
(-0.0444533 0.0870852 0)
(-0.0655177 0.0797656 0)
(-0.0811961 0.0699303 0)
(-0.0947216 0.06111 0)
(-0.107044 0.0535418 0)
(-0.118551 0.0471538 0)
(-0.129534 0.0417 0)
(-0.140131 0.0369147 0)
(-0.150376 0.0325812 0)
(-0.160241 0.0285208 0)
(-0.16967 0.0245811 0)
(-0.178579 0.020645 0)
(-0.186859 0.0166454 0)
(-0.194386 0.0125828 0)
(-0.20104 0.00853228 0)
(-0.206742 0.00462473 0)
(-0.211465 0.00100336 0)
(-0.215231 -0.00221066 0)
(-0.218098 -0.00491669 0)
(-0.220123 -0.00702863 0)
(-0.221423 -0.00850068 0)
(-0.222149 -0.00930391 0)
(-0.222496 -0.00943359 0)
(-0.222678 -0.00891954 0)
(-0.222903 -0.00782765 0)
(-0.223352 -0.00624979 0)
(-0.224172 -0.00428841 0)
(-0.225472 -0.00204632 0)
(-0.227308 0.000374096 0)
(-0.229712 0.00288845 0)
(-0.232705 0.00541645 0)
(-0.236261 0.00787163 0)
(-0.240331 0.0101684 0)
(-0.244845 0.0122244 0)
(-0.249717 0.0139596 0)
(-0.254841 0.0152977 0)
(-0.260094 0.0161665 0)
(-0.265349 0.0165091 0)
(-0.270497 0.0162936 0)
(-0.275401 0.015524 0)
(-0.279893 0.014243 0)
(-0.283905 0.0125319 0)
(-0.287443 0.0105427 0)
(-0.290027 0.00854129 0)
(-0.29139 0.0068777 0)
(-0.29447 0.006661 0)
(-0.0090118 0.0961391 0)
(-0.0308601 0.105755 0)
(-0.0283652 0.0891557 0)
(-0.0251756 0.0781067 0)
(-0.0265217 0.069422 0)
(-0.0310852 0.0620166 0)
(-0.0379356 0.0560477 0)
(-0.0467443 0.0511252 0)
(-0.0571821 0.0467886 0)
(-0.0688734 0.0427601 0)
(-0.0814667 0.0388486 0)
(-0.0946498 0.0348845 0)
(-0.108143 0.0307244 0)
(-0.121681 0.0262766 0)
(-0.134991 0.0215423 0)
(-0.147785 0.0166567 0)
(-0.159821 0.0118255 0)
(-0.170924 0.0072358 0)
(-0.180957 0.00305074 0)
(-0.189836 -0.00059715 0)
(-0.197525 -0.00359717 0)
(-0.204015 -0.00588028 0)
(-0.20934 -0.0073418 0)
(-0.213663 -0.00791617 0)
(-0.217223 -0.00761567 0)
(-0.220285 -0.00652327 0)
(-0.223092 -0.00476312 0)
(-0.225851 -0.0024838 0)
(-0.228707 0.000166591 0)
(-0.231767 0.0030573 0)
(-0.235124 0.00607384 0)
(-0.238815 0.00909428 0)
(-0.242845 0.0120079 0)
(-0.24719 0.0147066 0)
(-0.251804 0.0170931 0)
(-0.256633 0.0190701 0)
(-0.261609 0.0205538 0)
(-0.266652 0.021461 0)
(-0.271677 0.0217271 0)
(-0.276611 0.0213113 0)
(-0.281352 0.0202221 0)
(-0.285768 0.0185045 0)
(-0.289801 0.0162558 0)
(-0.293402 0.0136433 0)
(-0.296091 0.0109249 0)
(-0.297584 0.00843876 0)
(-0.300623 0.0074179 0)
(0.0863278 0.0904371 0)
(0.110081 0.100173 0)
(0.144764 0.0880287 0)
(0.170517 0.0813215 0)
(0.180357 0.0772257 0)
(0.179736 0.0732034 0)
(0.17254 0.0694978 0)
(0.160262 0.0663091 0)
(0.143918 0.0633317 0)
(0.124492 0.0602643 0)
(0.102823 0.0569509 0)
(0.0795915 0.0532923 0)
(0.0553586 0.0492018 0)
(0.0305841 0.0446255 0)
(0.00563711 0.03957 0)
(-0.0192429 0.0340872 0)
(-0.0436545 0.0283306 0)
(-0.0670834 0.0225382 0)
(-0.0891703 0.0169343 0)
(-0.10958 0.0117173 0)
(-0.128041 0.00706844 0)
(-0.144311 0.00316985 0)
(-0.158338 0.000225719 0)
(-0.1702 -0.00162549 0)
(-0.180133 -0.00233759 0)
(-0.188443 -0.00196691 0)
(-0.195461 -0.000668612 0)
(-0.201498 0.00136524 0)
(-0.206813 0.00394006 0)
(-0.211663 0.00688964 0)
(-0.216232 0.0100419 0)
(-0.220647 0.0132438 0)
(-0.224988 0.0163519 0)
(-0.229297 0.0192371 0)
(-0.233591 0.0217772 0)
(-0.237875 0.0238652 0)
(-0.242149 0.0254055 0)
(-0.246401 0.0263162 0)
(-0.250614 0.0265232 0)
(-0.254771 0.0259823 0)
(-0.258827 0.0246871 0)
(-0.262694 0.0226728 0)
(-0.266336 0.0200162 0)
(-0.269725 0.016885 0)
(-0.272343 0.0135245 0)
(-0.273866 0.010224 0)
(-0.2772 0.00845787 0)
(0.816848 -0.0246744 0)
(0.794581 -0.00442452 0)
(0.782276 0.015663 0)
(0.768838 0.032715 0)
(0.746851 0.0467119 0)
(0.716867 0.0575194 0)
(0.680869 0.0655669 0)
(0.639928 0.0714935 0)
(0.594869 0.0756791 0)
(0.546656 0.0782799 0)
(0.496258 0.0793984 0)
(0.444539 0.0791387 0)
(0.392246 0.0775946 0)
(0.34002 0.0748471 0)
(0.288407 0.0709754 0)
(0.237915 0.0660518 0)
(0.189009 0.0601804 0)
(0.142122 0.0535546 0)
(0.0977067 0.0464455 0)
(0.056216 0.0391576 0)
(0.0180887 0.0320064 0)
(-0.0162651 0.0251357 0)
(-0.0466065 0.0189587 0)
(-0.0727904 0.0140375 0)
(-0.0949506 0.0106166 0)
(-0.113425 0.00873985 0)
(-0.128674 0.00825257 0)
(-0.141178 0.00889434 0)
(-0.151396 0.0104078 0)
(-0.159782 0.0125689 0)
(-0.166736 0.0151552 0)
(-0.172577 0.0179529 0)
(-0.177557 0.0207667 0)
(-0.181862 0.0234295 0)
(-0.185625 0.025793 0)
(-0.188951 0.0277345 0)
(-0.191928 0.0291495 0)
(-0.194642 0.0299569 0)
(-0.197167 0.030085 0)
(-0.199579 0.029488 0)
(-0.201928 0.0281423 0)
(-0.204228 0.0260454 0)
(-0.206527 0.0232133 0)
(-0.20884 0.0197849 0)
(-0.210716 0.0160322 0)
(-0.21189 0.0121516 0)
(-0.215097 0.00987696 0)
(2.41679 0.128958 0)
(2.32919 0.132298 0)
(2.23735 0.138913 0)
(2.14142 0.146315 0)
(2.03927 0.153877 0)
(1.93087 0.160841 0)
(1.81727 0.166466 0)
(1.69944 0.170385 0)
(1.57826 0.172455 0)
(1.45481 0.172591 0)
(1.33033 0.170763 0)
(1.20617 0.167025 0)
(1.08368 0.16151 0)
(0.964178 0.154405 0)
(0.848894 0.145928 0)
(0.738915 0.136306 0)
(0.635122 0.125771 0)
(0.538173 0.114554 0)
(0.44852 0.102896 0)
(0.366428 0.0910337 0)
(0.292005 0.0791988 0)
(0.225262 0.067631 0)
(0.165992 0.0566847 0)
(0.11398 0.0468121 0)
(0.0690517 0.0384462 0)
(0.030906 0.0318549 0)
(-0.000709449 0.0270251 0)
(-0.0262343 0.0238405 0)
(-0.0465702 0.022206 0)
(-0.0625973 0.0218743 0)
(-0.07505 0.0225107 0)
(-0.0845995 0.0237786 0)
(-0.0917978 0.0253846 0)
(-0.0970906 0.0270795 0)
(-0.100832 0.0286618 0)
(-0.103304 0.0299698 0)
(-0.10474 0.0308825 0)
(-0.105353 0.0313071 0)
(-0.10534 0.0311766 0)
(-0.104896 0.0304439 0)
(-0.104212 0.0290878 0)
(-0.103467 0.0270831 0)
(-0.102864 0.0243986 0)
(-0.102646 0.0211337 0)
(-0.102646 0.0176462 0)
(-0.103028 0.0141662 0)
(-0.104733 0.0114488 0)
(2.98056 0.116944 0)
(2.9586 0.146072 0)
(2.92619 0.175819 0)
(2.88467 0.20417 0)
(2.83239 0.230522 0)
(2.76815 0.254217 0)
(2.69164 0.274612 0)
(2.60279 0.291342 1.16987e-35)
(2.50156 0.304198 0)
(2.38818 0.313004 0)
(2.26332 0.317625 0)
(2.12807 0.318012 0)
(1.98388 0.314224 9.92008e-36)
(1.8326 0.30643 0)
(1.67638 0.294909 0)
(1.51762 0.280046 0)
(1.35891 0.262321 0)
(1.20288 0.242294 0)
(1.05213 0.220591 0)
(0.909046 0.197879 0)
(0.775717 0.174844 0)
(0.653738 0.152169 0)
(0.544133 0.13052 1.2166e-35)
(0.44737 0.110508 0)
(0.363438 0.092621 0)
(0.291896 0.077168 0)
(0.231948 0.0642609 0)
(0.182481 0.0539058 0)
(0.142309 0.0460166 0)
(0.110299 0.0403344 0)
(0.0853352 0.0364666 0)
(0.0663664 0.0339953 0)
(0.0524439 0.0325204 0)
(0.042731 0.031686 0)
(0.0365139 0.0311977 0)
(0.0331859 0.0308275 0)
(0.0322254 0.0304038 0)
(0.0331748 0.029801 -4.68009e-36)
(0.0356229 0.0289283 0)
(0.0391929 0.0277245 0)
(0.0435297 0.0261614 0)
(0.0482875 0.0242338 -2.02579e-36)
(0.0531236 0.0219228 0)
(0.0576143 0.0192608 0)
(0.061674 0.0164305 0)
(0.0641791 0.0142358 0)
(0.0693491 0.0109498 0)
(3.03645 0.158033 0)
(3.04016 0.188524 0)
(3.03987 0.217822 0)
(3.03813 0.247096 0)
(3.03315 0.276466 0)
(3.02283 0.305489 0)
(3.0057 0.333724 0)
(2.98013 0.360698 -1.0264e-35)
(2.94417 0.385781 0)
(2.8959 0.408226 0)
(2.83371 0.427261 0)
(2.75637 0.44215 0)
(2.66311 0.452246 -7.55856e-36)
(2.55371 0.457019 0)
(2.42859 0.456093 0)
(2.28884 0.449265 0)
(2.13626 0.436518 0)
(1.97333 0.418041 0)
(1.8032 0.394251 0)
(1.62953 0.365822 0)
(1.45633 0.3337 0)
(1.28762 0.299088 0)
(1.12721 0.263373 -6.99449e-36)
(0.978318 0.227994 0)
(0.843418 0.194283 0)
(0.724063 0.163336 0)
(0.62086 0.135914 0)
(0.533551 0.112424 0)
(0.461237 0.0929344 0)
(0.402598 0.0772076 0)
(0.356081 0.0647902 0)
(0.320063 0.0551307 0)
(0.292982 0.0476634 0)
(0.273409 0.041868 0)
(0.260086 0.0372958 0)
(0.251929 0.0335793 0)
(0.248016 0.0304359 0)
(0.247564 0.0276563 2.88939e-36)
(0.249904 0.0250869 0)
(0.254455 0.0226195 0)
(0.260704 0.0201875 0)
(0.268166 0.0177642 1.2592e-36)
(0.276403 0.0153327 0)
(0.28486 0.0129551 0)
(0.293591 0.010589 0)
(0.300394 0.0091195 0)
(0.311731 0.00590236 0)
(2.78077 0.0989578 0)
(2.78422 0.140584 0)
(2.79366 0.177637 0)
(2.81081 0.213926 0)
(2.83217 0.249945 0)
(2.85559 0.28563 0)
(2.87997 0.321177 0)
(2.90367 0.356645 0)
(2.92437 0.391795 0)
(2.93955 0.426159 0)
(2.94662 0.459094 0)
(2.943 0.489798 0)
(2.92611 0.517346 0)
(2.8936 0.540747 0)
(2.84344 0.559005 0)
(2.77415 0.571148 0)
(2.68491 0.576275 0)
(2.57581 0.573611 0)
(2.44795 0.562604 0)
(2.30358 0.543058 0)
(2.14603 0.515263 0)
(1.97953 0.480084 0)
(1.80894 0.438951 0)
(1.63932 0.393745 0)
(1.47548 0.346601 0)
(1.32164 0.299657 0)
(1.18106 0.254823 0)
(1.05591 0.213593 0)
(0.947285 0.176939 0)
(0.855277 0.145295 0)
(0.779211 0.118629 0)
(0.717862 0.0965743 0)
(0.669689 0.078559 0)
(0.633024 0.0639281 0)
(0.606218 0.0520341 0)
(0.587734 0.0422944 0)
(0.576196 0.0342231 0)
(0.570402 0.0274354 0)
(0.569308 0.021639 0)
(0.572021 0.0166183 0)
(0.577767 0.0122279 0)
(0.58584 0.00838803 0)
(0.595673 0.00502503 0)
(0.606544 0.00214639 0)
(0.618776 -0.000388878 0)
(0.62892 -0.00167673 0)
(0.646995 -0.00445896 0)
(1.35381 0.128286 0)
(1.45285 0.154934 0)
(1.5681 0.175599 0)
(1.69306 0.196874 0)
(1.8171 0.220236 0)
(1.93809 0.246535 0)
(2.05662 0.276061 0)
(2.17227 0.308575 0)
(2.28384 0.343672 0)
(2.38991 0.380908 0)
(2.48891 0.419728 0)
(2.57895 0.459399 0)
(2.65783 0.49901 0)
(2.72314 0.537499 0)
(2.77226 0.573659 0)
(2.80258 0.60612 0)
(2.81164 0.633334 0)
(2.79743 0.653603 0)
(2.75874 0.665209 0)
(2.69543 0.666637 0)
(2.60871 0.656849 0)
(2.50112 0.635532 0)
(2.37644 0.603239 0)
(2.23942 0.561406 0)
(2.09538 0.512195 0)
(1.94971 0.458232 0)
(1.80746 0.40228 0)
(1.67291 0.346916 0)
(1.54937 0.294274 0)
(1.43904 0.245892 0)
(1.34309 0.202678 0)
(1.26179 0.164974 0)
(1.19468 0.132676 0)
(1.14078 0.105374 0)
(1.09886 0.0824948 0)
(1.0675 0.0634057 0)
(1.0453 0.0474951 0)
(1.03091 0.0342131 0)
(1.02308 0.023097 0)
(1.02068 0.0137712 0)
(1.02271 0.00595446 0)
(1.02828 -0.000558012 0)
(1.03674 -0.00593779 0)
(1.04713 -0.0102819 0)
(1.05975 -0.013719 0)
(1.07051 -0.0157907 0)
(1.09099 -0.0182931 0)
(0.168319 -0.0788693 0)
(0.274342 -0.077922 0)
(0.406245 -0.0382793 0)
(0.550098 -0.00145551 0)
(0.692455 0.0320082 0)
(0.8366 0.0666734 0)
(0.985972 0.103745 0)
(1.14035 0.143217 0)
(1.29849 0.185133 0)
(1.459 0.2296 0)
(1.62029 0.276574 0)
(1.78035 0.325772 0)
(1.9368 0.376711 0)
(2.08695 0.428752 0)
(2.22772 0.481076 0)
(2.35566 0.532576 0)
(2.46709 0.581711 0)
(2.55838 0.626437 0)
(2.62631 0.664294 0)
(2.66851 0.692676 0)
(2.68376 0.709213 0)
(2.67225 0.712158 0)
(2.63561 0.700718 0)
(2.5768 0.675234 0)
(2.4999 0.637159 0)
(2.40971 0.588864 0)
(2.31132 0.533313 0)
(2.2097 0.473683 0)
(2.10929 0.412987 0)
(2.01376 0.353787 0)
(1.92587 0.298028 0)
(1.84745 0.246992 0)
(1.77947 0.201348 0)
(1.72222 0.161271 0)
(1.6754 0.126577 0)
(1.63837 0.0968641 0)
(1.61023 0.0716141 0)
(1.58998 0.0502821 0)
(1.57659 0.0323441 0)
(1.56902 0.0173332 0)
(1.5663 0.00484828 0)
(1.56759 -0.0054485 0)
(1.57213 -0.0138108 0)
(1.57898 -0.0204329 0)
(1.58816 -0.0253925 0)
(1.59631 -0.0287992 0)
(1.61237 -0.0312647 0)
(-0.0170898 -0.152228 0)
(-0.0303792 -0.15299 0)
(0.00737258 -0.116498 0)
(0.0596163 -0.0946791 0)
(0.11986 -0.0757383 0)
(0.190279 -0.0548097 0)
(0.273366 -0.0312983 0)
(0.370932 -0.00477643 0)
(0.483353 0.0256119 0)
(0.610839 0.0606101 0)
(0.752881 0.100576 0)
(0.907844 0.145511 0)
(1.07361 0.195187 0)
(1.2476 0.249301 0)
(1.42656 0.307443 0)
(1.60644 0.368908 0)
(1.7825 0.432394 0)
(1.94958 0.495762 0)
(2.10262 0.556039 0)
(2.23712 0.609749 0)
(2.34954 0.653377 0)
(2.43753 0.683819 0)
(2.50016 0.698857 0)
(2.53787 0.697477 0)
(2.55243 0.679991 0)
(2.54669 0.647952 0)
(2.5243 0.603912 0)
(2.48932 0.551047 0)
(2.44587 0.492728 0)
(2.39778 0.432142 0)
(2.3484 0.372017 0)
(2.30042 0.314469 0)
(2.25584 0.26096 0)
(2.21599 0.212354 0)
(2.18162 0.169023 0)
(2.15301 0.130978 0)
(2.13008 0.0979873 0)
(2.11251 0.0696783 0)
(2.09978 0.0456148 0)
(2.09132 0.0253526 0)
(2.0865 0.00846897 0)
(2.08466 -0.00543062 0)
(2.08521 -0.0166471 0)
(2.08752 -0.0254523 0)
(2.09135 -0.0319199 0)
(2.09504 -0.0364914 0)
(2.10239 -0.0391087 0)
(-0.0168069 -0.103804 0)
(-0.0630933 -0.129293 0)
(-0.0847565 -0.119548 0)
(-0.0916937 -0.108982 0)
(-0.0882702 -0.0998545 0)
(-0.0749576 -0.0908231 0)
(-0.0509448 -0.0812852 0)
(-0.0153139 -0.0703776 0)
(0.0328333 -0.0570874 0)
(0.0943226 -0.0405243 0)
(0.170831 -0.0196337 0)
(0.264869 0.0065233 0)
(0.377693 0.0385908 0)
(0.50986 0.0773864 0)
(0.660432 0.123738 0)
(0.82676 0.178095 0)
(1.00465 0.24001 0)
(1.18882 0.307719 0)
(1.37359 0.378025 0)
(1.55353 0.446801 0)
(1.7237 0.509533 0)
(1.87982 0.561928 0)
(2.01865 0.600515 0)
(2.13804 0.623005 0)
(2.23703 0.628461 0)
(2.3158 0.617336 0)
(2.37557 0.591355 0)
(2.4183 0.553179 0)
(2.44651 0.505985 0)
(2.46291 0.453058 0)
(2.47025 0.397474 0)
(2.47105 0.341838 0)
(2.46751 0.288171 0)
(2.46143 0.237889 0)
(2.45421 0.191879 0)
(2.44684 0.150585 0)
(2.44001 0.114124 0)
(2.4341 0.0823828 0)
(2.42928 0.0551123 0)
(2.42557 0.0319855 0)
(2.42287 0.0126581 0)
(2.42101 -0.00322364 0)
(2.41973 -0.0159651 0)
(2.41886 -0.0258765 0)
(2.41813 -0.0330856 0)
(2.41767 -0.0380679 0)
(2.41652 -0.0407622 0)
(-0.0129948 -0.0613539 0)
(-0.0589246 -0.0882212 0)
(-0.0976772 -0.090599 0)
(-0.129629 -0.0891701 0)
(-0.155362 -0.0881541 0)
(-0.175304 -0.0875369 0)
(-0.189077 -0.0867878 0)
(-0.195875 -0.0853354 0)
(-0.19444 -0.0826529 0)
(-0.1832 -0.0783658 0)
(-0.160325 -0.072127 0)
(-0.123625 -0.0633656 0)
(-0.0707279 -0.0511424 0)
(-0.000154018 -0.0340401 0)
(0.0903433 -0.00966006 0)
(0.202187 0.0246022 0)
(0.334289 0.0702157 0)
(0.483079 0.126347 0)
(0.644567 0.190296 0)
(0.81454 0.258617 0)
(0.988771 0.326304 0)
(1.16305 0.388193 0)
(1.33332 0.439958 0)
(1.4958 0.478391 0)
(1.64723 0.501513 0)
(1.78518 0.508735 0)
(1.9082 0.500871 0)
(2.01568 0.479811 0)
(2.10776 0.448109 0)
(2.18521 0.408655 0)
(2.24926 0.364368 0)
(2.30139 0.317885 0)
(2.34317 0.271388 0)
(2.37618 0.226548 0)
(2.40188 0.184542 0)
(2.4216 0.146112 0)
(2.43645 0.111647 0)
(2.44736 0.0812722 0)
(2.45508 0.0549328 0)
(2.46022 0.032462 0)
(2.46323 0.0136315 0)
(2.46447 -0.00181353 0)
(2.46416 -0.0141379 0)
(2.46266 -0.0236304 0)
(2.45981 -0.0304786 0)
(2.45713 -0.0350397 0)
(2.45073 -0.0375425 0)
(-0.00874821 -0.0293855 0)
(-0.0443494 -0.0470406 0)
(-0.0809673 -0.0519358 0)
(-0.11679 -0.0539814 0)
(-0.151161 -0.0561952 0)
(-0.18436 -0.0589724 0)
(-0.21627 -0.0621888 0)
(-0.246458 -0.0656495 0)
(-0.274142 -0.0692079 0)
(-0.298189 -0.072826 0)
(-0.317084 -0.076475 0)
(-0.328849 -0.0799459 0)
(-0.331068 -0.0825929 0)
(-0.321012 -0.0829886 0)
(-0.295694 -0.0784839 0)
(-0.251989 -0.0654774 0)
(-0.186659 -0.0406589 0)
(-0.0970931 -0.00273248 0)
(0.015963 0.0465239 0)
(0.142075 0.10249 0)
(0.280947 0.160331 0)
(0.431372 0.216252 0)
(0.590865 0.266565 0)
(0.755505 0.308119 0)
(0.920815 0.338193 0)
(1.08274 0.355363 0)
(1.23785 0.359705 0)
(1.3832 0.352338 0)
(1.51655 0.335073 0)
(1.63657 0.310172 0)
(1.74272 0.279988 0)
(1.83496 0.246709 0)
(1.91379 0.212226 0)
(1.98006 0.178081 0)
(2.03486 0.145431 0)
(2.07938 0.115077 0)
(2.11484 0.0875123 0)
(2.14241 0.0629916 0)
(2.16318 0.0415918 0)
(2.17813 0.0232895 0)
(2.18814 0.00798208 0)
(2.19405 -0.00450174 0)
(2.19655 -0.014362 0)
(2.19635 -0.0218281 0)
(2.19343 -0.0270854 0)
(2.19021 -0.0304397 0)
(2.18115 -0.0321238 0)
(-0.00436106 -0.00904498 0)
(-0.0252837 -0.0166196 0)
(-0.0498116 -0.0196108 0)
(-0.0760307 -0.0211471 0)
(-0.103176 -0.0227297 0)
(-0.131603 -0.0246818 0)
(-0.161607 -0.0270728 0)
(-0.193384 -0.0299615 0)
(-0.227042 -0.0334877 0)
(-0.26262 -0.0379262 0)
(-0.300045 -0.0436513 0)
(-0.339022 -0.0509987 0)
(-0.378843 -0.0599735 0)
(-0.418092 -0.0697573 0)
(-0.454248 -0.0782081 0)
(-0.48327 -0.0818396 0)
(-0.499333 -0.0766573 0)
(-0.49517 -0.0599493 0)
(-0.463925 -0.0320437 0)
(-0.403124 0.00390198 0)
(-0.319391 0.0441265 0)
(-0.217085 0.0841721 0)
(-0.0952207 0.120759 0)
(0.0421546 0.152171 0)
(0.190579 0.176705 0)
(0.346041 0.193422 0)
(0.503899 0.202204 0)
(0.659352 0.202634 0)
(0.808335 0.195352 0)
(0.947747 0.182372 0)
(1.07527 0.165454 0)
(1.18937 0.146018 0)
(1.28936 0.125311 0)
(1.37525 0.104387 0)
(1.4475 0.0840753 0)
(1.50693 0.0649719 0)
(1.55457 0.0474775 0)
(1.59157 0.0318252 0)
(1.6191 0.0181209 0)
(1.63839 0.0063559 0)
(1.65083 -0.00349446 0)
(1.65727 -0.0113992 0)
(1.65848 -0.0173998 0)
(1.65549 -0.0216094 0)
(1.64832 -0.0242187 0)
(1.64087 -0.0254132 0)
(1.62353 -0.0253227 0)
(-0.000789874 -0.000593528 0)
(-0.00699134 -0.00143693 0)
(-0.0156459 -0.00188436 0)
(-0.0255715 -0.00211058 0)
(-0.0362801 -0.00237737 0)
(-0.047946 -0.00269412 0)
(-0.0607903 -0.00305256 0)
(-0.0750281 -0.00345063 0)
(-0.0909262 -0.00390574 0)
(-0.108891 -0.00448165 0)
(-0.129572 -0.0053332 0)
(-0.153962 -0.00679242 0)
(-0.183434 -0.00943832 0)
(-0.219595 -0.013958 0)
(-0.263795 -0.0206335 0)
(-0.316154 -0.0285894 0)
(-0.37433 -0.0353806 0)
(-0.432736 -0.0377957 0)
(-0.483026 -0.0338111 0)
(-0.515593 -0.0240174 0)
(-0.521444 -0.0110815 0)
(-0.496548 0.00190952 0)
(-0.445195 0.0135442 0)
(-0.369791 0.0237573 0)
(-0.27465 0.0327179 0)
(-0.164889 0.0400509 0)
(-0.04746 0.0449832 0)
(0.0723101 0.0458744 0)
(0.19217 0.0430689 0)
(0.307942 0.0386 0)
(0.414713 0.0332121 0)
(0.509613 0.0272366 0)
(0.591312 0.0210111 0)
(0.659353 0.0148698 0)
(0.713887 0.0090868 0)
(0.755553 0.00385663 0)
(0.785361 -0.000694297 0)
(0.804541 -0.00450228 0)
(0.814467 -0.00757059 0)
(0.816461 -0.00995977 0)
(0.811594 -0.0116416 0)
(0.801553 -0.0125493 0)
(0.787767 -0.0127071 0)
(0.771713 -0.0121771 0)
(0.753853 -0.0112628 0)
(0.73809 -0.00965202 0)
(0.714358 -0.00830809 0)
)
;

boundaryField
{
    inlet
    {
        type            fixedProfile;
        profile         csvFile;
        profileCoeffs
        {
            nHeaderLine     0;
            refColumn       0;
            componentColumns 3(1 2 3);
            separator       ",";
            mergeSeparators 0;
            file            "0/Uprofile.csv";
        }
        direction       (0 1 0);
        origin          -1;
        value           nonuniform List<vector> 
20
(
(0.0975 0 0)
(0.2775 0 0)
(0.4375 0 0)
(0.5775 0 0)
(0.6975 0 0)
(0.7975 0 0)
(0.8775 0 0)
(0.9375 0 0)
(0.9775 0 0)
(0.9975 0 0)
(0.9975 0 0)
(0.9775 0 0)
(0.9375 0 0)
(0.8775 0 0)
(0.7975 0 0)
(0.6975 0 0)
(0.5775 0 0)
(0.4375 0 0)
(0.2775 0 0)
(0.0975 0 0)
)
;
    }
    outlet
    {
        type            zeroGradient;
    }
    upperWall
    {
        type            noSlip;
    }
    lowerWall
    {
        type            noSlip;
    }
    frontAndBack
    {
        type            empty;
    }
}


// ************************************************************************* //
