/*--------------------------------*- C++ -*----------------------------------*\
| =========                 |                                                 |
| \\      /  F ield         | OpenFOAM: The Open Source CFD Toolbox           |
|  \\    /   O peration     | Version:  2406                                  |
|   \\  /    A nd           | Website:  www.openfoam.com                      |
|    \\/     M anipulation  |                                                 |
\*---------------------------------------------------------------------------*/
FoamFile
{
    version     2.0;
    format      ascii;
    arch        "LSB;label=32;scalar=64";
    class       surfaceScalarField;
    location    "62";
    object      phi;
}
// * * * * * * * * * * * * * * * * * * * * * * * * * * * * * * * * * * * * * //

dimensions      [0 3 -1 0 0 0 0];

oriented        oriented;

internalField   nonuniform List<scalar> 
3880
(
0.00984418
-9.41811e-05
0.0099209
-7.6714e-05
0.00996658
-4.56809e-05
0.00999631
-2.97315e-05
0.0100163
-2.0029e-05
0.0100297
-1.33626e-05
0.0100388
-9.07585e-06
0.0100452
-6.40278e-06
0.0100498
-4.66666e-06
-3.47736e-06
0.0100533
0.0277354
-7.95519e-05
0.0277657
-0.000107052
0.0278035
-8.34803e-05
0.0278369
-6.3095e-05
0.0278647
-4.78091e-05
0.0278867
-3.54443e-05
0.0279038
-2.61673e-05
0.027917
-1.95875e-05
0.0279272
-1.48898e-05
-1.14465e-05
0.0279352
0.0437278
-5.73078e-05
0.04372
-9.92415e-05
0.0437301
-9.36031e-05
0.0437474
-8.04166e-05
0.0437668
-6.71979e-05
0.0437855
-5.41228e-05
0.043802
-4.26822e-05
0.043816
-3.35601e-05
0.0438275
-2.64606e-05
-2.0915e-05
0.043837
0.0577323
-3.96009e-05
0.0577129
-7.98084e-05
0.0577052
-8.59408e-05
0.0577064
-8.16458e-05
0.0577132
-7.39129e-05
0.0577228
-6.37356e-05
0.0577332
-5.31563e-05
0.0577434
-4.3671e-05
0.0577525
-3.56336e-05
-2.89381e-05
0.0577606
0.0697374
-2.69641e-05
0.0697177
-6.0151e-05
0.0697027
-7.0925e-05
0.0696937
-7.2613e-05
0.0696898
-7.0019e-05
0.0696899
-6.38198e-05
0.0696925
-5.57943e-05
0.0696965
-4.76395e-05
0.0697009
-4.01059e-05
-3.3409e-05
0.0697054
0.0797413
-1.82492e-05
0.0797246
-4.34681e-05
0.0797081
-5.44358e-05
0.0796943
-5.87845e-05
0.0796837
-5.94593e-05
0.0796765
-5.66019e-05
0.0796721
-5.14059e-05
0.0796698
-4.5332e-05
0.0796689
-3.92097e-05
-3.34097e-05
0.0796689
0.0877438
-1.20768e-05
0.0877303
-2.99027e-05
0.0877147
-3.89125e-05
0.0876995
-4.35749e-05
0.0876857
-4.56077e-05
0.0876739
-4.48336e-05
0.0876644
-4.19179e-05
0.087657
-3.79139e-05
0.0876513
-3.3516e-05
-2.90945e-05
0.087647
0.0937453
-7.39311e-06
0.0937341
-1.8706e-05
0.0937201
-2.49043e-05
0.0937051
-2.85324e-05
0.09369
-3.05445e-05
0.0936759
-3.06891e-05
0.0936632
-2.92785e-05
0.0936523
-2.69629e-05
0.093643
-2.42147e-05
-2.13103e-05
0.0936352
0.0977461
-3.51907e-06
0.0977364
-8.99641e-06
0.0977236
-1.21193e-05
0.0977092
-1.40578e-05
0.0976939
-1.52403e-05
0.0976787
-1.55037e-05
0.0976644
-1.49642e-05
0.0976513
-1.39261e-05
0.0976397
-1.26226e-05
-1.11967e-05
0.0976296
0.0997465
3.51212e-09
0.0997375
1.03923e-08
0.0997253
1.62673e-08
0.0997113
2.28673e-08
0.099696
2.98125e-08
0.0996805
3.5878e-08
0.0996654
4.16543e-08
0.0996515
4.82682e-08
0.0996388
5.59875e-08
6.45327e-08
0.0996275
0.0997465
3.52542e-06
0.0997375
9.01431e-06
0.0997253
1.21525e-05
0.0997113
1.41044e-05
0.099696
1.52978e-05
0.0996805
1.5573e-05
0.0996655
1.50464e-05
0.0996515
1.40215e-05
0.0996388
1.27323e-05
1.13228e-05
0.0996275
0.0977461
7.39961e-06
0.0977364
1.87252e-05
0.0977236
2.49345e-05
0.0977092
2.85748e-05
0.0976939
3.05995e-05
0.0976787
3.07553e-05
0.0976644
2.93555e-05
0.0976513
2.70521e-05
0.0976398
2.43179e-05
2.1429e-05
0.0976297
0.0937453
1.20824e-05
0.0937341
2.99188e-05
0.0937201
3.89409e-05
0.0937051
4.3614e-05
0.09369
4.56564e-05
0.0936759
4.48924e-05
0.0936633
4.19876e-05
0.0936523
3.79948e-05
0.093643
3.36087e-05
2.92007e-05
0.0936353
0.0877438
1.82547e-05
0.0877303
4.34833e-05
0.0877148
5.44597e-05
0.0876995
5.88172e-05
0.0876857
5.95012e-05
0.0876739
5.6653e-05
0.0876645
5.14658e-05
0.0876571
4.54012e-05
0.0876514
3.9289e-05
3.35002e-05
0.0876471
0.0797413
2.69688e-05
0.0797246
6.01633e-05
0.0797081
7.09446e-05
0.0796943
7.26399e-05
0.0796838
7.00533e-05
0.0796765
6.38619e-05
0.0796722
5.58438e-05
0.0796699
4.76962e-05
0.079669
4.01699e-05
3.34815e-05
0.079669
0.0697374
3.96042e-05
0.0697177
7.98174e-05
0.0697027
8.59563e-05
0.0696937
8.16665e-05
0.0696898
7.3939e-05
0.0696899
6.37676e-05
0.0696925
5.31941e-05
0.0696965
4.37139e-05
0.069701
3.56811e-05
2.89909e-05
0.0697055
0.0577323
5.73105e-05
0.0577129
9.92495e-05
0.0577052
9.3613e-05
0.0577065
8.04298e-05
0.0577132
6.72152e-05
0.0577228
5.41435e-05
0.0577333
4.2706e-05
0.0577434
3.35871e-05
0.0577526
2.64905e-05
2.09479e-05
0.0577606
0.0437278
7.95535e-05
0.04372
0.000107055
0.0437301
8.34872e-05
0.0437474
6.31032e-05
0.0437668
4.78166e-05
0.0437855
3.54528e-05
0.043802
2.61784e-05
0.043816
1.96005e-05
0.0438276
1.49036e-05
1.14612e-05
0.0438371
0.0277354
9.41811e-05
0.0277657
7.67168e-05
0.0278035
4.56826e-05
0.0278369
2.97329e-05
0.0278647
2.00313e-05
0.0278868
1.33651e-05
0.0279039
9.07829e-06
0.027917
6.40562e-06
0.0279273
4.67e-06
3.48091e-06
0.0279353
0.00984418
0.0099209
0.00996658
0.00999631
0.0100163
0.0100297
0.0100388
0.0100452
0.0100499
0.0100533
0.010056
-2.63349e-06
0.010058
-2.02115e-06
0.0100595
-1.56867e-06
0.0100608
-1.2283e-06
0.0100617
-9.67838e-07
0.0100625
-7.65794e-07
0.0100631
-6.077e-07
0.0100636
-4.83397e-07
0.010064
-3.85299e-07
0.0100643
-3.07571e-07
0.0100645
-2.45671e-07
0.0100647
-1.96139e-07
0.0100649
-1.56316e-07
0.010065
-1.24198e-07
0.0100651
-9.82057e-08
0.0100652
-7.71355e-08
0.0100652
-5.99989e-08
0.0100653
-4.60404e-08
0.0100653
-3.46214e-08
0.0100653
-2.52671e-08
0.0100654
-1.7563e-08
0.0100654
-1.12169e-08
0.0100654
-5.95796e-09
0.0100654
-1.60973e-09
0.0100654
2.00934e-09
0.0100654
5.00403e-09
0.0100654
7.50166e-09
0.0100653
9.56262e-09
0.0100653
1.12802e-08
0.0100653
1.26857e-08
0.0100653
1.38498e-08
0.0100653
1.47838e-08
0.0100653
1.55425e-08
0.0100653
1.61226e-08
1.65669e-08
0.0100652
0.0279414
-8.87485e-06
0.0279463
-6.93214e-06
0.0279502
-5.45094e-06
0.0279533
-4.31041e-06
0.0279558
-3.42288e-06
0.0279577
-2.72578e-06
0.0279593
-2.1747e-06
0.0279605
-1.73744e-06
0.0279615
-1.38958e-06
0.0279623
-1.11209e-06
0.027963
-8.89964e-07
0.0279635
-7.11489e-07
0.0279639
-5.67544e-07
0.0279642
-4.51086e-07
0.0279645
-3.56597e-07
0.0279647
-2.79754e-07
0.0279648
-2.17092e-07
0.027965
-1.65865e-07
0.027965
-1.23838e-07
0.0279651
-8.92534e-08
0.0279652
-6.06726e-08
0.0279652
-3.6981e-08
0.0279652
-1.72601e-08
0.0279652
-8.08599e-10
0.0279652
1.29632e-08
0.0279652
2.44965e-08
0.0279651
3.41749e-08
0.0279651
4.22762e-08
0.0279651
4.90522e-08
0.027965
5.46749e-08
0.027965
5.93092e-08
0.0279649
6.30568e-08
0.0279649
6.60233e-08
0.0279648
6.82623e-08
6.98387e-08
0.0279648
0.0438447
-1.65676e-05
0.0438509
-1.31573e-05
0.0438559
-1.04794e-05
0.04386
-8.36987e-06
0.0438633
-6.6995e-06
0.0438659
-5.36968e-06
0.043868
-4.30685e-06
0.0438698
-3.45568e-06
0.0438711
-2.7732e-06
0.0438722
-2.22519e-06
0.0438731
-1.78417e-06
0.0438739
-1.42825e-06
0.0438744
-1.14016e-06
0.0438749
-9.06322e-07
0.0438752
-7.16042e-07
0.0438755
-5.60839e-07
0.0438757
-4.33927e-07
0.0438759
-3.29851e-07
0.043876
-2.44212e-07
0.0438761
-1.73478e-07
0.0438762
-1.1481e-07
0.0438762
-6.59445e-08
0.0438762
-2.50713e-08
0.0438762
9.2453e-09
0.0438762
3.81556e-08
0.0438761
6.25671e-08
0.0438761
8.32102e-08
0.043876
1.00656e-07
0.043876
1.15364e-07
0.0438759
1.27686e-07
0.0438758
1.37904e-07
0.0438757
1.46225e-07
0.0438756
1.52813e-07
0.0438755
1.57776e-07
1.61203e-07
0.0438754
0.0577674
-2.34197e-05
0.0577732
-1.89175e-05
0.057778
-1.52718e-05
0.0577819
-1.23296e-05
0.0577852
-9.95495e-06
0.0577878
-8.03528e-06
0.05779
-6.48183e-06
0.0577918
-5.22483e-06
0.0577932
-4.20822e-06
0.0577944
-3.38603e-06
0.0577953
-2.72041e-06
0.0577961
-2.18055e-06
0.0577967
-1.7417e-06
0.0577971
-1.38416e-06
0.0577975
-1.09221e-06
0.0577978
-8.53286e-07
0.057798
-6.57269e-07
0.0577982
-4.95969e-07
0.0577983
-3.62759e-07
0.0577984
-2.52286e-07
0.0577984
-1.60242e-07
0.0577985
-8.31758e-08
0.0577984
-1.83335e-08
0.0577984
3.64797e-08
0.0577984
8.30047e-08
0.0577983
1.22624e-07
0.0577982
1.56427e-07
0.0577982
1.85271e-07
0.0577981
2.09822e-07
0.057798
2.30592e-07
0.0577978
2.47968e-07
0.0577977
2.62238e-07
0.0577976
2.73601e-07
0.0577975
2.822e-07
2.8812e-07
0.0577974
0.0697096
-2.76033e-05
0.0697134
-2.26741e-05
0.0697166
-1.85545e-05
0.0697194
-1.51452e-05
0.0697218
-1.23377e-05
0.0697238
-1.0031e-05
0.0697255
-8.1394e-06
0.0697268
-6.59179e-06
0.069728
-5.32856e-06
0.0697289
-4.29902e-06
0.0697296
-3.46016e-06
0.0697302
-2.77606e-06
0.0697307
-2.21732e-06
0.0697311
-1.76013e-06
0.0697314
-1.38533e-06
0.0697316
-1.07739e-06
0.0697317
-8.23747e-07
0.0697319
-6.14147e-07
0.0697319
-4.40253e-07
0.069732
-2.95298e-07
0.069732
-1.73823e-07
0.069732
-7.14418e-08
0.069732
1.53461e-08
0.0697319
8.93266e-08
0.0697318
1.52705e-07
0.0697317
2.07218e-07
0.0697317
2.54226e-07
0.0697315
2.94781e-07
0.0697314
3.29687e-07
0.0697313
3.59544e-07
0.0697312
3.84786e-07
0.069731
4.05716e-07
0.0697309
4.2253e-07
0.0697307
4.35343e-07
4.44211e-07
0.0697306
0.0796694
-2.81273e-05
0.0796702
-2.34652e-05
0.0796711
-1.94475e-05
0.079672
-1.60403e-05
0.0796729
-1.31783e-05
0.0796736
-1.07886e-05
0.0796743
-8.80257e-06
0.0796748
-7.15962e-06
0.0796753
-5.80609e-06
0.0796757
-4.69432e-06
0.079676
-3.78242e-06
0.0796763
-3.03447e-06
0.0796765
-2.42042e-06
0.0796767
-1.91556e-06
0.0796768
-1.49973e-06
0.0796769
-1.15646e-06
0.0796769
-8.72296e-07
0.0796769
-6.36186e-07
0.0796769
-4.39093e-07
0.0796769
-2.73653e-07
0.0796769
-1.33908e-07
0.0796768
-1.50679e-08
0.0796767
8.66908e-08
0.0796766
1.744e-07
0.0796766
2.50446e-07
0.0796764
3.16694e-07
0.0796763
3.74578e-07
0.0796762
4.25188e-07
0.0796761
4.69326e-07
0.0796759
5.07566e-07
0.0796757
5.40287e-07
0.0796756
5.67725e-07
0.0796754
5.89991e-07
0.0796752
6.07112e-07
6.1905e-07
0.0796751
0.0876438
-2.48827e-05
0.0876413
-2.10334e-05
0.0876395
-1.76233e-05
0.0876381
-1.46663e-05
0.0876371
-1.21374e-05
0.0876363
-9.99435e-06
0.0876357
-8.19128e-06
0.0876352
-6.68417e-06
0.0876348
-5.43164e-06
0.0876345
-4.39507e-06
0.0876343
-3.53924e-06
0.0876341
-2.83307e-06
0.0876339
-2.25004e-06
0.0876338
-1.76801e-06
0.0876336
-1.36868e-06
0.0876335
-1.03698e-06
0.0876334
-7.60488e-07
0.0876333
-5.28939e-07
0.0876332
-3.33904e-07
0.0876331
-1.68487e-07
0.087633
-2.71058e-08
0.0876329
9.47274e-08
0.0876327
2.0058e-07
0.0876326
2.93263e-07
0.0876325
3.74964e-07
0.0876324
4.4736e-07
0.0876322
5.11708e-07
0.0876321
5.68923e-07
0.0876319
6.19634e-07
0.0876318
6.64236e-07
0.0876316
7.02939e-07
0.0876315
7.35803e-07
0.0876313
7.62773e-07
0.0876311
7.83714e-07
7.98438e-07
0.0876309
0.0936287
-1.84398e-05
0.0936235
-1.57409e-05
0.0936191
-1.32959e-05
0.0936156
-1.11375e-05
0.0936127
-9.26418e-06
0.0936104
-7.65706e-06
0.0936085
-6.29077e-06
0.0936069
-5.13846e-06
0.0936057
-4.17321e-06
0.0936046
-3.36866e-06
0.0936038
-2.6999e-06
0.0936031
-2.14439e-06
0.0936025
-1.68255e-06
0.0936021
-1.29781e-06
0.0936017
-9.76348e-07
0.0936014
-7.06699e-07
0.0936011
-4.79338e-07
0.0936008
-2.86373e-07
0.0936006
-1.21295e-07
0.0936004
2.12175e-08
0.0936003
1.4547e-07
0.0936001
2.549e-07
0.0935999
3.52215e-07
0.0935998
4.39507e-07
0.0935997
5.18364e-07
0.0935995
5.89951e-07
0.0935994
6.5508e-07
0.0935992
7.14272e-07
0.0935991
7.67806e-07
0.0935989
8.1576e-07
0.0935988
8.58051e-07
0.0935986
8.94473e-07
0.0935985
9.24725e-07
0.0935983
9.48449e-07
9.65258e-07
0.0935981
0.0976209
-9.75226e-06
0.0976136
-8.36825e-06
0.0976073
-7.09546e-06
0.0976022
-5.95778e-06
0.0975979
-4.95977e-06
0.0975943
-4.09543e-06
0.0975914
-3.3542e-06
0.0975889
-2.72383e-06
0.097587
-2.19135e-06
0.0975853
-1.74355e-06
0.097584
-1.36762e-06
0.0975829
-1.05176e-06
0.097582
-7.85576e-07
0.0975813
-5.60207e-07
0.0975807
-3.68218e-07
0.0975802
-2.03407e-07
0.0975797
-6.06139e-08
0.0975794
6.44452e-08
0.0975791
1.7529e-07
0.0975788
2.74782e-07
0.0975786
3.65198e-07
0.0975784
4.48317e-07
0.0975783
5.25479e-07
0.0975781
5.97659e-07
0.097578
6.65508e-07
0.0975778
7.29416e-07
0.0975777
7.89533e-07
0.0975775
8.4582e-07
0.0975774
8.98065e-07
0.0975773
9.45927e-07
0.0975772
9.88945e-07
0.097577
1.02659e-06
0.0975769
1.05825e-06
0.0975768
1.08333e-06
1.10121e-06
0.0975766
0.0996177
7.38023e-08
0.0996092
8.39892e-08
0.0996021
9.53173e-08
0.099596
1.07909e-07
0.0995909
1.21846e-07
0.0995867
1.37235e-07
0.0995832
1.54172e-07
0.0995803
1.72729e-07
0.0995779
1.92968e-07
0.0995759
2.14972e-07
0.0995743
2.38854e-07
0.099573
2.64741e-07
0.0995719
2.92746e-07
0.099571
3.22959e-07
0.0995703
3.55442e-07
0.0995697
3.90233e-07
0.0995692
4.27348e-07
0.0995688
4.66772e-07
0.0995685
5.08453e-07
0.0995682
5.52287e-07
0.099568
5.98115e-07
0.0995678
6.45708e-07
0.0995676
6.94769e-07
0.0995675
7.44924e-07
0.0995673
7.95721e-07
0.0995672
8.46625e-07
0.0995671
8.97028e-07
0.099567
9.46244e-07
0.0995669
9.93524e-07
0.0995668
1.03806e-06
0.0995667
1.07899e-06
0.0995666
1.11544e-06
0.0995666
1.14653e-06
0.0995665
1.17138e-06
1.18916e-06
0.0995664
0.0996177
9.89664e-06
0.0996093
8.53284e-06
0.0996021
7.28223e-06
0.099596
6.16902e-06
0.0995909
5.19816e-06
0.0995867
4.36386e-06
0.0995832
3.65573e-06
0.0995803
3.06162e-06
0.0995779
2.56865e-06
0.099576
2.1638e-06
0.0995744
1.83449e-06
0.0995731
1.56916e-06
0.099572
1.35763e-06
0.0995712
1.19122e-06
0.0995704
1.0626e-06
0.0995699
9.65655e-07
0.0995694
8.95245e-07
0.099569
8.47054e-07
0.0995687
8.17459e-07
0.0995685
8.03396e-07
0.0995683
8.02273e-07
0.0995681
8.11865e-07
0.099568
8.30251e-07
0.0995678
8.55727e-07
0.0995678
8.86759e-07
0.0995677
9.21922e-07
0.0995676
9.59876e-07
0.0995676
9.9933e-07
0.0995675
1.03903e-06
0.0995675
1.07775e-06
0.0995674
1.1143e-06
0.0995674
1.14749e-06
0.0995674
1.17619e-06
0.0995673
1.19934e-06
1.21594e-06
0.0995673
0.097621
1.85754e-05
0.0976136
1.58951e-05
0.0976074
1.34708e-05
0.0976023
1.13352e-05
0.097598
9.48719e-06
0.0975944
7.90799e-06
0.0975915
6.57242e-06
0.0975891
5.45377e-06
0.0975871
4.52523e-06
0.0975855
3.76058e-06
0.0975842
3.13513e-06
0.0975832
2.62654e-06
0.0975823
2.21542e-06
0.0975816
1.88536e-06
0.0975811
1.62264e-06
0.0975806
1.41586e-06
0.0975803
1.25552e-06
0.09758
1.13369e-06
0.0975797
1.04374e-06
0.0975796
9.80173e-07
0.0975794
9.38373e-07
0.0975793
9.14494e-07
0.0975793
9.05286e-07
0.0975792
9.07981e-07
0.0975792
9.20178e-07
0.0975791
9.39758e-07
0.0975791
9.64815e-07
0.0975791
9.93604e-07
0.0975792
1.02451e-06
0.0975792
1.056e-06
0.0975792
1.08665e-06
0.0975792
1.1151e-06
0.0975793
1.14007e-06
0.0975793
1.16037e-06
1.17491e-06
0.0975794
0.0936288
2.5004e-05
0.0936235
2.11713e-05
0.0936192
1.77794e-05
0.0936157
1.48425e-05
0.0936129
1.23359e-05
0.0936106
1.02174e-05
0.0936087
8.44139e-06
0.0936072
6.96392e-06
0.093606
5.74371e-06
0.093605
4.74227e-06
0.0936042
3.92456e-06
0.0936036
3.25966e-06
0.093603
2.72121e-06
0.0936026
2.28719e-06
0.0936023
1.9394e-06
0.0936021
1.6628e-06
0.0936019
1.44498e-06
0.0936017
1.27563e-06
0.0936016
1.14623e-06
0.0936016
1.04969e-06
0.0936015
9.8016e-07
0.0936015
9.32792e-07
0.0936015
9.03542e-07
0.0936015
8.89007e-07
0.0936016
8.86295e-07
0.0936016
8.92897e-07
0.0936017
9.06613e-07
0.0936017
9.25469e-07
0.0936018
9.47684e-07
0.0936019
9.71616e-07
0.093602
9.95753e-07
0.0936021
1.01869e-06
0.0936022
1.03913e-06
0.0936023
1.05587e-06
1.06784e-06
0.0936024
0.0876439
2.82301e-05
0.0876414
2.35817e-05
0.0876396
1.95793e-05
0.0876383
1.61887e-05
0.0876373
1.33451e-05
0.0876365
1.09757e-05
0.087636
9.01204e-06
0.0876355
7.39361e-06
0.0876352
6.06682e-06
0.087635
4.98415e-06
0.0876348
4.1038e-06
0.0876346
3.38999e-06
0.0876345
2.81273e-06
0.0876345
2.34747e-06
0.0876345
1.97405e-06
0.0876344
1.67609e-06
0.0876344
1.44008e-06
0.0876345
1.25497e-06
0.0876345
1.11157e-06
0.0876345
1.00242e-06
0.0876346
9.2127e-07
0.0876347
8.63084e-07
0.0876347
8.23591e-07
0.0876348
7.99336e-07
0.0876349
7.87297e-07
0.087635
7.85005e-07
0.0876352
7.90198e-07
0.0876353
8.01001e-07
0.0876354
8.1562e-07
0.0876355
8.32554e-07
0.0876357
8.50311e-07
0.0876358
8.67652e-07
0.087636
8.83314e-07
0.0876362
8.96281e-07
9.05506e-07
0.0876363
0.0796696
2.76851e-05
0.0796704
2.27663e-05
0.0796713
1.86583e-05
0.0796722
1.52618e-05
0.0796731
1.24683e-05
0.0796739
1.01772e-05
0.0796746
8.30269e-06
0.0796752
6.77383e-06
0.0796758
5.53113e-06
0.0796762
4.5239e-06
0.0796766
3.70925e-06
0.0796769
3.05129e-06
0.0796772
2.5207e-06
0.0796775
2.09371e-06
0.0796777
1.75123e-06
0.0796779
1.47772e-06
0.0796781
1.26063e-06
0.0796783
1.08964e-06
0.0796784
9.56343e-07
0.0796786
8.53811e-07
0.0796787
7.76453e-07
0.0796788
7.19595e-07
0.079679
6.79496e-07
0.0796791
6.52955e-07
0.0796793
6.37395e-07
0.0796794
6.30525e-07
0.0796796
6.30482e-07
0.0796798
6.3553e-07
0.0796799
6.44244e-07
0.0796801
6.55234e-07
0.0796803
6.67365e-07
0.0796805
6.79486e-07
0.0796807
6.90674e-07
0.0796809
6.99974e-07
7.06655e-07
0.0796811
0.0697097
2.34788e-05
0.0697135
1.89839e-05
0.0697168
1.53462e-05
0.0697197
1.24128e-05
0.0697221
1.00478e-05
0.0697241
8.13883e-06
0.0697258
6.59722e-06
0.0697272
5.35321e-06
0.0697284
4.35087e-06
0.0697294
3.54417e-06
0.0697302
2.89537e-06
0.0697309
2.3736e-06
0.0697315
1.95423e-06
0.0697319
1.61748e-06
0.0697323
1.34777e-06
0.0697327
1.13243e-06
0.069733
9.61446e-07
0.0697332
8.26463e-07
0.0697335
7.20909e-07
0.0697337
6.39205e-07
0.0697339
5.77053e-07
0.0697341
5.307e-07
0.0697342
4.97339e-07
0.0697344
4.74384e-07
0.0697346
4.59967e-07
0.0697348
4.52217e-07
0.069735
4.49842e-07
0.0697351
4.51404e-07
0.0697353
4.5597e-07
0.0697355
4.6237e-07
0.0697357
4.69907e-07
0.0697359
4.77593e-07
0.0697361
4.84904e-07
0.0697363
4.90994e-07
4.9549e-07
0.0697365
0.0577675
1.66039e-05
0.0577733
1.31978e-05
0.0577781
1.05247e-05
0.0577821
8.42065e-06
0.0577854
6.75611e-06
0.0577881
5.43273e-06
0.0577903
4.37693e-06
0.0577921
3.53362e-06
0.0577936
2.8597e-06
0.0577949
2.32111e-06
0.0577959
1.89016e-06
0.0577967
1.54516e-06
0.0577974
1.26862e-06
0.0577979
1.04721e-06
0.0577984
8.70037e-07
0.0577988
7.28838e-07
0.0577992
6.16583e-07
0.0577995
5.28026e-07
0.0577997
4.58472e-07
0.0578
4.04585e-07
0.0578002
3.63185e-07
0.0578004
3.32193e-07
0.0578006
3.09401e-07
0.0578007
2.93531e-07
0.0578009
2.82973e-07
0.0578011
2.76948e-07
0.0578013
2.74205e-07
0.0578014
2.74274e-07
0.0578016
2.76114e-07
0.0578018
2.79457e-07
0.057802
2.83397e-07
0.0578022
2.87801e-07
0.0578024
2.9186e-07
0.0578026
2.95544e-07
2.98128e-07
0.0578028
0.0438448
8.89107e-06
0.043851
6.95048e-06
0.0438561
5.4717e-06
0.0438602
4.33371e-06
0.0438635
3.44898e-06
0.0438661
2.7549e-06
0.0438683
2.20721e-06
0.0438701
1.77366e-06
0.0438715
1.42994e-06
0.0438727
1.1569e-06
0.0438736
9.39601e-07
0.0438744
7.662e-07
0.043875
6.27686e-07
0.0438756
5.16926e-07
0.043876
4.28518e-07
0.0438764
3.58032e-07
0.0438767
3.02103e-07
0.0438769
2.57852e-07
0.0438772
2.2314e-07
0.0438774
1.96056e-07
0.0438776
1.75255e-07
0.0438777
1.59458e-07
0.0438779
1.47828e-07
0.0438781
1.39476e-07
0.0438782
1.33884e-07
0.0438784
1.30398e-07
0.0438785
1.28692e-07
0.0438786
1.28253e-07
0.0438788
1.28875e-07
0.0438789
1.30133e-07
0.0438791
1.31896e-07
0.0438792
1.33798e-07
0.0438794
1.35763e-07
0.0438796
1.37465e-07
1.38871e-07
0.0438797
0.0279415
2.63721e-06
0.0279464
2.02532e-06
0.0279503
1.57355e-06
0.0279534
1.23396e-06
0.0279559
9.74295e-07
0.0279579
7.73028e-07
0.0279595
6.15839e-07
0.0279607
4.92523e-07
0.0279618
3.95588e-07
0.0279626
3.19061e-07
0.0279633
2.58484e-07
0.0279638
2.10264e-07
0.0279643
1.7187e-07
0.0279647
1.41179e-07
0.027965
1.16753e-07
0.0279652
9.72514e-08
0.0279655
8.18193e-08
0.0279657
6.95534e-08
0.0279658
5.9953e-08
0.027966
5.23873e-08
0.0279661
4.65884e-08
0.0279662
4.2103e-08
0.0279663
3.88094e-08
0.0279664
3.63611e-08
0.0279665
3.4728e-08
0.0279666
3.36259e-08
0.0279667
3.30805e-08
0.0279668
3.2843e-08
0.0279669
3.29745e-08
0.027967
3.32469e-08
0.0279671
3.37446e-08
0.0279672
3.42513e-08
0.0279673
3.48678e-08
0.0279674
3.53851e-08
3.59166e-08
0.0279675
0.010056
0.010058
0.0100596
0.0100608
0.0100618
0.0100626
0.0100632
0.0100637
0.0100641
0.0100644
0.0100646
0.0100648
0.010065
0.0100652
0.0100653
0.0100654
0.0100655
0.0100655
0.0100656
0.0100656
0.0100657
0.0100657
0.0100658
0.0100658
0.0100658
0.0100659
0.0100659
0.0100659
0.010066
0.010066
0.010066
0.0100661
0.0100661
0.0100661
0.0100662
0.0100652
1.68612e-08
0.0100652
1.70387e-08
0.0100652
1.70772e-08
0.0100652
1.70027e-08
0.0100652
1.6788e-08
0.0100651
1.6454e-08
0.0100651
1.59721e-08
0.0100651
1.53609e-08
0.0100651
1.45942e-08
1.36914e-08
0.0100651
0.0279647
7.07734e-08
0.0279647
7.11038e-08
0.0279646
7.08294e-08
0.0279645
6.99718e-08
0.0279645
6.85194e-08
0.0279644
6.6488e-08
0.0279644
6.38651e-08
0.0279643
6.06714e-08
0.0279643
5.69028e-08
5.25944e-08
0.0279643
0.0438754
1.63142e-07
0.0438753
1.63632e-07
0.0438752
1.62688e-07
0.0438751
1.60329e-07
0.043875
1.56559e-07
0.0438749
1.51398e-07
0.0438748
1.44862e-07
0.0438747
1.36991e-07
0.0438747
1.2783e-07
1.17456e-07
0.0438746
0.0577972
2.91417e-07
0.0577971
2.92115e-07
0.057797
2.90229e-07
0.0577968
2.85765e-07
0.0577967
2.78743e-07
0.0577966
2.69187e-07
0.0577965
2.57154e-07
0.0577964
2.42721e-07
0.0577963
2.26008e-07
2.07168e-07
0.0577962
0.0697304
4.49144e-07
0.0697302
4.50133e-07
0.0697301
4.47157e-07
0.0697299
4.40208e-07
0.0697298
4.29292e-07
0.0697296
4.14455e-07
0.0697295
3.95782e-07
0.0697294
3.73414e-07
0.0697292
3.47552e-07
3.18461e-07
0.0697291
0.0796749
6.25734e-07
0.0796747
6.27072e-07
0.0796745
6.22985e-07
0.0796744
6.13415e-07
0.0796742
5.98352e-07
0.079674
5.7784e-07
0.0796739
5.52002e-07
0.0796737
5.21039e-07
0.0796736
4.85247e-07
4.45012e-07
0.0796735
0.0876307
8.06736e-07
0.0876306
8.084e-07
0.0876304
8.03253e-07
0.0876302
7.9117e-07
0.08763
7.72095e-07
0.0876299
7.46069e-07
0.0876297
7.13231e-07
0.0876295
6.73845e-07
0.0876294
6.28292e-07
5.77086e-07
0.0876293
0.093598
9.74764e-07
0.0935978
9.76611e-07
0.0935976
9.705e-07
0.0935975
9.56213e-07
0.0935973
9.33638e-07
0.0935971
9.02788e-07
0.093597
8.63815e-07
0.0935968
8.17023e-07
0.0935967
7.62874e-07
7.01985e-07
0.0935966
0.0975765
1.1113e-06
0.0975763
1.11309e-06
0.0975762
1.10614e-06
0.0975761
1.09013e-06
0.0975759
1.06489e-06
0.0975758
1.03039e-06
0.0975757
9.86778e-07
0.0975756
9.34381e-07
0.0975755
8.73717e-07
8.05482e-07
0.0975754
0.0995663
1.19912e-06
0.0995662
1.20056e-06
0.0995661
1.19295e-06
0.099566
1.17587e-06
0.0995659
1.14907e-06
0.0995659
1.11248e-06
0.0995658
1.06624e-06
0.0995657
1.01068e-06
0.0995656
9.46337e-07
8.73955e-07
0.0995656
0.0995673
1.22507e-06
0.0995673
1.22596e-06
0.0995672
1.21796e-06
0.0995672
1.20058e-06
0.0995672
1.17353e-06
0.0995672
1.1367e-06
0.0995671
1.09019e-06
0.0995671
1.03434e-06
0.0995671
9.69653e-07
8.96896e-07
0.0995671
0.0975794
1.18272e-06
0.0975794
1.18297e-06
0.0975795
1.17496e-06
0.0975795
1.15817e-06
0.0975796
1.13229e-06
0.0975796
1.09718e-06
0.0975796
1.05291e-06
0.0975797
9.99776e-07
0.0975797
9.38269e-07
8.69088e-07
0.0975797
0.0936025
1.07408e-06
0.0936026
1.07377e-06
0.0936027
1.06625e-06
0.0936028
1.05099e-06
0.0936029
1.02769e-06
0.093603
9.9618e-07
0.0936031
9.56523e-07
0.0936032
9.08958e-07
0.0936033
8.53916e-07
7.92011e-07
0.0936034
0.0876365
9.10201e-07
0.0876366
9.09562e-07
0.0876368
9.0306e-07
0.087637
8.90169e-07
0.0876371
8.7066e-07
0.0876373
8.44319e-07
0.0876374
8.11242e-07
0.0876376
7.7154e-07
0.0876377
7.25635e-07
6.73954e-07
0.0876378
0.0796813
7.09952e-07
0.0796815
7.09336e-07
0.0796817
7.04252e-07
0.0796818
6.94396e-07
0.079682
6.79449e-07
0.0796822
6.5935e-07
0.0796824
6.34032e-07
0.0796826
6.03691e-07
0.0796827
5.68509e-07
5.28925e-07
0.0796829
0.0697368
4.97682e-07
0.069737
4.97345e-07
0.0697372
4.93918e-07
0.0697374
4.87333e-07
0.0697376
4.77194e-07
0.0697378
4.63603e-07
0.069738
4.46337e-07
0.0697381
4.25675e-07
0.0697383
4.01568e-07
3.7446e-07
0.0697385
0.057803
2.99672e-07
0.0578032
2.99534e-07
0.0578033
2.97867e-07
0.0578035
2.94121e-07
0.0578037
2.88543e-07
0.0578039
2.80687e-07
0.0578041
2.70895e-07
0.0578043
2.58833e-07
0.0578044
2.44938e-07
2.28981e-07
0.0578046
0.0438799
1.39697e-07
0.04388
1.39943e-07
0.0438802
1.39371e-07
0.0438804
1.38017e-07
0.0438805
1.35689e-07
0.0438807
1.32462e-07
0.0438808
1.28198e-07
0.0438809
1.23008e-07
0.0438811
1.16811e-07
1.09756e-07
0.0438812
0.0279676
3.62591e-08
0.0279677
3.65374e-08
0.0279678
3.65543e-08
0.0279679
3.64461e-08
0.027968
3.6023e-08
0.0279681
3.54339e-08
0.0279682
3.44982e-08
0.0279683
3.33782e-08
0.0279684
3.19042e-08
3.02523e-08
0.0279685
0.0100662
0.0100662
0.0100663
0.0100663
0.0100664
0.0100664
0.0100664
0.0100665
0.0100665
0.0100665
0.0100651
1.26324e-08
0.0100651
1.14404e-08
0.010065
1.01041e-08
0.010065
8.65242e-09
0.010065
7.0844e-09
0.010065
5.43579e-09
0.010065
3.71529e-09
0.010065
1.96447e-09
0.010065
1.99566e-10
0.010065
-1.53446e-09
0.010065
-3.21795e-09
0.010065
-4.80581e-09
0.010065
-6.27935e-09
0.010065
-7.59744e-09
0.010065
-8.74722e-09
0.0100651
-9.69491e-09
0.0100651
-1.04373e-08
0.0100651
-1.09505e-08
0.0100651
-1.1243e-08
0.0100651
-1.13024e-08
0.0100651
-1.11491e-08
0.0100651
-1.07805e-08
0.0100651
-1.0229e-08
0.0100651
-9.50005e-09
0.0100652
-8.63158e-09
0.0100652
-7.63685e-09
0.0100652
-6.55469e-09
0.0100652
-5.39814e-09
0.0100652
-4.20484e-09
0.0100652
-2.98403e-09
0.0100652
-1.76887e-09
0.0100652
-5.6424e-10
0.0100652
6.05565e-10
0.0100652
1.72611e-09
2.74443e-09
0.0100652
0.0279642
4.77587e-08
0.0279642
4.24524e-08
0.0279642
3.671e-08
0.0279641
3.06135e-08
0.0279641
2.42203e-08
0.0279641
1.76366e-08
0.0279641
1.09393e-08
0.0279641
4.25208e-09
0.0279641
-2.33634e-09
0.0279641
-8.69536e-09
0.0279641
-1.4736e-08
0.0279641
-2.03338e-08
0.0279642
-2.54121e-08
0.0279642
-2.98659e-08
0.0279642
-3.36426e-08
0.0279642
-3.66676e-08
0.0279643
-3.89212e-08
0.0279643
-4.03662e-08
0.0279643
-4.10197e-08
0.0279644
-4.0884e-08
0.0279644
-4.00119e-08
0.0279644
-3.84407e-08
0.0279644
-3.62532e-08
0.0279645
-3.35123e-08
0.0279645
-3.03187e-08
0.0279645
-2.67487e-08
0.0279645
-2.29061e-08
0.0279645
-1.88649e-08
0.0279645
-1.47211e-08
0.0279646
-1.05354e-08
0.0279646
-6.39047e-09
0.0279646
-2.33155e-09
0.0279646
1.56628e-09
0.0279646
5.2586e-09
8.66494e-09
0.0279646
0.0438745
1.0596e-07
0.0438745
9.34628e-08
0.0438744
8.01054e-08
0.0438744
6.60584e-08
0.0438744
5.15084e-08
0.0438744
3.66668e-08
0.0438744
2.17548e-08
0.0438743
7.00761e-09
0.0438744
-7.33949e-09
0.0438744
-2.10502e-08
0.0438744
-3.3901e-08
0.0438744
-4.56806e-08
0.0438744
-5.62031e-08
0.0438745
-6.53067e-08
0.0438745
-7.28656e-08
0.0438746
-7.87859e-08
0.0438746
-8.30169e-08
0.0438746
-8.55421e-08
0.0438747
-8.63905e-08
0.0438747
-8.56223e-08
0.0438748
-8.33402e-08
0.0438748
-7.967e-08
0.0438749
-7.47718e-08
0.0438749
-6.88166e-08
0.0438749
-6.19973e-08
0.043875
-5.45037e-08
0.043875
-4.65319e-08
0.043875
-3.82622e-08
0.043875
-2.98699e-08
0.043875
-2.15047e-08
0.043875
-1.33055e-08
0.043875
-5.38632e-09
0.043875
2.14585e-09
0.043875
9.20038e-09
1.57012e-08
0.043875
0.0577961
1.864e-07
0.057796
1.63944e-07
0.057796
1.40083e-07
0.0577959
1.15138e-07
0.0577959
8.94628e-08
0.0577959
6.34403e-08
0.0577958
3.74709e-08
0.0577958
1.19642e-08
0.0577958
-1.26714e-08
0.0577959
-3.60398e-08
0.0577959
-5.77684e-08
0.0577959
-7.75181e-08
0.057796
-9.49937e-08
0.057796
-1.09951e-07
0.057796
-1.22206e-07
0.0577961
-1.31636e-07
0.0577962
-1.38184e-07
0.0577962
-1.41863e-07
0.0577963
-1.42747e-07
0.0577963
-1.40973e-07
0.0577964
-1.36732e-07
0.0577964
-1.30264e-07
0.0577965
-1.21847e-07
0.0577965
-1.11788e-07
0.0577966
-1.0041e-07
0.0577966
-8.80427e-08
0.0577966
-7.50092e-08
0.0577966
-6.16191e-08
0.0577967
-4.81532e-08
0.0577967
-3.48664e-08
0.0577967
-2.19742e-08
0.0577967
-9.66078e-09
0.0577967
1.92458e-09
0.0577967
1.26614e-08
2.24661e-08
0.0577967
0.069729
2.86472e-07
0.0697289
2.51985e-07
0.0697289
2.15457e-07
0.0697288
1.77404e-07
0.0697287
1.38388e-07
0.0697287
9.9002e-08
0.0697287
5.98634e-08
0.0697287
2.15921e-08
0.0697287
-1.52e-08
0.0697287
-4.99306e-08
0.0697287
-8.20576e-08
0.0697287
-1.11099e-07
0.0697288
-1.36642e-07
0.0697288
-1.58358e-07
0.0697289
-1.76005e-07
0.0697289
-1.8944e-07
0.069729
-1.98616e-07
0.0697291
-2.03586e-07
0.0697291
-2.04494e-07
0.0697292
-2.01569e-07
0.0697292
-1.9512e-07
0.0697293
-1.8552e-07
0.0697294
-1.73192e-07
0.0697294
-1.58596e-07
0.0697294
-1.42214e-07
0.0697295
-1.24529e-07
0.0697295
-1.06017e-07
0.0697295
-8.71245e-08
0.0697296
-6.82631e-08
0.0697296
-4.97958e-08
0.0697296
-3.20335e-08
0.0697296
-1.52307e-08
0.0697296
4.10466e-10
0.0697296
1.47413e-08
2.76702e-08
0.0697296
0.0796733
4.0082e-07
0.0796732
3.53244e-07
0.0796732
3.02945e-07
0.0796731
2.50653e-07
0.079673
1.97159e-07
0.079673
1.43292e-07
0.0796729
8.9903e-08
0.0796729
3.7842e-08
0.0796729
-1.20633e-08
0.0796729
-5.90313e-08
0.079673
-1.02345e-07
0.079673
-1.41374e-07
0.079673
-1.75587e-07
0.0796731
-2.04572e-07
0.0796731
-2.28038e-07
0.0796732
-2.45826e-07
0.0796732
-2.57908e-07
0.0796733
-2.64388e-07
0.0796734
-2.65489e-07
0.0796734
-2.61547e-07
0.0796735
-2.52996e-07
0.0796735
-2.40352e-07
0.0796736
-2.24193e-07
0.0796736
-2.05144e-07
0.0796737
-1.83847e-07
0.0796737
-1.60951e-07
0.0796737
-1.37085e-07
0.0796738
-1.12844e-07
0.0796738
-8.87683e-08
0.0796738
-6.53399e-08
0.0796738
-4.29663e-08
0.0796738
-2.19814e-08
0.0796738
-2.64108e-09
0.0796738
1.48712e-08
3.0449e-08
0.0796738
0.0876292
5.20862e-07
0.087629
4.60375e-07
0.0876289
3.96483e-07
0.0876289
3.30136e-07
0.0876288
2.62352e-07
0.0876287
1.94195e-07
0.0876287
1.26747e-07
0.0876287
6.1084e-08
0.0876287
-1.75739e-09
0.0876287
-6.08021e-08
0.0876287
-1.15166e-07
0.0876287
-1.64078e-07
0.0876287
-2.06898e-07
0.0876288
-2.43136e-07
0.0876288
-2.7246e-07
0.0876289
-2.947e-07
0.0876289
-3.09853e-07
0.087629
-3.18072e-07
0.087629
-3.19663e-07
0.0876291
-3.15066e-07
0.0876291
-3.04836e-07
0.0876292
-2.89629e-07
0.0876292
-2.70171e-07
0.0876293
-2.4724e-07
0.0876293
-2.21637e-07
0.0876294
-1.94162e-07
0.0876294
-1.65592e-07
0.0876294
-1.36659e-07
0.0876294
-1.08033e-07
0.0876294
-8.03063e-08
0.0876295
-5.39835e-08
0.0876295
-2.94763e-08
0.0876295
-7.10269e-09
0.0876295
1.29155e-08
3.04463e-08
0.0876295
0.0935965
6.3513e-07
0.0935964
5.63221e-07
0.0935963
4.87298e-07
0.0935962
4.08503e-07
0.0935961
3.2806e-07
0.0935961
2.47238e-07
0.093596
1.67325e-07
0.093596
8.95909e-08
0.093596
1.5259e-08
0.093596
-5.45314e-08
0.093596
-1.18752e-07
0.093596
-1.76511e-07
0.093596
-2.2708e-07
0.093596
-2.69903e-07
0.0935961
-3.04614e-07
0.0935961
-3.31039e-07
0.0935961
-3.49196e-07
0.0935962
-3.59286e-07
0.0935962
-3.61686e-07
0.0935963
-3.56922e-07
0.0935963
-3.4566e-07
0.0935963
-3.28669e-07
0.0935964
-3.06803e-07
0.0935964
-2.8097e-07
0.0935965
-2.52103e-07
0.0935965
-2.21132e-07
0.0935965
-1.88959e-07
0.0935965
-1.56435e-07
0.0935965
-1.24339e-07
0.0935966
-9.33604e-08
0.0935966
-6.40922e-08
0.0935966
-3.70199e-08
0.0935966
-1.25207e-08
0.0935966
9.13803e-09
2.77909e-08
0.0935966
0.0975753
7.30552e-07
0.0975752
6.49962e-07
0.0975751
5.64888e-07
0.097575
4.76623e-07
0.097575
3.86543e-07
0.0975749
2.96074e-07
0.0975749
2.06657e-07
0.0975749
1.1971e-07
0.0975748
3.65898e-08
0.0975748
-4.14423e-08
0.0975748
-1.13253e-07
0.0975748
-1.77867e-07
0.0975748
-2.34488e-07
0.0975748
-2.82518e-07
0.0975749
-3.21568e-07
0.0975749
-3.51464e-07
0.0975749
-3.72238e-07
0.0975749
-3.8413e-07
0.0975749
-3.87564e-07
0.097575
-3.83137e-07
0.097575
-3.71582e-07
0.097575
-3.5376e-07
0.097575
-3.30609e-07
0.0975751
-3.03134e-07
0.0975751
-2.72358e-07
0.0975751
-2.39306e-07
0.0975751
-2.04968e-07
0.0975751
-1.70286e-07
0.0975752
-1.36114e-07
0.0975752
-1.03223e-07
0.0975752
-7.22695e-08
0.0975752
-4.3805e-08
0.0975752
-1.82568e-08
0.0975752
4.0594e-09
2.2944e-08
0.0975752
0.0995655
7.94464e-07
0.0995654
7.0897e-07
0.0995654
6.18728e-07
0.0995653
5.25112e-07
0.0995653
4.29585e-07
0.0995653
3.33658e-07
0.0995652
2.38858e-07
0.0995652
1.46678e-07
0.0995652
5.85468e-08
0.0995652
-2.42129e-08
0.0995651
-1.00415e-07
0.0995651
-1.69043e-07
0.0995651
-2.29269e-07
0.0995651
-2.80478e-07
0.0995651
-3.2227e-07
0.0995651
-3.54472e-07
0.0995651
-3.77129e-07
0.0995651
-3.90496e-07
0.0995652
-3.95027e-07
0.0995652
-3.91346e-07
0.0995652
-3.80229e-07
0.0995652
-3.6257e-07
0.0995652
-3.39357e-07
0.0995652
-3.11632e-07
0.0995652
-2.80469e-07
0.0995652
-2.46934e-07
0.0995652
-2.12068e-07
0.0995652
-1.76851e-07
0.0995652
-1.42188e-07
0.0995652
-1.08891e-07
0.0995652
-7.76621e-08
0.0995653
-4.90919e-08
0.0995653
-2.36506e-08
0.0995653
-1.68986e-09
1.65538e-08
0.0995653
0.0995671
8.16989e-07
0.099567
7.31055e-07
0.099567
6.40346e-07
0.099567
5.46252e-07
0.099567
4.50233e-07
0.099567
3.53813e-07
0.0995669
2.58509e-07
0.0995669
1.65823e-07
0.0995669
7.7169e-08
0.0995669
-6.12446e-09
0.0995669
-8.28905e-08
0.0995668
-1.52109e-07
0.0995668
-2.12973e-07
0.0995668
-2.64861e-07
0.0995668
-3.07391e-07
0.0995668
-3.40384e-07
0.0995668
-3.63895e-07
0.0995668
-3.78174e-07
0.0995667
-3.83674e-07
0.0995667
-3.81011e-07
0.0995667
-3.70957e-07
0.0995667
-3.54395e-07
0.0995667
-3.32306e-07
0.0995667
-3.05718e-07
0.0995667
-2.75701e-07
0.0995667
-2.4331e-07
0.0995667
-2.09583e-07
0.0995667
-1.75496e-07
0.0995667
-1.41963e-07
0.0995667
-1.09794e-07
0.0995667
-7.97151e-08
0.0995667
-5.23229e-08
0.0995667
-2.81172e-08
0.0995667
-7.46468e-09
9.36067e-09
0.0995667
0.0975798
7.9312e-07
0.0975798
7.11414e-07
0.0975798
6.25169e-07
0.0975798
5.35691e-07
0.0975798
4.44373e-07
0.0975798
3.52646e-07
0.0975798
2.61954e-07
0.0975798
1.73704e-07
0.0975798
8.92441e-08
0.0975798
9.8125e-09
0.0975798
-6.34763e-08
0.0975797
-1.29674e-07
0.0975797
-1.88006e-07
0.0975797
-2.37897e-07
0.0975797
-2.78974e-07
0.0975796
-3.11075e-07
0.0975796
-3.34239e-07
0.0975796
-3.48702e-07
0.0975795
-3.54881e-07
0.0975795
-3.53353e-07
0.0975795
-3.44836e-07
0.0975795
-3.30157e-07
0.0975794
-3.10234e-07
0.0975794
-2.86035e-07
0.0975794
-2.58562e-07
0.0975794
-2.28814e-07
0.0975794
-1.97771e-07
0.0975794
-1.66362e-07
0.0975794
-1.35458e-07
0.0975794
-1.05845e-07
0.0975794
-7.82181e-08
0.0975794
-5.31715e-08
0.0975794
-3.11944e-08
0.0975794
-1.26646e-08
2.14214e-09
0.0975794
0.0936034
7.24028e-07
0.0936035
6.50899e-07
0.0936036
5.73688e-07
0.0936036
4.93556e-07
0.0936036
4.1174e-07
0.0936037
3.29514e-07
0.0936037
2.48158e-07
0.0936037
1.68928e-07
0.0936037
9.30181e-08
0.0936037
2.15364e-08
0.0936036
-4.45283e-08
0.0936036
-1.04325e-07
0.0936036
-1.57161e-07
0.0936036
-2.02517e-07
0.0936035
-2.40055e-07
0.0936035
-2.69617e-07
0.0936034
-2.91229e-07
0.0936034
-3.0509e-07
0.0936033
-3.11558e-07
0.0936033
-3.11137e-07
0.0936033
-3.04453e-07
0.0936032
-2.92236e-07
0.0936032
-2.75292e-07
0.0936032
-2.54482e-07
0.0936031
-2.30694e-07
0.0936031
-2.04821e-07
0.0936031
-1.77741e-07
0.0936031
-1.50294e-07
0.0936031
-1.23267e-07
0.093603
-9.73822e-08
0.093603
-7.32794e-08
0.093603
-5.15123e-08
0.093603
-3.25394e-08
0.093603
-1.67212e-08
-4.32575e-09
0.0936031
0.0876379
6.17213e-07
0.087638
5.56106e-07
0.0876381
4.91583e-07
0.0876382
4.24532e-07
0.0876382
3.56049e-07
0.0876383
2.87115e-07
0.0876383
2.18867e-07
0.0876383
1.52274e-07
0.0876383
8.84061e-08
0.0876383
2.81117e-08
0.0876383
-2.77028e-08
0.0876383
-7.8399e-08
0.0876382
-1.23312e-07
0.0876382
-1.62076e-07
0.0876381
-1.94313e-07
0.0876381
-2.1996e-07
0.087638
-2.38938e-07
0.087638
-2.5148e-07
0.0876379
-2.57783e-07
0.0876379
-2.58339e-07
0.0876378
-2.53569e-07
0.0876378
-2.44159e-07
0.0876377
-2.30684e-07
0.0876377
-2.13948e-07
0.0876377
-1.946e-07
0.0876376
-1.73482e-07
0.0876376
-1.51242e-07
0.0876376
-1.28685e-07
0.0876376
-1.06396e-07
0.0876375
-8.5088e-08
0.0876375
-6.52268e-08
0.0876375
-4.7393e-08
0.0876375
-3.18935e-08
0.0876375
-1.91494e-08
-9.29368e-09
0.0876376
0.079683
4.8535e-07
0.0796831
4.38429e-07
0.0796832
3.88754e-07
0.0796833
3.37121e-07
0.0796834
2.84237e-07
0.0796834
2.30975e-07
0.0796835
1.78077e-07
0.0796835
1.26414e-07
0.0796835
7.6681e-08
0.0796835
2.96658e-08
0.0796835
-1.40593e-08
0.0796835
-5.38577e-08
0.0796835
-8.93394e-08
0.0796834
-1.20069e-07
0.0796834
-1.45876e-07
0.0796833
-1.66553e-07
0.0796833
-1.82158e-07
0.0796832
-1.9271e-07
0.0796831
-1.98484e-07
0.0796831
-1.99697e-07
0.079683
-1.96806e-07
0.079683
-1.9018e-07
0.0796829
-1.80403e-07
0.0796829
-1.6794e-07
0.0796828
-1.53445e-07
0.0796828
-1.37419e-07
0.0796828
-1.20525e-07
0.0796827
-1.03246e-07
0.0796827
-8.62049e-08
0.0796827
-6.9819e-08
0.0796827
-5.46254e-08
0.0796827
-4.0937e-08
0.0796827
-2.91667e-08
0.0796827
-1.9494e-08
-1.21915e-08
0.0796827
0.0697386
3.44463e-07
0.0697387
3.12163e-07
0.0697389
2.77803e-07
0.0697389
2.42072e-07
0.069739
2.05301e-07
0.0697391
1.68235e-07
0.0697391
1.31237e-07
0.0697392
9.50558e-08
0.0697392
6.00294e-08
0.0697392
2.68582e-08
0.0697392
-4.19933e-09
0.0697392
-3.25384e-08
0.0697391
-5.80238e-08
0.0697391
-8.0181e-08
0.069739
-9.90281e-08
0.069739
-1.14239e-07
0.0697389
-1.25999e-07
0.0697389
-1.34131e-07
0.0697388
-1.38978e-07
0.0697388
-1.40502e-07
0.0697387
-1.39181e-07
0.0697386
-1.35084e-07
0.0697386
-1.28788e-07
0.0697385
-1.20436e-07
0.0697385
-1.10664e-07
0.0697385
-9.9643e-08
0.0697384
-8.8032e-08
0.0697384
-7.59921e-08
0.0697384
-6.41666e-08
0.0697384
-5.26697e-08
0.0697383
-4.20958e-08
0.0697383
-3.24761e-08
0.0697383
-2.43224e-08
0.0697383
-1.75544e-08
-1.25828e-08
0.0697383
0.0578047
2.11487e-07
0.0578048
1.92322e-07
0.0578049
1.72084e-07
0.057805
1.5071e-07
0.0578051
1.28851e-07
0.0578052
1.06484e-07
0.0578052
8.42855e-08
0.0578052
6.22408e-08
0.0578053
4.10198e-08
0.0578053
2.0581e-08
0.0578053
1.56135e-09
0.0578052
-1.61422e-08
0.0578052
-3.19489e-08
0.0578052
-4.60495e-08
0.0578051
-5.79371e-08
0.0578051
-6.79056e-08
0.057805
-7.55306e-08
0.057805
-8.1214e-08
0.0578049
-8.46132e-08
0.0578049
-8.623e-08
0.0578048
-8.57945e-08
0.0578048
-8.3891e-08
0.0578047
-8.03051e-08
0.0578047
-7.56811e-08
0.0578046
-6.98364e-08
0.0578046
-6.34523e-08
0.0578046
-5.6353e-08
0.0578045
-4.92354e-08
0.0578045
-4.19045e-08
0.0578045
-3.5048e-08
0.0578045
-2.84278e-08
0.0578045
-2.26941e-08
0.0578045
-1.75403e-08
0.0578045
-1.35554e-08
-1.0329e-08
0.0578045
0.0438813
1.01813e-07
0.0438814
9.31691e-08
0.0438815
8.38364e-08
0.0438816
7.40327e-08
0.0438816
6.38031e-08
0.0438817
5.33862e-08
0.0438817
4.28441e-08
0.0438818
3.24253e-08
0.0438818
2.2191e-08
0.0438818
1.23875e-08
0.0438818
3.05713e-09
0.0438818
-5.56865e-09
0.0438818
-1.34821e-08
0.0438817
-2.04774e-08
0.0438817
-2.65935e-08
0.0438817
-3.16585e-08
0.0438816
-3.57642e-08
0.0438816
-3.87769e-08
0.0438815
-4.08422e-08
0.0438815
-4.18641e-08
0.0438814
-4.20371e-08
0.0438814
-4.12973e-08
0.0438814
-3.98796e-08
0.0438813
-3.77433e-08
0.0438813
-3.51513e-08
0.0438812
-3.20769e-08
0.0438812
-2.87971e-08
0.0438812
-2.52908e-08
0.0438812
-2.18356e-08
0.0438812
-1.84015e-08
0.0438812
-1.5254e-08
0.0438811
-1.23394e-08
0.0438811
-9.89442e-09
0.0438811
-7.81533e-09
-6.28431e-09
0.0438811
0.0279685
2.82648e-08
0.0279686
2.61307e-08
0.0279687
2.37044e-08
0.0279687
2.1186e-08
0.0279688
1.84406e-08
0.0279688
1.56764e-08
0.0279688
1.27666e-08
0.0279688
9.92327e-09
0.0279689
7.02399e-09
0.0279689
4.28017e-09
0.0279689
1.56927e-09
0.0279689
-9.02844e-10
0.0279689
-3.2631e-09
0.0279688
-5.3156e-09
0.0279688
-7.19595e-09
0.0279688
-8.72162e-09
0.0279688
-1.00396e-08
0.0279687
-1.09825e-08
0.0279687
-1.17097e-08
0.0279687
-1.20695e-08
0.0279687
-1.2234e-08
0.0279686
-1.20633e-08
0.0279686
-1.17425e-08
0.0279686
-1.11385e-08
0.0279685
-1.04473e-08
0.0279685
-9.5396e-09
0.0279685
-8.6174e-09
0.0279685
-7.5538e-09
0.0279685
-6.55495e-09
0.0279685
-5.48991e-09
0.0279684
-4.56652e-09
0.0279684
-3.64572e-09
0.0279684
-2.93742e-09
0.0279684
-2.2785e-09
-1.8166e-09
0.0279684
0.0100666
0.0100666
0.0100666
0.0100666
0.0100666
0.0100667
0.0100667
0.0100667
0.0100667
0.0100667
0.0100667
0.0100667
0.0100667
0.0100667
0.0100667
0.0100667
0.0100667
0.0100666
0.0100666
0.0100666
0.0100666
0.0100666
0.0100666
0.0100666
0.0100666
0.0100666
0.0100665
0.0100665
0.0100665
0.0100665
0.0100665
0.0100665
0.0100665
0.0100665
0.0100665
0.0100652
3.66567e-09
0.0100652
4.62976e-09
0.0100652
5.53727e-09
0.0100652
5.81048e-09
0.0100652
5.81369e-09
0.0100651
8.30611e-09
0.0100651
7.60008e-09
0.0100651
4.75861e-10
0.0100651
2.10634e-08
4.6921e-08
0.0279646
1.17883e-08
0.0279645
1.4613e-08
0.0279645
1.69763e-08
0.0279645
1.85033e-08
0.0279645
2.0179e-08
0.0279645
2.30637e-08
0.0279645
2.32487e-08
0.0279645
2.58177e-08
0.0279644
4.30357e-08
6.03693e-08
0.043875
2.16103e-08
0.043875
2.68653e-08
0.043875
3.12887e-08
0.043875
3.48933e-08
0.043875
3.81713e-08
0.043875
4.13755e-08
0.0438749
4.37877e-08
0.0438749
4.91962e-08
0.0438749
6.2489e-08
7.5934e-08
0.0577967
3.12792e-08
0.0577967
3.90441e-08
0.0577967
4.57107e-08
0.0577966
5.12385e-08
0.0577966
5.57962e-08
0.0577966
5.97884e-08
0.0577966
6.30367e-08
0.0577966
6.80254e-08
0.0577966
7.93985e-08
8.71247e-08
0.0697296
3.91483e-08
0.0697296
4.91225e-08
0.0697296
5.75413e-08
0.0697296
6.45758e-08
0.0697295
7.03968e-08
0.0697295
7.42533e-08
0.0697295
7.66174e-08
0.0697295
8.21402e-08
0.0697295
8.86754e-08
9.25745e-08
0.0796738
4.40392e-08
0.0796738
5.56165e-08
0.0796738
6.52146e-08
0.0796738
7.2927e-08
0.0796738
7.8756e-08
0.0796738
8.25077e-08
0.0796738
8.42322e-08
0.0796738
8.63517e-08
0.0796738
9.01226e-08
9.02222e-08
0.0876295
4.54337e-08
0.0876295
5.78615e-08
0.0876295
6.77551e-08
0.0876295
7.52797e-08
0.0876295
8.055e-08
0.0876295
8.29707e-08
0.0876295
8.25756e-08
0.0876295
8.27556e-08
0.0876295
8.17281e-08
7.92286e-08
0.0935966
4.33612e-08
0.0935966
5.58327e-08
0.0935966
6.52728e-08
0.0935966
7.18025e-08
0.0935966
7.54218e-08
0.0935966
7.59629e-08
0.0935966
7.36501e-08
0.0935966
6.97731e-08
0.0935966
6.50621e-08
6.02722e-08
0.0975752
3.82897e-08
0.0975752
5.00781e-08
0.0975752
5.83531e-08
0.0975752
6.32314e-08
0.0975752
6.4831e-08
0.0975752
6.30638e-08
0.0975753
5.78854e-08
0.0975753
5.08432e-08
0.0975753
4.21298e-08
3.55395e-08
0.0995653
3.09459e-08
0.0995653
4.14417e-08
0.0995653
4.80969e-08
0.0995653
5.10415e-08
0.0995653
5.03376e-08
0.0995653
4.60356e-08
0.0995654
3.87004e-08
0.0995654
2.85918e-08
0.0995654
1.611e-08
8.53331e-09
0.0995667
2.22099e-08
0.0995667
3.10334e-08
0.0995668
3.58803e-08
0.0995668
3.67895e-08
0.0995668
3.39664e-08
0.0995668
2.79061e-08
0.0995668
1.86977e-08
0.0995668
5.82207e-09
0.0995669
-8.42611e-09
-1.69869e-08
0.0975794
1.30633e-08
0.0975794
2.00354e-08
0.0975794
2.3102e-08
0.0975794
2.24202e-08
0.0975794
1.81162e-08
0.0975795
1.05808e-08
0.0975795
6.26553e-10
0.0975795
-1.26131e-08
0.0975795
-2.9066e-08
-3.74154e-08
0.0936031
4.48643e-09
0.0936031
9.69323e-09
0.0936031
1.13777e-08
0.0936031
9.50409e-09
0.0936031
4.39062e-09
0.0936031
-2.91537e-09
0.0936031
-1.23197e-08
0.0936031
-2.63389e-08
0.0936032
-4.1475e-08
-5.02355e-08
0.0876376
-2.55773e-09
0.0876376
1.15281e-09
0.0876376
1.78871e-09
0.0876376
-3.3902e-10
0.0876376
-5.09836e-09
0.0876376
-1.18686e-08
0.0876376
-1.96768e-08
0.0876376
-3.09905e-08
0.0876376
-4.63232e-08
-5.47393e-08
0.0796827
-7.2726e-09
0.0796827
-4.77431e-09
0.0796827
-4.44627e-09
0.0796827
-6.4097e-09
0.0796827
-1.04061e-08
0.0796827
-1.47734e-08
0.0796827
-2.00541e-08
0.0796827
-3.03264e-08
0.0796827
-4.26306e-08
-5.19996e-08
0.0697383
-9.16496e-09
0.0697383
-7.5117e-09
0.0697383
-7.2838e-09
0.0697383
-8.58182e-09
0.0697383
-1.0584e-08
0.0697383
-1.36278e-08
0.0697383
-1.67855e-08
0.0697383
-2.19299e-08
0.0697383
-3.38418e-08
-4.48774e-08
0.0578045
-8.36417e-09
0.0578045
-7.17004e-09
0.0578045
-7.01325e-09
0.0578045
-7.15773e-09
0.0578045
-8.37625e-09
0.0578045
-9.68376e-09
0.0578045
-8.96318e-09
0.0578045
-1.18392e-08
0.0578044
-2.26597e-08
-3.60024e-08
0.0438811
-5.18041e-09
0.0438811
-4.646e-09
0.0438811
-4.3834e-09
0.0438811
-4.32646e-09
0.0438811
-4.35528e-09
0.0438811
-4.57802e-09
0.0438811
-2.81479e-09
0.0438811
-1.47989e-09
0.0438811
-1.17477e-08
-2.8214e-08
0.0279684
-1.39961e-09
0.0279684
-1.40055e-09
0.0279684
-1.64329e-09
0.0279684
-1.27973e-09
0.0279684
-2.48303e-10
0.0279684
-2.50278e-09
0.0279684
-1.48365e-10
0.0279684
1.00051e-08
0.0279684
-5.78411e-09
-2.9625e-08
0.0100665
0.0100665
0.0100665
0.0100665
0.0100665
0.0100665
0.0100665
0.0100665
0.0100665
)
;

boundaryField
{
    inlet
    {
        type            calculated;
        value           nonuniform List<scalar> 
20
(
-0.00975
-0.02775
-0.04375
-0.05775
-0.06975
-0.07975
-0.08775
-0.09375
-0.09775
-0.09975
-0.09975
-0.09775
-0.09375
-0.08775
-0.07975
-0.06975
-0.05775
-0.04375
-0.02775
-0.00975
)
;
    }
    outlet
    {
        type            calculated;
        value           nonuniform List<scalar> 
20
(
0.0100651
0.0279644
0.0438749
0.0577965
0.0697295
0.0796738
0.0876295
0.0935967
0.0975753
0.0995654
0.0995669
0.0975795
0.0936032
0.0876376
0.0796827
0.0697383
0.0578044
0.0438811
0.0279684
0.0100665
)
;
    }
    upperWall
    {
        type            calculated;
        value           uniform 0;
    }
    lowerWall
    {
        type            calculated;
        value           uniform 0;
    }
    frontAndBack
    {
        type            empty;
    }
}


// ************************************************************************* //
