/*--------------------------------*- C++ -*----------------------------------*\
| =========                 |                                                 |
| \\      /  F ield         | OpenFOAM: The Open Source CFD Toolbox           |
|  \\    /   O peration     | Version:  2406                                  |
|   \\  /    A nd           | Website:  www.openfoam.com                      |
|    \\/     M anipulation  |                                                 |
\*---------------------------------------------------------------------------*/
FoamFile
{
    version     2.0;
    format      ascii;
    arch        "LSB;label=32;scalar=64";
    class       volVectorField;
    location    "124";
    object      U;
}
// * * * * * * * * * * * * * * * * * * * * * * * * * * * * * * * * * * * * * //

dimensions      [0 1 -1 0 0 0 0];

internalField   nonuniform List<vector> 
1900
(
(0.192132 -0.00187817 0)
(0.195292 -0.00358375 0)
(0.199009 -0.00379704 0)
(0.203409 -0.00353352 0)
(0.207894 -0.00322891 0)
(0.212209 -0.00295646 0)
(0.21642 -0.00272703 0)
(0.220626 -0.00263848 0)
(0.224957 -0.00222688 0)
(0.228096 -0.00566559 0)
(0.509142 -0.00170116 0)
(0.508205 -0.00380956 0)
(0.507778 -0.00470915 0)
(0.507869 -0.00510578 0)
(0.508497 -0.00537313 0)
(0.509616 -0.0055925 0)
(0.511185 -0.00580526 0)
(0.513204 -0.00610301 0)
(0.5157 -0.00655845 0)
(0.518545 -0.00747522 0)
(0.749377 -0.00116337 0)
(0.74887 -0.00285591 0)
(0.748376 -0.00385931 0)
(0.74782 -0.00453468 0)
(0.747462 -0.00512887 0)
(0.74743 -0.00571041 0)
(0.74771 -0.00631545 0)
(0.748269 -0.00702125 0)
(0.74906 -0.0079081 0)
(0.749934 -0.00919176 0)
(0.909501 -0.00078828 0)
(0.909165 -0.0021368 0)
(0.908686 -0.00317314 0)
(0.907917 -0.00402164 0)
(0.907155 -0.00481317 0)
(0.906581 -0.00560441 0)
(0.906192 -0.00642779 0)
(0.905934 -0.00732958 0)
(0.905764 -0.00835264 0)
(0.905617 -0.00952021 0)
(0.989541 -0.000514667 0)
(0.989217 -0.00148364 0)
(0.988678 -0.00236355 0)
(0.987728 -0.00318929 0)
(0.986654 -0.00401019 0)
(0.985656 -0.00485655 0)
(0.984736 -0.00574827 0)
(0.983848 -0.0067047 0)
(0.982959 -0.00773505 0)
(0.982039 -0.00882767 0)
(0.989532 -0.000239902 0)
(0.989143 -0.000764328 0)
(0.988468 -0.00138456 0)
(0.987309 -0.002094 0)
(0.985952 -0.00286756 0)
(0.984595 -0.00369752 0)
(0.983238 -0.00458689 0)
(0.981836 -0.00553449 0)
(0.980364 -0.0065299 0)
(0.978808 -0.0075525 0)
(0.909475 0.000104907 0)
(0.908943 9.61527e-05 0)
(0.908063 -0.000231464 0)
(0.906672 -0.000774781 0)
(0.905068 -0.00142552 0)
(0.903422 -0.002152 0)
(0.901722 -0.00295047 0)
(0.899919 -0.00380594 0)
(0.897991 -0.00469452 0)
(0.895929 -0.00559129 0)
(0.749334 0.000619898 0)
(0.748503 0.00122482 0)
(0.747355 0.00113551 0)
(0.745788 0.000703649 0)
(0.744055 0.000157583 0)
(0.742266 -0.000460085 0)
(0.740388 -0.00114569 0)
(0.738368 -0.0018729 0)
(0.736186 -0.00261049 0)
(0.733829 -0.00333571 0)
(0.509086 0.00134779 0)
(0.507715 0.00275197 0)
(0.506414 0.00295729 0)
(0.505161 0.00266672 0)
(0.503966 0.00223881 0)
(0.502763 0.00173227 0)
(0.501473 0.00116134 0)
(0.500047 0.000563705 0)
(0.498449 -2.68051e-05 0)
(0.496655 -0.000593284 0)
(0.192082 0.00169439 0)
(0.194798 0.00309142 0)
(0.197597 0.00305613 0)
(0.200612 0.00258441 0)
(0.203281 0.00208968 0)
(0.205353 0.00162494 0)
(0.206861 0.0011909 0)
(0.207869 0.000802953 0)
(0.208407 0.000469253 0)
(0.208496 0.000184447 0)
(-2.07442e-05 6.66622e-06 0)
(-0.000396444 0.000126473 0)
(-0.00111306 0.000208058 0)
(-0.00200487 0.000239379 0)
(-0.00294815 0.000249488 0)
(-0.00390017 0.000253016 0)
(-0.00485072 0.000255004 0)
(-0.0057977 0.000256492 0)
(-0.00674005 0.000257336 0)
(-0.00767659 0.000257368 0)
(-0.00860636 0.000256664 0)
(-0.00952906 0.000255523 0)
(-0.0104452 0.000254367 0)
(-0.0113563 0.000253661 0)
(-0.0122643 0.000253812 0)
(-0.0131714 0.000255079 0)
(-0.0140793 0.000257481 0)
(-0.0149889 0.000260759 0)
(-0.0158996 0.000264401 0)
(-0.0168086 0.00026769 0)
(-0.0177116 0.000269817 0)
(-0.0186028 0.000269956 0)
(-0.0194758 0.00026736 0)
(-0.0203248 0.000261461 0)
(-0.0211458 0.000252018 0)
(-0.0219377 0.000239348 0)
(-0.0227036 0.000224511 0)
(-0.0234513 0.000209499 0)
(-0.0241928 0.000197065 0)
(-0.0249443 0.000190312 0)
(-0.0257241 0.00019196 0)
(-0.0265506 0.000203548 0)
(-0.0274391 0.000224923 0)
(-0.0283992 0.000253945 0)
(-0.029432 0.000287011 0)
(-0.00023985 0.000441312 0)
(-0.0014955 0.00114152 0)
(-0.00336574 0.00157339 0)
(-0.00551523 0.00175058 0)
(-0.00772874 0.00180277 0)
(-0.0099351 0.00180915 0)
(-0.0121132 0.00180165 0)
(-0.0142563 0.00178963 0)
(-0.0163623 0.00177506 0)
(-0.0184307 0.00175867 0)
(-0.0204622 0.00174151 0)
(-0.022459 0.00172498 0)
(-0.0244246 0.00171049 0)
(-0.0263633 0.00169912 0)
(-0.0282795 0.00169132 0)
(-0.0301774 0.00168675 0)
(-0.0320595 0.0016841 0)
(-0.0339264 0.00168122 0)
(-0.035776 0.00167532 0)
(-0.0376035 0.00166349 0)
(-0.039402 0.00164328 0)
(-0.0411637 0.00161344 0)
(-0.0428812 0.00157436 0)
(-0.0445499 0.00152853 0)
(-0.0461691 0.00148046 0)
(-0.0477442 0.00143638 0)
(-0.0492869 0.00140353 0)
(-0.0508151 0.00138911 0)
(-0.0523516 0.00139921 0)
(-0.0539219 0.0014375 0)
(-0.0555505 0.00150444 0)
(-0.0572576 0.00159618 0)
(-0.0590554 0.00170466 0)
(-0.0609447 0.001818 0)
(-0.0629143 0.00192214 0)
(-0.000532238 0.00163127 0)
(-0.00285862 0.00331339 0)
(-0.00594676 0.00419218 0)
(-0.0092858 0.00451458 0)
(-0.0126114 0.00457793 0)
(-0.0158571 0.00454492 0)
(-0.0190061 0.00448132 0)
(-0.0220555 0.00440854 0)
(-0.0250078 0.00433299 0)
(-0.0278682 0.00425768 0)
(-0.0306433 0.00418539 0)
(-0.0333408 0.00411889 0)
(-0.0359689 0.00406052 0)
(-0.038536 0.00401158 0)
(-0.0410499 0.00397196 0)
(-0.0435171 0.00393982 0)
(-0.0459415 0.00391154 0)
(-0.0483244 0.00388207 0)
(-0.0506641 0.00384565 0)
(-0.0529558 0.00379684 0)
(-0.055193 0.00373176 0)
(-0.0573688 0.00364928 0)
(-0.0594777 0.00355191 0)
(-0.0615175 0.00344618 0)
(-0.0634913 0.00334243 0)
(-0.0654079 0.00325381 0)
(-0.067283 0.00319453 0)
(-0.0691377 0.00317773 0)
(-0.0709968 0.003213 0)
(-0.0728856 0.00330427 0)
(-0.0748265 0.00344798 0)
(-0.0768351 0.0036322 0)
(-0.078917 0.00383734 0)
(-0.0810656 0.00403841 0)
(-0.0832624 0.00420866 0)
(-0.000872794 0.00369213 0)
(-0.00434557 0.00670694 0)
(-0.00859313 0.00801031 0)
(-0.0129325 0.00837057 0)
(-0.0170882 0.00833622 0)
(-0.0210285 0.00816628 0)
(-0.0247599 0.00795972 0)
(-0.0282968 0.00774898 0)
(-0.0316561 0.00754433 0)
(-0.0348545 0.00735035 0)
(-0.0379084 0.00717046 0)
(-0.0408329 0.00700762 0)
(-0.0436422 0.00686388 0)
(-0.0463496 0.00673975 0)
(-0.0489666 0.00663364 0)
(-0.051503 0.00654153 0)
(-0.053966 0.00645704 0)
(-0.0563596 0.00637197 0)
(-0.058685 0.00627752 0)
(-0.0609401 0.00616574 0)
(-0.0631208 0.00603148 0)
(-0.0652219 0.00587389 0)
(-0.0672388 0.00569782 0)
(-0.0691694 0.00551389 0)
(-0.0710151 0.00533817 0)
(-0.0727822 0.00519015 0)
(-0.0744828 0.00509008 0)
(-0.0761333 0.00505564 0)
(-0.0777533 0.00509828 0)
(-0.0793629 0.0052205 0)
(-0.0809798 0.00541337 0)
(-0.082616 0.00565645 0)
(-0.0842748 0.00591875 0)
(-0.0859491 0.00616311 0)
(-0.0876219 0.00635168 0)
(-0.00126746 0.00668223 0)
(-0.00588058 0.0112387 0)
(-0.0110456 0.0127854 0)
(-0.0159832 0.0129601 0)
(-0.0204827 0.0126427 0)
(-0.0245844 0.0121888 0)
(-0.0283391 0.011721 0)
(-0.0317928 0.011276 0)
(-0.0349857 0.0108629 0)
(-0.0379513 0.0104838 0)
(-0.0407173 0.0101394 0)
(-0.0433067 0.00983039 0)
(-0.0457392 0.00955712 0)
(-0.0480323 0.00931827 0)
(-0.050201 0.00911031 0)
(-0.0522586 0.00892684 0)
(-0.0542161 0.0087586 0)
(-0.0560819 0.00859411 0)
(-0.0578612 0.00842098 0)
(-0.0595561 0.00822807 0)
(-0.0611654 0.00800777 0)
(-0.0626856 0.00775837 0)
(-0.0641116 0.00748546 0)
(-0.0654382 0.00720252 0)
(-0.0666611 0.00692999 0)
(-0.067779 0.00669281 0)
(-0.0687941 0.00651674 0)
(-0.0697129 0.00642355 0)
(-0.0705453 0.00642665 0)
(-0.0713037 0.00652691 0)
(-0.0720008 0.00671113 0)
(-0.072647 0.00695121 0)
(-0.073247 0.00720635 0)
(-0.0737973 0.00742865 0)
(-0.0742867 0.00757108 0)
(-0.00173861 0.010666 0)
(-0.00740701 0.0166974 0)
(-0.0129747 0.0180713 0)
(-0.0177919 0.0177139 0)
(-0.0218647 0.0168735 0)
(-0.0253565 0.0159669 0)
(-0.0283795 0.0151158 0)
(-0.0310201 0.014347 0)
(-0.0333455 0.013658 0)
(-0.035406 0.0130408 0)
(-0.0372383 0.0124881 0)
(-0.0388704 0.0119952 0)
(-0.0403246 0.0115587 0)
(-0.0416192 0.0111745 0)
(-0.04277 0.0108368 0)
(-0.0437912 0.0105371 0)
(-0.0446955 0.0102637 0)
(-0.0454941 0.0100022 0)
(-0.0461959 0.00973681 0)
(-0.0468072 0.00945289 0)
(-0.0473311 0.00913956 0)
(-0.0477671 0.00879267 0)
(-0.048112 0.00841641 0)
(-0.0483591 0.00802424 0)
(-0.0484999 0.00763782 0)
(-0.0485249 0.00728449 0)
(-0.0484249 0.00699286 0)
(-0.0481929 0.00678732 0)
(-0.0478243 0.00668277 0)
(-0.0473173 0.00668061 0)
(-0.0466733 0.00676698 0)
(-0.0458963 0.00691156 0)
(-0.0449886 0.00706833 0)
(-0.0439461 0.00718267 0)
(-0.0427596 0.00720545 0)
(-0.0023359 0.0158373 0)
(-0.00880874 0.0226547 0)
(-0.0137381 0.0230348 0)
(-0.0171698 0.0216888 0)
(-0.0196184 0.020095 0)
(-0.0214126 0.0186064 0)
(-0.022712 0.0172973 0)
(-0.0236315 0.0161643 0)
(-0.0242562 0.0151792 0)
(-0.0246426 0.014314 0)
(-0.0248275 0.0135487 0)
(-0.0248364 0.0128695 0)
(-0.0246875 0.0122659 0)
(-0.0243945 0.0117299 0)
(-0.023968 0.0112533 0)
(-0.0234167 0.0108261 0)
(-0.0227489 0.0104357 0)
(-0.0219724 0.0100672 0)
(-0.0210952 0.00970417 0)
(-0.0201245 0.00933062 0)
(-0.0190669 0.00893416 0)
(-0.0179281 0.00850823 0)
(-0.0167124 0.00805364 0)
(-0.0154212 0.00757897 0)
(-0.014052 0.0071005 0)
(-0.0125976 0.00664044 0)
(-0.0110451 0.0062231 0)
(-0.00937647 0.00587063 0)
(-0.00756845 0.00559758 0)
(-0.00559352 0.00540752 0)
(-0.00342361 0.00529053 0)
(-0.00103302 0.00522175 0)
(0.00161875 0.00516202 0)
(0.00454755 0.0050672 0)
(0.00773606 0.00489575 0)
(-0.00315052 0.0226605 0)
(-0.00936275 0.0280809 0)
(-0.011258 0.0260229 0)
(-0.0109723 0.0233458 0)
(-0.00993096 0.020995 0)
(-0.00851388 0.0189663 0)
(-0.00680849 0.0172658 0)
(-0.00489914 0.0158516 0)
(-0.0028524 0.014651 0)
(-0.000702582 0.0136078 0)
(0.00153347 0.0126878 0)
(0.00384651 0.0118687 0)
(0.0062337 0.0111347 0)
(0.00869611 0.010474 0)
(0.0112368 0.00987652 0)
(0.0138592 0.00933243 0)
(0.0165658 0.00883052 0)
(0.0193571 0.00835776 0)
(0.0222303 0.00789972 0)
(0.0251798 0.00744172 0)
(0.0281976 0.00697126 0)
(0.0312743 0.00648083 0)
(0.0344016 0.00596818 0)
(0.0375757 0.00543615 0)
(0.0407991 0.0048932 0)
(0.0440832 0.00435271 0)
(0.0474488 0.00383052 0)
(0.0509253 0.00334145 0)
(0.0545485 0.0028956 0)
(0.0583576 0.00249558 0)
(0.062385 0.00213371 0)
(0.0666636 0.00178948 0)
(0.0712142 0.00143564 0)
(0.0760459 0.001045 0)
(0.0811614 0.000589005 0)
(-0.0022638 0.0287994 0)
(-0.0034823 0.029438 0)
(0.00324467 0.0236796 0)
(0.011049 0.0202679 0)
(0.0180508 0.0177959 0)
(0.0244416 0.0156139 0)
(0.030514 0.0137785 0)
(0.0363414 0.0123002 0)
(0.0419539 0.0110788 0)
(0.0473958 0.0100248 0)
(0.0527084 0.00909127 0)
(0.0579224 0.00825321 0)
(0.0630623 0.00749335 0)
(0.0681497 0.00679795 0)
(0.0732044 0.00615621 0)
(0.0782442 0.00555884 0)
(0.0832841 0.00499662 0)
(0.0883361 0.00445967 0)
(0.0934087 0.00393751 0)
(0.098507 0.00341977 0)
(0.103631 0.00289702 0)
(0.108779 0.00236128 0)
(0.113954 0.00180743 0)
(0.119162 0.00123404 0)
(0.12441 0.000643497 0)
(0.129712 4.1259e-05 0)
(0.135086 -0.000565517 0)
(0.140558 -0.00117004 0)
(0.146159 -0.00176805 0)
(0.151922 -0.00235955 0)
(0.157886 -0.00295088 0)
(0.164083 -0.00355539 0)
(0.170539 -0.00419133 0)
(0.177274 -0.0048797 0)
(0.184305 -0.0056431 0)
(0.032319 0.0169236 0)
(0.0469674 0.0172841 0)
(0.0639027 0.0129144 0)
(0.0803679 0.0101073 0)
(0.0938572 0.00848862 0)
(0.10525 0.00717691 0)
(0.115526 0.00597447 0)
(0.125056 0.00491718 0)
(0.133987 0.0039989 0)
(0.142448 0.00317959 0)
(0.150547 0.00243046 0)
(0.158362 0.00173713 0)
(0.165945 0.00109008 0)
(0.173341 0.000480969 0)
(0.180585 -9.7521e-05 0)
(0.187708 -0.000652017 0)
(0.194738 -0.00118916 0)
(0.201696 -0.00171605 0)
(0.208604 -0.00224031 0)
(0.215477 -0.00276962 0)
(0.222331 -0.00331111 0)
(0.229179 -0.00387131 0)
(0.236031 -0.00445552 0)
(0.242897 -0.00506664 0)
(0.249788 -0.00570505 0)
(0.256718 -0.00636928 0)
(0.263705 -0.00705687 0)
(0.27077 -0.00776581 0)
(0.277939 -0.00849584 0)
(0.28524 -0.00924999 0)
(0.292703 -0.0100354 0)
(0.300356 -0.0108635 0)
(0.308227 -0.0117494 0)
(0.316342 -0.0127108 0)
(0.324723 -0.0137666 0)
(0.237334 -0.0108349 0)
(0.244205 -0.0103198 0)
(0.253043 -0.0089042 0)
(0.263188 -0.00785961 0)
(0.272963 -0.00717444 0)
(0.282138 -0.00678561 0)
(0.290974 -0.00663949 0)
(0.299562 -0.0066554 0)
(0.307892 -0.00677009 0)
(0.315975 -0.00695113 0)
(0.323842 -0.00718158 0)
(0.331524 -0.00744904 0)
(0.339042 -0.00774424 0)
(0.346417 -0.00806137 0)
(0.353669 -0.00839752 0)
(0.360817 -0.00875187 0)
(0.36788 -0.00912528 0)
(0.374875 -0.00952007 0)
(0.381817 -0.00993977 0)
(0.388723 -0.0103887 0)
(0.395606 -0.0108716 0)
(0.402479 -0.0113927 0)
(0.409353 -0.0119552 0)
(0.416241 -0.0125612 0)
(0.423155 -0.0132116 0)
(0.43011 -0.0139064 0)
(0.43712 -0.0146454 0)
(0.444203 -0.015429 0)
(0.451379 -0.0162592 0)
(0.458671 -0.0171406 0)
(0.466101 -0.0180806 0)
(0.473692 -0.0190901 0)
(0.481466 -0.0201826 0)
(0.489442 -0.0213737 0)
(0.49764 -0.0226798 0)
(0.520957 -0.00890731 0)
(0.522654 -0.00950633 0)
(0.52485 -0.00976584 0)
(0.527867 -0.0101568 0)
(0.531296 -0.0106229 0)
(0.534917 -0.01106 0)
(0.538732 -0.0114664 0)
(0.542736 -0.01186 0)
(0.54688 -0.0122423 0)
(0.551124 -0.0126121 0)
(0.555449 -0.0129728 0)
(0.559843 -0.013329 0)
(0.564296 -0.0136847 0)
(0.568799 -0.0140433 0)
(0.573347 -0.0144089 0)
(0.577938 -0.0147858 0)
(0.58257 -0.015179 0)
(0.587244 -0.0155934 0)
(0.591961 -0.0160347 0)
(0.596724 -0.0165086 0)
(0.601534 -0.0170204 0)
(0.606394 -0.0175751 0)
(0.611309 -0.0181768 0)
(0.616281 -0.0188287 0)
(0.621316 -0.0195334 0)
(0.62642 -0.0202925 0)
(0.631601 -0.0211081 0)
(0.636868 -0.0219825 0)
(0.642232 -0.0229196 0)
(0.647705 -0.0239251 0)
(0.653301 -0.0250072 0)
(0.659033 -0.0261761 0)
(0.664911 -0.0274445 0)
(0.670947 -0.0288259 0)
(0.677149 -0.0303349 0)
(0.750618 -0.0106727 0)
(0.751114 -0.0117479 0)
(0.751782 -0.0124322 0)
(0.752832 -0.0129875 0)
(0.754151 -0.0134963 0)
(0.755606 -0.0139492 0)
(0.757165 -0.0143621 0)
(0.75883 -0.0147612 0)
(0.760589 -0.0151574 0)
(0.762422 -0.0155514 0)
(0.76432 -0.0159442 0)
(0.766278 -0.0163385 0)
(0.768291 -0.016737 0)
(0.770356 -0.0171426 0)
(0.77247 -0.0175585 0)
(0.77463 -0.0179887 0)
(0.776836 -0.0184376 0)
(0.779088 -0.0189101 0)
(0.781385 -0.0194115 0)
(0.783726 -0.0199473 0)
(0.786113 -0.0205228 0)
(0.788545 -0.0211428 0)
(0.791023 -0.0218118 0)
(0.793547 -0.0225334 0)
(0.796118 -0.0233108 0)
(0.798738 -0.0241471 0)
(0.80141 -0.0250451 0)
(0.804138 -0.0260086 0)
(0.806925 -0.0270422 0)
(0.809778 -0.0281524 0)
(0.8127 -0.029347 0)
(0.815695 -0.0306358 0)
(0.818767 -0.0320298 0)
(0.821916 -0.0335409 0)
(0.82514 -0.035181 0)
(0.905399 -0.0107106 0)
(0.905088 -0.0117085 0)
(0.904807 -0.0124703 0)
(0.904672 -0.013113 0)
(0.904673 -0.0137166 0)
(0.904751 -0.01429 0)
(0.904878 -0.014831 0)
(0.905057 -0.0153477 0)
(0.905281 -0.0158472 0)
(0.905539 -0.016332 0)
(0.905821 -0.0168041 0)
(0.906123 -0.0172667 0)
(0.90644 -0.0177243 0)
(0.906769 -0.0181815 0)
(0.907106 -0.0186432 0)
(0.90745 -0.0191143 0)
(0.907799 -0.0196005 0)
(0.908152 -0.0201074 0)
(0.908507 -0.0206409 0)
(0.908862 -0.0212068 0)
(0.909217 -0.0218106 0)
(0.909568 -0.0224574 0)
(0.909915 -0.0231518 0)
(0.910254 -0.0238979 0)
(0.910585 -0.0246995 0)
(0.910904 -0.02556 0)
(0.911212 -0.0264831 0)
(0.911506 -0.0274729 0)
(0.911786 -0.0285344 0)
(0.912049 -0.0296737 0)
(0.912294 -0.030898 0)
(0.912517 -0.0322158 0)
(0.912712 -0.0336362 0)
(0.912873 -0.0351688 0)
(0.912988 -0.0368232 0)
(0.981043 -0.00992812 0)
(0.979955 -0.0109425 0)
(0.978829 -0.0118173 0)
(0.977731 -0.0125805 0)
(0.976679 -0.0132751 0)
(0.97565 -0.0139148 0)
(0.974623 -0.0145009 0)
(0.973596 -0.0150413 0)
(0.972563 -0.0155468 0)
(0.971517 -0.0160258 0)
(0.970452 -0.0164845 0)
(0.969362 -0.0169288 0)
(0.968245 -0.0173649 0)
(0.967096 -0.0177985 0)
(0.965915 -0.0182352 0)
(0.964698 -0.0186806 0)
(0.963442 -0.0191402 0)
(0.962146 -0.0196196 0)
(0.960806 -0.0201244 0)
(0.959418 -0.0206599 0)
(0.957979 -0.0212313 0)
(0.956485 -0.0218431 0)
(0.95493 -0.0224996 0)
(0.95331 -0.0232046 0)
(0.951618 -0.0239618 0)
(0.94985 -0.0247746 0)
(0.947999 -0.0256465 0)
(0.946059 -0.0265813 0)
(0.944022 -0.0275836 0)
(0.941882 -0.0286584 0)
(0.939629 -0.0298118 0)
(0.937253 -0.0310505 0)
(0.93474 -0.0323814 0)
(0.932075 -0.0338116 0)
(0.929241 -0.0353478 0)
(0.977147 -0.00856505 0)
(0.975373 -0.00951258 0)
(0.973508 -0.0103541 0)
(0.97159 -0.0110915 0)
(0.969635 -0.0117499 0)
(0.967637 -0.0123466 0)
(0.965587 -0.0128899 0)
(0.963481 -0.0133878 0)
(0.961318 -0.0138502 0)
(0.959098 -0.0142855 0)
(0.956816 -0.0147001 0)
(0.954469 -0.0150996 0)
(0.952056 -0.0154895 0)
(0.949574 -0.015875 0)
(0.947022 -0.0162614 0)
(0.944396 -0.0166538 0)
(0.941693 -0.0170571 0)
(0.93891 -0.0174766 0)
(0.936042 -0.017917 0)
(0.933084 -0.0183831 0)
(0.93003 -0.0188793 0)
(0.926874 -0.0194097 0)
(0.923608 -0.0199779 0)
(0.920224 -0.0205873 0)
(0.916713 -0.021241 0)
(0.913066 -0.0219421 0)
(0.909273 -0.0226934 0)
(0.905324 -0.0234983 0)
(0.901206 -0.0243601 0)
(0.896906 -0.0252829 0)
(0.89241 -0.026271 0)
(0.887701 -0.0273291 0)
(0.882762 -0.0284619 0)
(0.87757 -0.0296739 0)
(0.872102 -0.0309691 0)
(0.89372 -0.00646794 0)
(0.891358 -0.00729114 0)
(0.888854 -0.00803483 0)
(0.886228 -0.0086946 0)
(0.883496 -0.00928255 0)
(0.880662 -0.00981147 0)
(0.877726 -0.0102889 0)
(0.87469 -0.010721 0)
(0.871556 -0.0111151 0)
(0.868327 -0.0114786 0)
(0.865002 -0.0118178 0)
(0.861582 -0.0121385 0)
(0.858066 -0.0124461 0)
(0.854453 -0.0127458 0)
(0.850741 -0.0130427 0)
(0.846929 -0.0133417 0)
(0.843013 -0.0136475 0)
(0.838989 -0.0139644 0)
(0.834852 -0.0142968 0)
(0.830596 -0.0146485 0)
(0.826214 -0.0150231 0)
(0.821698 -0.0154239 0)
(0.817038 -0.0158538 0)
(0.812226 -0.0163154 0)
(0.807249 -0.016811 0)
(0.802096 -0.0173428 0)
(0.796754 -0.0179128 0)
(0.79121 -0.0185232 0)
(0.785449 -0.0191763 0)
(0.779455 -0.0198744 0)
(0.773209 -0.0206203 0)
(0.766693 -0.0214165 0)
(0.759884 -0.0222654 0)
(0.752759 -0.0231693 0)
(0.745291 -0.0241294 0)
(0.731288 -0.00402988 0)
(0.72856 -0.0046738 0)
(0.725652 -0.00525205 0)
(0.722582 -0.00576036 0)
(0.719364 -0.00620515 0)
(0.71601 -0.00659586 0)
(0.712526 -0.00694001 0)
(0.708917 -0.00724389 0)
(0.705192 -0.00751415 0)
(0.701353 -0.00775752 0)
(0.697406 -0.00797996 0)
(0.693351 -0.00818659 0)
(0.689191 -0.008382 0)
(0.684926 -0.0085705 0)
(0.680556 -0.00875609 0)
(0.676079 -0.00894245 0)
(0.671492 -0.00913295 0)
(0.666792 -0.00933071 0)
(0.661973 -0.00953859 0)
(0.65703 -0.00975923 0)
(0.651955 -0.00999501 0)
(0.646739 -0.010248 0)
(0.641372 -0.0105201 0)
(0.635845 -0.0108128 0)
(0.630146 -0.0111273 0)
(0.624263 -0.0114648 0)
(0.618181 -0.0118264 0)
(0.611887 -0.012213 0)
(0.605366 -0.0126256 0)
(0.598601 -0.0130653 0)
(0.591574 -0.0135331 0)
(0.584266 -0.0140299 0)
(0.576657 -0.0145562 0)
(0.568723 -0.0151123 0)
(0.560442 -0.0156978 0)
(0.494657 -0.00112503 0)
(0.492452 -0.00160986 0)
(0.490041 -0.00203794 0)
(0.487438 -0.0024067 0)
(0.484656 -0.00272075 0)
(0.481708 -0.00298756 0)
(0.478606 -0.00321403 0)
(0.475362 -0.003406 0)
(0.471985 -0.00356911 0)
(0.468485 -0.00370882 0)
(0.46487 -0.00383 0)
(0.461147 -0.00393681 0)
(0.45732 -0.0040329 0)
(0.453394 -0.00412159 0)
(0.449372 -0.00420584 0)
(0.445253 -0.00428827 0)
(0.441038 -0.00437122 0)
(0.436726 -0.00445679 0)
(0.432312 -0.00454682 0)
(0.427792 -0.00464295 0)
(0.42316 -0.00474655 0)
(0.418411 -0.00485871 0)
(0.413535 -0.00498028 0)
(0.408523 -0.00511188 0)
(0.403368 -0.00525394 0)
(0.398057 -0.00540673 0)
(0.392579 -0.00557043 0)
(0.386924 -0.00574518 0)
(0.381079 -0.00593102 0)
(0.37503 -0.00612798 0)
(0.368764 -0.006336 0)
(0.362266 -0.00655487 0)
(0.355522 -0.00678421 0)
(0.348516 -0.0070233 0)
(0.341232 -0.00727105 0)
(0.20816 -5.72639e-05 0)
(0.207452 -0.000256199 0)
(0.206424 -0.000412454 0)
(0.205125 -0.000529776 0)
(0.203604 -0.000614914 0)
(0.201901 -0.000675049 0)
(0.200051 -0.000716016 0)
(0.198081 -0.000742284 0)
(0.196013 -0.000757595 0)
(0.193867 -0.000765221 0)
(0.191656 -0.000767819 0)
(0.189389 -0.000767445 0)
(0.187076 -0.000765669 0)
(0.18472 -0.000763735 0)
(0.182325 -0.000762586 0)
(0.179891 -0.000762962 0)
(0.177419 -0.000765421 0)
(0.174906 -0.000770405 0)
(0.172349 -0.000778212 0)
(0.169745 -0.000789004 0)
(0.167088 -0.000802793 0)
(0.164374 -0.000819484 0)
(0.161597 -0.000838897 0)
(0.158752 -0.000860831 0)
(0.155831 -0.000885059 0)
(0.15283 -0.000911376 0)
(0.149742 -0.000939556 0)
(0.146562 -0.000969394 0)
(0.143283 -0.00100065 0)
(0.139901 -0.00103308 0)
(0.136409 -0.0010664 0)
(0.132802 -0.00110031 0)
(0.129076 -0.00113441 0)
(0.125226 -0.00116825 0)
(0.121249 -0.00120129 0)
(-0.0305289 0.000319816 0)
(-0.031672 0.000348372 0)
(-0.0328359 0.00036941 0)
(-0.0339919 0.000380685 0)
(-0.0351126 0.000380793 0)
(-0.0361777 0.00036889 0)
(-0.0371785 0.000345156 0)
(-0.0381213 0.000311533 0)
(-0.0390292 0.000272824 0)
(-0.0399416 0.000236929 0)
(-0.0649413 0.00200284 0)
(-0.0669943 0.00204826 0)
(-0.0690384 0.00205163 0)
(-0.0710415 0.00201325 0)
(-0.0729813 0.00194157 0)
(-0.0748513 0.00185288 0)
(-0.0766643 0.00176982 0)
(-0.0784548 0.00171871 0)
(-0.0802764 0.00172607 0)
(-0.0821978 0.00181458 0)
(-0.0854796 0.00432399 0)
(-0.0876837 0.0043674 0)
(-0.0898416 0.00433305 0)
(-0.0919259 0.00422873 0)
(-0.0939208 0.004077 0)
(-0.0958256 0.00391351 0)
(-0.0976572 0.00378329 0)
(-0.0994493 0.00373508 0)
(-0.10125 0.00381383 0)
(-0.103114 0.00405327 0)
(-0.0892682 0.00645223 0)
(-0.0908583 0.00644431 0)
(-0.0923614 0.00632401 0)
(-0.0937496 0.00610774 0)
(-0.0950017 0.00583221 0)
(-0.0961057 0.00555106 0)
(-0.0970603 0.00532757 0)
(-0.0978757 0.00522576 0)
(-0.0985705 0.00529968 0)
(-0.0991684 0.00558261 0)
(-0.0746975 0.00759504 0)
(-0.0750069 0.00747694 0)
(-0.075188 0.00721441 0)
(-0.0752122 0.00682941 0)
(-0.0750509 0.00636779 0)
(-0.0746777 0.00589298 0)
(-0.0740692 0.00547695 0)
(-0.0732048 0.00518953 0)
(-0.0720672 0.00508624 0)
(-0.0706421 0.00519531 0)
(-0.0414196 0.00709847 0)
(-0.0399155 0.00683794 0)
(-0.0382352 0.00642076 0)
(-0.0363647 0.00586635 0)
(-0.0342896 0.00521656 0)
(-0.0319923 0.00452809 0)
(-0.0294494 0.00386287 0)
(-0.0266287 0.00328061 0)
(-0.0234872 0.00282921 0)
(-0.01997 0.00253384 0)
(0.0111721 0.00461127 0)
(0.0148329 0.00418856 0)
(0.0186953 0.00361789 0)
(0.0227442 0.00290859 0)
(0.0269644 0.00208658 0)
(0.031376 0.00119059 0)
(0.0360235 0.000264685 0)
(0.0409722 -0.000648028 0)
(0.0463103 -0.00151389 0)
(0.0521427 -0.00231776 0)
(0.0865569 3.98217e-05 0)
(0.0922236 -0.000624169 0)
(0.0981531 -0.00141515 0)
(0.104343 -0.00233348 0)
(0.110805 -0.00336955 0)
(0.117561 -0.00450744 0)
(0.124652 -0.00572697 0)
(0.132135 -0.00700766 0)
(0.140082 -0.00833487 0)
(0.148578 -0.0097059 0)
(0.191641 -0.00650364 0)
(0.19929 -0.0074802 0)
(0.207258 -0.00858624 0)
(0.215554 -0.00982845 0)
(0.224192 -0.0112069 0)
(0.233196 -0.0127164 0)
(0.2426 -0.0143492 0)
(0.252449 -0.0160974 0)
(0.262797 -0.0179578 0)
(0.273705 -0.0199349 0)
(0.333387 -0.0149357 0)
(0.342351 -0.0162349 0)
(0.351629 -0.0176778 0)
(0.361236 -0.0192733 0)
(0.371189 -0.0210259 0)
(0.381508 -0.0229367 0)
(0.392217 -0.025005 0)
(0.403346 -0.02723 0)
(0.41493 -0.029614 0)
(0.427005 -0.0321646 0)
(0.506075 -0.0241171 0)
(0.514759 -0.0257007 0)
(0.523704 -0.0274425 0)
(0.532919 -0.0293519 0)
(0.542415 -0.0314344 0)
(0.5522 -0.0336933 0)
(0.562287 -0.0361301 0)
(0.572688 -0.0387467 0)
(0.583415 -0.0415464 0)
(0.594482 -0.0445364 0)
(0.683522 -0.0319852 0)
(0.690069 -0.0337894 0)
(0.696793 -0.0357579 0)
(0.70369 -0.0378984 0)
(0.71076 -0.0402159 0)
(0.717997 -0.0427132 0)
(0.725399 -0.0453919 0)
(0.732959 -0.0482532 0)
(0.740671 -0.0512993 0)
(0.748526 -0.0545347 0)
(0.828435 -0.0369616 0)
(0.831795 -0.0388926 0)
(0.835208 -0.0409819 0)
(0.838665 -0.0432353 0)
(0.842149 -0.0456561 0)
(0.845646 -0.0482455 0)
(0.849137 -0.0510036 0)
(0.852601 -0.0539297 0)
(0.856018 -0.0570233 0)
(0.859359 -0.0602848 0)
(0.913044 -0.0386077 0)
(0.913027 -0.0405297 0)
(0.912916 -0.0425943 0)
(0.912691 -0.0448048 0)
(0.912328 -0.0471622 0)
(0.9118 -0.0496654 0)
(0.911078 -0.0523122 0)
(0.910132 -0.0550991 0)
(0.908927 -0.0580222 0)
(0.907425 -0.0610776 0)
(0.926216 -0.0369956 0)
(0.922978 -0.0387593 0)
(0.919499 -0.0406413 0)
(0.915751 -0.0426421 0)
(0.911701 -0.0447602 0)
(0.907317 -0.0469921 0)
(0.90256 -0.0493328 0)
(0.897393 -0.051776 0)
(0.891775 -0.0543144 0)
(0.885659 -0.0569401 0)
(0.866331 -0.0323501 0)
(0.86023 -0.0338186 0)
(0.853766 -0.0353744 0)
(0.846906 -0.0370154 0)
(0.839614 -0.0387377 0)
(0.831852 -0.0405359 0)
(0.823582 -0.0424024 0)
(0.814762 -0.0443289 0)
(0.80535 -0.0463054 0)
(0.795302 -0.048321 0)
(0.737454 -0.0251461 0)
(0.729216 -0.0262187 0)
(0.720546 -0.0273447 0)
(0.711411 -0.0285206 0)
(0.701777 -0.0297407 0)
(0.691609 -0.0309981 0)
(0.680872 -0.0322846 0)
(0.66953 -0.0335905 0)
(0.65755 -0.0349052 0)
(0.644896 -0.0362168 0)
(0.55179 -0.0163114 0)
(0.542739 -0.016951 0)
(0.533266 -0.0176133 0)
(0.523342 -0.0182939 0)
(0.512944 -0.0189874 0)
(0.502047 -0.019687 0)
(0.490627 -0.0203852 0)
(0.478665 -0.0210737 0)
(0.466142 -0.0217433 0)
(0.453043 -0.0223846 0)
(0.333655 -0.00752586 0)
(0.32577 -0.0077856 0)
(0.317562 -0.00804753 0)
(0.30902 -0.00830834 0)
(0.300132 -0.00856418 0)
(0.290891 -0.00881075 0)
(0.281293 -0.00904343 0)
(0.271337 -0.00925739 0)
(0.261027 -0.00944775 0)
(0.250371 -0.00960969 0)
(0.117143 -0.00123286 0)
(0.112905 -0.00126221 0)
(0.108536 -0.0012885 0)
(0.104039 -0.00131088 0)
(0.0994179 -0.00132845 0)
(0.09468 -0.0013404 0)
(0.0898345 -0.00134602 0)
(0.0848934 -0.00134475 0)
(0.0798712 -0.0013362 0)
(0.0747847 -0.0013202 0)
(-0.0409118 0.000214253 0)
(-0.0420018 0.000215379 0)
(-0.0432746 0.000247802 0)
(-0.044785 0.000313286 0)
(-0.0465703 0.000407303 0)
(-0.0486448 0.000521101 0)
(-0.0509989 0.000645007 0)
(-0.0536043 0.00077134 0)
(-0.0564239 0.000895343 0)
(-0.0594273 0.00101513 0)
(-0.0626062 0.0011322 0)
(-0.065987 0.00125395 0)
(-0.0696325 0.00139498 0)
(-0.0736302 0.00157615 0)
(-0.0780695 0.0018211 0)
(-0.0830136 0.00214823 0)
(-0.0884697 0.00255933 0)
(-0.0943652 0.00302823 0)
(-0.100534 0.00349549 0)
(-0.106715 0.00387261 0)
(-0.112561 0.00405778 0)
(-0.117668 0.00396117 0)
(-0.121611 0.00353903 0)
(-0.123968 0.00282862 0)
(-0.124317 0.00193893 0)
(-0.122445 0.000977204 0)
(-0.118439 -5.16096e-06 0)
(-0.112247 -0.000992904 0)
(-0.103894 -0.00196978 0)
(-0.0934157 -0.002922 0)
(-0.0808823 -0.00384043 0)
(-0.0664037 -0.00473258 0)
(-0.0501376 -0.00561938 0)
(-0.0323032 -0.0064912 0)
(-0.0132045 -0.0073132 0)
(-0.0842952 0.00199931 0)
(-0.0866422 0.00228399 0)
(-0.089298 0.00265888 0)
(-0.0922972 0.00310055 0)
(-0.0956424 0.00357623 0)
(-0.0993036 0.00405012 0)
(-0.103226 0.00449201 0)
(-0.107343 0.0048842 0)
(-0.11159 0.00522755 0)
(-0.11592 0.00554417 0)
(-0.120307 0.00587428 0)
(-0.124744 0.00626532 0)
(-0.129225 0.00675284 0)
(-0.133725 0.0073434 0)
(-0.138169 0.00800005 0)
(-0.142418 0.00863538 0)
(-0.146257 0.00911789 0)
(-0.149396 0.00929271 0)
(-0.151495 0.00900915 0)
(-0.152195 0.00815149 0)
(-0.151149 0.00666472 0)
(-0.148049 0.00456841 0)
(-0.142687 0.00194959 0)
(-0.1352 -0.00106673 0)
(-0.125684 -0.00433502 0)
(-0.114159 -0.00769641 0)
(-0.100449 -0.0110496 0)
(-0.0846423 -0.014353 0)
(-0.0668099 -0.0175899 0)
(-0.047032 -0.0207274 0)
(-0.0254387 -0.0237199 0)
(-0.00226521 -0.0265077 0)
(0.0223232 -0.0290295 0)
(0.0483308 -0.0312858 0)
(0.0756207 -0.0333162 0)
(-0.105098 0.00446823 0)
(-0.107246 0.00504938 0)
(-0.109583 0.00576048 0)
(-0.112098 0.0065417 0)
(-0.114748 0.00731917 0)
(-0.117455 0.00801988 0)
(-0.120118 0.00858706 0)
(-0.122628 0.00899132 0)
(-0.124874 0.00923791 0)
(-0.126755 0.00936636 0)
(-0.128181 0.00944004 0)
(-0.129074 0.00952022 0)
(-0.129356 0.00963349 0)
(-0.128934 0.00974908 0)
(-0.127688 0.00977107 0)
(-0.125459 0.00954137 0)
(-0.122051 0.00887014 0)
(-0.117248 0.00758152 0)
(-0.110837 0.00556139 0)
(-0.102651 0.00279538 0)
(-0.0927283 -0.000647947 0)
(-0.0811117 -0.00466493 0)
(-0.0679616 -0.00911552 0)
(-0.0531135 -0.0138813 0)
(-0.0365454 -0.0188749 0)
(-0.0182311 -0.0240128 0)
(0.0017182 -0.0291807 0)
(0.0231378 -0.0342744 0)
(0.0460521 -0.0392387 0)
(0.0704582 -0.0440116 0)
(0.0962517 -0.0485175 0)
(0.123305 -0.0526815 0)
(0.151468 -0.0564253 0)
(0.180561 -0.0597126 0)
(0.210392 -0.0625523 0)
(-0.0996916 0.00607763 0)
(-0.100153 0.00675199 0)
(-0.100547 0.00753642 0)
(-0.100839 0.0083327 0)
(-0.100958 0.00902936 0)
(-0.100807 0.0095254 0)
(-0.100268 0.00975098 0)
(-0.0992195 0.0096789 0)
(-0.0975352 0.00932903 0)
(-0.0950906 0.00876422 0)
(-0.0917713 0.00807089 0)
(-0.0874845 0.00731688 0)
(-0.0821591 0.00650916 0)
(-0.0757373 0.00559381 0)
(-0.0681724 0.00445602 0)
(-0.0593913 0.0029299 0)
(-0.0493106 0.000845415 0)
(-0.0378499 -0.00192487 0)
(-0.0249584 -0.00542914 0)
(-0.0106778 -0.00962224 0)
(0.00513137 -0.0144528 0)
(0.022361 -0.0198506 0)
(0.0408721 -0.0257317 0)
(0.0607198 -0.0319918 0)
(0.0819139 -0.0385017 0)
(0.104445 -0.045124 0)
(0.128308 -0.0517444 0)
(0.153469 -0.0582718 0)
(0.179839 -0.0646016 0)
(0.207284 -0.070624 0)
(0.23565 -0.0762328 0)
(0.264767 -0.0813371 0)
(0.294451 -0.0858684 0)
(0.324506 -0.089783 0)
(0.35474 -0.0930653 0)
(-0.0689165 0.00550818 0)
(-0.0668767 0.0059734 0)
(-0.0645042 0.00649908 0)
(-0.0617627 0.0069621 0)
(-0.0585809 0.00722744 0)
(-0.0548507 0.0071842 0)
(-0.0504647 0.00677156 0)
(-0.0453289 0.00597598 0)
(-0.0393584 0.00482479 0)
(-0.0324842 0.00338551 0)
(-0.024658 0.00174428 0)
(-0.0158396 -3.44503e-05 0)
(-0.00596891 -0.00194218 0)
(0.00495549 -0.00402391 0)
(0.0170131 -0.00638874 0)
(0.030431 -0.00918851 0)
(0.045265 -0.0125648 0)
(0.0615103 -0.0166185 0)
(0.0791197 -0.0213892 0)
(0.0980358 -0.0268692 0)
(0.118217 -0.0330212 0)
(0.139629 -0.0397667 0)
(0.162251 -0.046983 0)
(0.186061 -0.0545479 0)
(0.211008 -0.0623338 0)
(0.237018 -0.0701992 0)
(0.263998 -0.0779995 0)
(0.291827 -0.0855943 0)
(0.320348 -0.0928459 0)
(0.349372 -0.0996211 0)
(0.378697 -0.105797 0)
(0.408113 -0.111272 0)
(0.437409 -0.115971 0)
(0.466382 -0.11985 0)
(0.494842 -0.122901 0)
(-0.016011 0.00238724 0)
(-0.0115331 0.00234151 0)
(-0.00646397 0.00230806 0)
(-0.000697213 0.00216431 0)
(0.00590306 0.0017801 0)
(0.0133495 0.00105784 0)
(0.0215812 -5.59872e-05 0)
(0.0305842 -0.00158319 0)
(0.0403496 -0.003509 0)
(0.0508882 -0.00578271 0)
(0.06226 -0.00833828 0)
(0.074588 -0.0111215 0)
(0.088023 -0.0141191 0)
(0.102717 -0.0174009 0)
(0.118763 -0.0210926 0)
(0.136197 -0.0253048 0)
(0.155019 -0.0301203 0)
(0.175201 -0.0355949 0)
(0.196688 -0.0417464 0)
(0.21941 -0.0485532 0)
(0.243292 -0.0559603 0)
(0.268248 -0.0638798 0)
(0.294178 -0.0721981 0)
(0.320962 -0.0807837 0)
(0.34846 -0.0894879 0)
(0.376511 -0.0981458 0)
(0.404932 -0.106586 0)
(0.43352 -0.114642 0)
(0.462059 -0.122151 0)
(0.490319 -0.128968 0)
(0.518076 -0.134965 0)
(0.545111 -0.140041 0)
(0.571225 -0.144131 0)
(0.59624 -0.14721 0)
(0.620004 -0.149294 0)
(0.0585822 -0.00307185 0)
(0.0657353 -0.00381969 0)
(0.0736861 -0.00463864 0)
(0.0824826 -0.0056278 0)
(0.092131 -0.00687366 0)
(0.102626 -0.00843661 0)
(0.113967 -0.0103621 0)
(0.126159 -0.0126811 0)
(0.139213 -0.0154021 0)
(0.15316 -0.0185142 0)
(0.168058 -0.0219991 0)
(0.18399 -0.0258441 0)
(0.201051 -0.030057 0)
(0.21933 -0.0346742 0)
(0.238884 -0.0397538 0)
(0.259725 -0.045356 0)
(0.281822 -0.051528 0)
(0.305108 -0.0582961 0)
(0.329484 -0.0656563 0)
(0.354821 -0.07357 0)
(0.380972 -0.081965 0)
(0.407768 -0.0907379 0)
(0.43502 -0.0997575 0)
(0.462524 -0.10887 0)
(0.490058 -0.117903 0)
(0.517391 -0.126675 0)
(0.544281 -0.135003 0)
(0.570488 -0.142708 0)
(0.595777 -0.149629 0)
(0.619925 -0.155623 0)
(0.642725 -0.160577 0)
(0.664002 -0.164414 0)
(0.683607 -0.167095 0)
(0.701427 -0.168626 0)
(0.717384 -0.169055 0)
(0.157714 -0.0111347 0)
(0.167575 -0.012654 0)
(0.178235 -0.0143154 0)
(0.189749 -0.0161833 0)
(0.202148 -0.0183228 0)
(0.215443 -0.0207906 0)
(0.229644 -0.0236322 0)
(0.244754 -0.0268803 0)
(0.260781 -0.0305522 0)
(0.277737 -0.0346514 0)
(0.295645 -0.039174 0)
(0.314534 -0.0441156 0)
(0.334432 -0.0494796 0)
(0.355355 -0.0552814 0)
(0.377289 -0.0615461 0)
(0.400182 -0.0682967 0)
(0.423946 -0.0755431 0)
(0.448455 -0.0832751 0)
(0.473548 -0.0914564 0)
(0.499036 -0.10002 0)
(0.524708 -0.10887 0)
(0.550332 -0.11788 0)
(0.575664 -0.126903 0)
(0.600449 -0.135771 0)
(0.624433 -0.144305 0)
(0.647363 -0.152323 0)
(0.668996 -0.159645 0)
(0.689107 -0.166107 0)
(0.707494 -0.171564 0)
(0.723984 -0.175899 0)
(0.738438 -0.179031 0)
(0.750754 -0.180916 0)
(0.760868 -0.181554 0)
(0.768758 -0.180986 0)
(0.774435 -0.179296 0)
(0.285237 -0.0220443 0)
(0.297456 -0.0243141 0)
(0.310414 -0.0267844 0)
(0.324153 -0.0295036 0)
(0.338697 -0.0325215 0)
(0.354056 -0.0358828 0)
(0.370229 -0.0396244 0)
(0.387207 -0.0437732 0)
(0.404973 -0.0483446 0)
(0.423506 -0.0533428 0)
(0.442781 -0.0587638 0)
(0.462768 -0.0645997 0)
(0.483427 -0.0708425 0)
(0.504699 -0.0774862 0)
(0.526501 -0.0845247 0)
(0.548718 -0.0919456 0)
(0.571203 -0.0997231 0)
(0.59378 -0.107813 0)
(0.616245 -0.11615 0)
(0.63837 -0.124643 0)
(0.659913 -0.133176 0)
(0.680622 -0.141613 0)
(0.700243 -0.1498 0)
(0.718523 -0.157571 0)
(0.735223 -0.164755 0)
(0.750122 -0.171184 0)
(0.763021 -0.176702 0)
(0.773755 -0.18117 0)
(0.782191 -0.184477 0)
(0.788239 -0.186544 0)
(0.791849 -0.187328 0)
(0.793015 -0.18683 0)
(0.791773 -0.185087 0)
(0.7882 -0.182182 0)
(0.782406 -0.178231 0)
(0.439608 -0.0348966 0)
(0.452772 -0.0378332 0)
(0.466522 -0.0410049 0)
(0.480872 -0.0444467 0)
(0.495823 -0.0481945 0)
(0.511362 -0.0522804 0)
(0.527463 -0.0567297 0)
(0.544087 -0.0615589 0)
(0.561187 -0.0667745 0)
(0.578701 -0.0723725 0)
(0.596562 -0.0783399 0)
(0.614688 -0.0846575 0)
(0.632986 -0.0913012 0)
(0.651346 -0.0982437 0)
(0.669636 -0.105453 0)
(0.6877 -0.112887 0)
(0.70536 -0.120496 0)
(0.722417 -0.128209 0)
(0.738654 -0.135942 0)
(0.753841 -0.143589 0)
(0.767743 -0.151029 0)
(0.780127 -0.158123 0)
(0.790768 -0.164725 0)
(0.799456 -0.170682 0)
(0.806002 -0.175844 0)
(0.810249 -0.180071 0)
(0.812073 -0.183237 0)
(0.81139 -0.185244 0)
(0.80816 -0.186022 0)
(0.802389 -0.185536 0)
(0.79413 -0.183789 0)
(0.78348 -0.180824 0)
(0.770582 -0.176723 0)
(0.755613 -0.171602 0)
(0.73878 -0.165609 0)
(0.605898 -0.0477286 0)
(0.617667 -0.0511397 0)
(0.629787 -0.0547909 0)
(0.642242 -0.0587052 0)
(0.655006 -0.0629053 0)
(0.668041 -0.0674099 0)
(0.681292 -0.0722313 0)
(0.694695 -0.0773734 0)
(0.708171 -0.0828307 0)
(0.72163 -0.0885877 0)
(0.734973 -0.09462 0)
(0.748089 -0.100895 0)
(0.760852 -0.107375 0)
(0.773126 -0.114015 0)
(0.784757 -0.120763 0)
(0.795577 -0.12756 0)
(0.805404 -0.134335 0)
(0.814042 -0.141008 0)
(0.82129 -0.147482 0)
(0.826944 -0.153648 0)
(0.830804 -0.159388 0)
(0.832681 -0.164573 0)
(0.832406 -0.169072 0)
(0.829832 -0.172758 0)
(0.824847 -0.175511 0)
(0.817374 -0.177225 0)
(0.807381 -0.177819 0)
(0.794883 -0.177239 0)
(0.779943 -0.175461 0)
(0.762674 -0.1725 0)
(0.743237 -0.168407 0)
(0.72184 -0.163268 0)
(0.698724 -0.157203 0)
(0.674161 -0.15036 0)
(0.648443 -0.142906 0)
(0.756509 -0.0579663 0)
(0.764602 -0.061604 0)
(0.772777 -0.0654594 0)
(0.780996 -0.0695448 0)
(0.789211 -0.0738703 0)
(0.79736 -0.0784418 0)
(0.805371 -0.0832592 0)
(0.813158 -0.088314 0)
(0.820626 -0.0935889 0)
(0.827668 -0.0990577 0)
(0.834169 -0.104685 0)
(0.840003 -0.110428 0)
(0.845035 -0.116237 0)
(0.849123 -0.122054 0)
(0.852114 -0.127817 0)
(0.853846 -0.133455 0)
(0.854154 -0.13889 0)
(0.852868 -0.144034 0)
(0.849822 -0.148791 0)
(0.844856 -0.153059 0)
(0.837825 -0.15673 0)
(0.828606 -0.159697 0)
(0.817101 -0.161855 0)
(0.803249 -0.163108 0)
(0.787029 -0.163377 0)
(0.768466 -0.1626 0)
(0.747632 -0.160744 0)
(0.724655 -0.157806 0)
(0.69971 -0.153814 0)
(0.673021 -0.148831 0)
(0.644856 -0.142953 0)
(0.615517 -0.136304 0)
(0.585328 -0.129032 0)
(0.554629 -0.121302 0)
(0.523754 -0.113288 0)
(0.862595 -0.0637158 0)
(0.865687 -0.0673191 0)
(0.868592 -0.0710976 0)
(0.871256 -0.0750532 0)
(0.873614 -0.0791852 0)
(0.875593 -0.0834881 0)
(0.877108 -0.0879506 0)
(0.878065 -0.0925537 0)
(0.878361 -0.0972703 0)
(0.877884 -0.102065 0)
(0.876518 -0.106894 0)
(0.874137 -0.111708 0)
(0.870614 -0.116449 0)
(0.865816 -0.121053 0)
(0.859609 -0.125452 0)
(0.851857 -0.129574 0)
(0.84243 -0.133338 0)
(0.831204 -0.136664 0)
(0.818066 -0.139463 0)
(0.802922 -0.141651 0)
(0.785704 -0.143143 0)
(0.766373 -0.143859 0)
(0.744928 -0.143731 0)
(0.721411 -0.142705 0)
(0.695911 -0.140749 0)
(0.668567 -0.137852 0)
(0.639569 -0.134034 0)
(0.609154 -0.12934 0)
(0.577602 -0.123849 0)
(0.545232 -0.117665 0)
(0.512384 -0.110914 0)
(0.479416 -0.103744 0)
(0.446681 -0.0963098 0)
(0.414519 -0.0887707 0)
(0.383241 -0.0812802 0)
(0.905583 -0.0642614 0)
(0.903353 -0.0675696 0)
(0.900679 -0.0709971 0)
(0.897499 -0.0745373 0)
(0.893743 -0.0781799 0)
(0.889331 -0.0819105 0)
(0.884177 -0.0857085 0)
(0.878189 -0.0895471 0)
(0.871266 -0.0933921 0)
(0.863307 -0.0972024 0)
(0.854205 -0.10093 0)
(0.843855 -0.104521 0)
(0.832151 -0.107918 0)
(0.818991 -0.111056 0)
(0.804279 -0.113871 0)
(0.787928 -0.116295 0)
(0.769865 -0.11826 0)
(0.750033 -0.119698 0)
(0.728399 -0.120543 0)
(0.704958 -0.120736 0)
(0.679738 -0.120225 0)
(0.652807 -0.11897 0)
(0.624276 -0.116946 0)
(0.594299 -0.114147 0)
(0.563079 -0.11059 0)
(0.53086 -0.106314 0)
(0.497928 -0.101385 0)
(0.4646 -0.095889 0)
(0.431215 -0.0899356 0)
(0.398121 -0.083649 0)
(0.365662 -0.0771636 0)
(0.334164 -0.0706169 0)
(0.30392 -0.0641423 0)
(0.275177 -0.0578614 0)
(0.248129 -0.0518787 0)
(0.878998 -0.0596442 0)
(0.871739 -0.0624173 0)
(0.863823 -0.0652479 0)
(0.855188 -0.0681226 0)
(0.845766 -0.0710245 0)
(0.835483 -0.0739327 0)
(0.824264 -0.0768213 0)
(0.812028 -0.079659 0)
(0.798697 -0.0824089 0)
(0.784191 -0.0850289 0)
(0.768434 -0.0874722 0)
(0.751358 -0.0896885 0)
(0.7329 -0.0916249 0)
(0.713013 -0.0932277 0)
(0.69166 -0.0944432 0)
(0.668827 -0.0952201 0)
(0.644519 -0.0955102 0)
(0.618768 -0.0952711 0)
(0.591638 -0.094468 0)
(0.563226 -0.0930758 0)
(0.533666 -0.0910822 0)
(0.503128 -0.0884895 0)
(0.471822 -0.085317 0)
(0.439994 -0.0816022 0)
(0.40792 -0.0774015 0)
(0.375899 -0.0727888 0)
(0.344244 -0.0678541 0)
(0.313268 -0.062699 0)
(0.283275 -0.0574325 0)
(0.254544 -0.0521647 0)
(0.227314 -0.0470014 0)
(0.201778 -0.0420373 0)
(0.178075 -0.0373517 0)
(0.156281 -0.0330042 0)
(0.136416 -0.0290331 0)
(0.784571 -0.0503638 0)
(0.773109 -0.0524204 0)
(0.760866 -0.0544761 0)
(0.747789 -0.0565135 0)
(0.733826 -0.058513 0)
(0.718923 -0.0604513 0)
(0.703027 -0.0623019 0)
(0.686089 -0.0640343 0)
(0.668066 -0.0656148 0)
(0.648919 -0.0670067 0)
(0.628624 -0.0681715 0)
(0.607166 -0.0690698 0)
(0.584547 -0.0696629 0)
(0.560789 -0.0699145 0)
(0.535934 -0.0697919 0)
(0.510049 -0.069268 0)
(0.483228 -0.0683227 0)
(0.455591 -0.0669447 0)
(0.427288 -0.0651327 0)
(0.398501 -0.062897 0)
(0.369434 -0.0602604 0)
(0.340319 -0.0572589 0)
(0.311404 -0.0539412 0)
(0.282948 -0.0503679 0)
(0.255215 -0.0466096 0)
(0.228455 -0.0427435 0)
(0.202903 -0.0388495 0)
(0.178761 -0.0350062 0)
(0.15619 -0.0312862 0)
(0.135307 -0.0277521 0)
(0.116174 -0.0244534 0)
(0.0988055 -0.0214248 0)
(0.0831685 -0.0186851 0)
(0.0691898 -0.0162381 0)
(0.0567639 -0.0140735 0)
(0.631536 -0.0375128 0)
(0.617436 -0.0387793 0)
(0.602567 -0.0400014 0)
(0.586899 -0.0411625 0)
(0.570407 -0.0422444 0)
(0.553072 -0.0432272 0)
(0.53488 -0.044089 0)
(0.515825 -0.0448067 0)
(0.495912 -0.0453558 0)
(0.47516 -0.0457119 0)
(0.453602 -0.0458513 0)
(0.431287 -0.0457522 0)
(0.408285 -0.0453961 0)
(0.384685 -0.0447692 0)
(0.360596 -0.0438633 0)
(0.33615 -0.0426771 0)
(0.311498 -0.0412173 0)
(0.286807 -0.0394984 0)
(0.262262 -0.0375434 0)
(0.238057 -0.0353832 0)
(0.214392 -0.0330564 0)
(0.191462 -0.0306074 0)
(0.169456 -0.028085 0)
(0.148544 -0.0255397 0)
(0.128868 -0.0230212 0)
(0.110542 -0.0205758 0)
(0.0936417 -0.0182428 0)
(0.0782036 -0.0160536 0)
(0.0642264 -0.0140305 0)
(0.0516736 -0.012186 0)
(0.04048 -0.0105255 0)
(0.0305612 -0.00904875 0)
(0.0218196 -0.00774968 0)
(0.0141471 -0.00661569 0)
(0.00743166 -0.00562658 0)
(0.439358 -0.0229874 0)
(0.425081 -0.0235412 0)
(0.410208 -0.024035 0)
(0.394746 -0.0244577 0)
(0.378705 -0.0247974 0)
(0.362105 -0.0250423 0)
(0.344975 -0.0251804 0)
(0.327355 -0.0252004 0)
(0.309298 -0.0250916 0)
(0.290867 -0.0248451 0)
(0.272142 -0.0244541 0)
(0.253215 -0.0239148 0)
(0.23419 -0.0232275 0)
(0.215184 -0.0223961 0)
(0.196324 -0.0214295 0)
(0.177742 -0.0203409 0)
(0.159575 -0.0191483 0)
(0.141957 -0.0178733 0)
(0.125018 -0.0165396 0)
(0.108876 -0.0151722 0)
(0.0936325 -0.0137966 0)
(0.0793703 -0.0124369 0)
(0.066148 -0.011115 0)
(0.0539988 -0.00984797 0)
(0.0429305 -0.00865024 0)
(0.0329316 -0.00753361 0)
(0.0239711 -0.00650607 0)
(0.0159992 -0.00557217 0)
(0.00895498 -0.00473313 0)
(0.00276801 -0.00398755 0)
(-0.00263375 -0.00333315 0)
(-0.00732574 -0.0027673 0)
(-0.0113873 -0.00228373 0)
(-0.0148934 -0.00187086 0)
(-0.0179137 -0.00151198 0)
(0.239384 -0.00973857 0)
(0.228085 -0.00983 0)
(0.216499 -0.00987993 0)
(0.204657 -0.00988469 0)
(0.192597 -0.00984111 0)
(0.180363 -0.00974662 0)
(0.168006 -0.0095994 0)
(0.155586 -0.00939851 0)
(0.143165 -0.00914417 0)
(0.130815 -0.00883783 0)
(0.118609 -0.00848232 0)
(0.106624 -0.00808189 0)
(0.0949373 -0.00764206 0)
(0.0836255 -0.00716949 0)
(0.0727594 -0.00667156 0)
(0.062403 -0.00615588 0)
(0.0526106 -0.00562969 0)
(0.0434272 -0.00510073 0)
(0.0348885 -0.00457752 0)
(0.0270155 -0.00406808 0)
(0.0198147 -0.00357894 0)
(0.0132829 -0.00311491 0)
(0.00740741 -0.0026792 0)
(0.00216458 -0.00227379 0)
(-0.00247232 -0.00190118 0)
(-0.00653673 -0.00156447 0)
(-0.0100739 -0.00126459 0)
(-0.0131292 -0.00100136 0)
(-0.0157481 -0.00077374 0)
(-0.017977 -0.000580146 0)
(-0.0198604 -0.000417677 0)
(-0.0214402 -0.000284343 0)
(-0.022758 -0.000177297 0)
(-0.0238523 -9.01274e-05 0)
(-0.0247538 -1.39227e-05 0)
(0.0696529 -0.00129675 0)
(0.0644967 -0.00126606 0)
(0.0593387 -0.0012285 0)
(0.0542027 -0.00118461 0)
(0.0491135 -0.00113502 0)
(0.0440966 -0.00108054 0)
(0.0391777 -0.00102197 0)
(0.0343821 -0.000960263 0)
(0.0297345 -0.000896223 0)
(0.025258 -0.000830691 0)
(0.0209744 -0.000764267 0)
(0.0169029 -0.000697468 0)
(0.0130604 -0.0006305 0)
(0.00946091 -0.000563524 0)
(0.00611548 -0.000496347 0)
(0.00303214 -0.000428247 0)
(0.000214575 -0.000358085 0)
(-0.00233672 -0.000286933 0)
(-0.00462405 -0.000217996 0)
(-0.00665435 -0.000153848 0)
(-0.00843734 -9.58187e-05 0)
(-0.00998477 -4.46205e-05 0)
(-0.0113111 -5.67925e-07 0)
(-0.0124333 3.60431e-05 0)
(-0.0133674 6.56202e-05 0)
(-0.014128 8.87287e-05 0)
(-0.0147328 0.000106299 0)
(-0.0152012 0.000119269 0)
(-0.0155517 0.000128209 0)
(-0.0158017 0.000133607 0)
(-0.0159671 0.000136212 0)
(-0.0160627 0.000136213 0)
(-0.0161027 0.000133732 0)
(-0.0160991 0.000129733 0)
(-0.01606 0.000125868 0)
(0.00694713 -0.00795474 0)
(0.0282277 -0.00834977 0)
(0.0505566 -0.00864658 0)
(0.0736967 -0.00891545 0)
(0.0974298 -0.00915492 0)
(0.121876 -0.0094418 0)
(0.146375 -0.00960143 0)
(0.173226 -0.0103082 0)
(0.194408 -0.0096144 0)
(0.235656 -0.013095 0)
(0.103948 -0.035071 0)
(0.133113 -0.0364912 0)
(0.162948 -0.0376435 0)
(0.193346 -0.0386202 0)
(0.22413 -0.0394762 0)
(0.255506 -0.0403276 0)
(0.286598 -0.0411271 0)
(0.32048 -0.0424827 0)
(0.346831 -0.0428424 0)
(0.398299 -0.048394 0)
(0.240771 -0.0649559 0)
(0.271517 -0.0669458 0)
(0.30248 -0.0685679 0)
(0.333567 -0.0698973 0)
(0.364632 -0.0710341 0)
(0.395845 -0.0721129 0)
(0.426454 -0.073261 0)
(0.459121 -0.0748593 0)
(0.484621 -0.0763358 0)
(0.532228 -0.0820221 0)
(0.384966 -0.095728 0)
(0.415015 -0.0978089 0)
(0.444743 -0.0993776 0)
(0.474052 -0.100539 0)
(0.502822 -0.101442 0)
(0.531156 -0.102241 0)
(0.558509 -0.103197 0)
(0.586808 -0.104466 0)
(0.609018 -0.106341 0)
(0.647803 -0.11072 0)
(0.522617 -0.125154 0)
(0.549562 -0.126673 0)
(0.57556 -0.127562 0)
(0.600532 -0.127954 0)
(0.624404 -0.128036 0)
(0.647218 -0.127975 0)
(0.668684 -0.128116 0)
(0.689856 -0.128431 0)
(0.70654 -0.1299 0)
(0.732704 -0.131965 0)
(0.642394 -0.150437 0)
(0.663319 -0.150737 0)
(0.682718 -0.150325 0)
(0.700555 -0.149366 0)
(0.716823 -0.148067 0)
(0.731517 -0.14661 0)
(0.744627 -0.145368 0)
(0.75631 -0.144204 0)
(0.765501 -0.144536 0)
(0.776379 -0.143695 0)
(0.731431 -0.168469 0)
(0.743553 -0.166996 0)
(0.753765 -0.164797 0)
(0.762091 -0.162055 0)
(0.768599 -0.158988 0)
(0.773264 -0.155789 0)
(0.776331 -0.152807 0)
(0.777168 -0.149878 0)
(0.77768 -0.148547 0)
(0.772464 -0.144769 0)
(0.777946 -0.176604 0)
(0.779362 -0.173065 0)
(0.77878 -0.168859 0)
(0.776294 -0.164183 0)
(0.772041 -0.159251 0)
(0.766006 -0.154258 0)
(0.758632 -0.149489 0)
(0.748709 -0.144839 0)
(0.740523 -0.141643 0)
(0.720682 -0.135474 0)
(0.774533 -0.173384 0)
(0.76474 -0.167815 0)
(0.753201 -0.161715 0)
(0.740079 -0.155286 0)
(0.725574 -0.148726 0)
(0.709699 -0.142224 0)
(0.693018 -0.135975 0)
(0.674021 -0.129992 0)
(0.658445 -0.125126 0)
(0.627692 -0.117601 0)
(0.720313 -0.158915 0)
(0.70045 -0.151706 0)
(0.679434 -0.144174 0)
(0.657481 -0.136513 0)
(0.634835 -0.128897 0)
(0.611543 -0.121498 0)
(0.588195 -0.114416 0)
(0.563268 -0.107793 0)
(0.542854 -0.10185 0)
(0.506617 -0.0942877 0)
(0.621867 -0.135024 0)
(0.594726 -0.126898 0)
(0.567299 -0.118711 0)
(0.539827 -0.110631 0)
(0.512555 -0.102801 0)
(0.485547 -0.0953607 0)
(0.459318 -0.0883271 0)
(0.432556 -0.0819325 0)
(0.410678 -0.0758038 0)
(0.375002 -0.0694868 0)
(0.493026 -0.105164 0)
(0.46274 -0.0970959 0)
(0.433155 -0.0892333 0)
(0.404478 -0.0817077 0)
(0.376894 -0.0746153 0)
(0.35044 -0.0680507 0)
(0.325462 -0.061972 0)
(0.300971 -0.0566274 0)
(0.28101 -0.0512584 0)
(0.250991 -0.047061 0)
(0.353117 -0.0739793 0)
(0.324364 -0.0669902 0)
(0.297148 -0.060412 0)
(0.271568 -0.0543203 0)
(0.247688 -0.0487585 0)
(0.225463 -0.0437665 0)
(0.205029 -0.0392748 0)
(0.185726 -0.035475 0)
(0.170027 -0.0315484 0)
(0.148345 -0.0296616 0)
(0.222908 -0.046277 0)
(0.199583 -0.0411151 0)
(0.178165 -0.0364282 0)
(0.158606 -0.032232 0)
(0.140828 -0.0285224 0)
(0.124703 -0.0253 0)
(0.110207 -0.0225098 0)
(0.0969849 -0.0202721 0)
(0.0862067 -0.0180181 0)
(0.0726756 -0.0179636 0)
(0.118444 -0.0254551 0)
(0.102279 -0.0222681 0)
(0.0877961 -0.0194554 0)
(0.0748484 -0.0169959 0)
(0.0632893 -0.0148744 0)
(0.0529865 -0.0131038 0)
(0.043896 -0.0116975 0)
(0.0359042 -0.0107486 0)
(0.0292988 -0.0100127 0)
(0.0218531 -0.0108918 0)
(0.0457607 -0.0121689 0)
(0.0360351 -0.0104944 0)
(0.0274393 -0.00902299 0)
(0.0198369 -0.00774471 0)
(0.0131192 -0.00668298 0)
(0.00721805 -0.00590706 0)
(0.00212842 -0.0054964 0)
(-0.00219229 -0.00549952 0)
(-0.00599373 -0.0057934 0)
(-0.00979319 -0.00668062 0)
(0.00156089 -0.00475634 0)
(-0.00357173 -0.00398061 0)
(-0.00806303 -0.00329045 0)
(-0.0119926 -0.00270751 0)
(-0.0154197 -0.00229353 0)
(-0.0183823 -0.00213994 0)
(-0.0209045 -0.00231816 0)
(-0.023103 -0.00281564 0)
(-0.0252977 -0.00350266 0)
(-0.0273647 -0.00416256 0)
(-0.0205109 -0.00118859 0)
(-0.0227374 -0.000888342 0)
(-0.0246365 -0.000616833 0)
(-0.0262491 -0.000406536 0)
(-0.0276223 -0.000317675 0)
(-0.0288117 -0.000423422 0)
(-0.029888 -0.000775232 0)
(-0.0310017 -0.00136421 0)
(-0.0323875 -0.00207369 0)
(-0.0337637 -0.00260456 0)
(-0.0254848 6.09251e-05 0)
(-0.0260592 0.000140009 0)
(-0.0264884 0.000217975 0)
(-0.0267932 0.000273634 0)
(-0.027016 0.00027043 0)
(-0.0272237 0.000164263 0)
(-0.0275114 -8.41202e-05 0)
(-0.0280457 -0.000497293 0)
(-0.0290179 -0.00102336 0)
(-0.0301009 -0.00142039 0)
(-0.0159875 0.000124446 0)
(-0.015878 0.000127461 0)
(-0.0157268 0.000134624 0)
(-0.0155373 0.00014176 0)
(-0.0153303 0.000140897 0)
(-0.0151463 0.000122391 0)
(-0.0150481 7.5053e-05 0)
(-0.0151643 -2.36383e-05 0)
(-0.0157027 -0.000208104 0)
(-0.0164923 -0.000426949 0)
)
;

boundaryField
{
    inlet
    {
        type            fixedProfile;
        profile         csvFile;
        profileCoeffs
        {
            nHeaderLine     0;
            refColumn       0;
            componentColumns 3(1 2 3);
            separator       ",";
            mergeSeparators 0;
            file            "0/Uprofile.csv";
        }
        direction       (0 1 0);
        origin          0;
        value           nonuniform List<vector> 10((0.19 0 0) (0.51 0 0) (0.75 0 0) (0.91 0 0) (0.99 0 0) (0.99 0 0) (0.91 0 0) (0.75 0 0) (0.51 0 0) (0.19 0 0));
    }
    outlet
    {
        type            zeroGradient;
    }
    upperWall
    {
        type            noSlip;
    }
    lowerWall
    {
        type            noSlip;
    }
    frontAndBack
    {
        type            empty;
    }
}


// ************************************************************************* //
