/*--------------------------------*- C++ -*----------------------------------*\
| =========                 |                                                 |
| \\      /  F ield         | OpenFOAM: The Open Source CFD Toolbox           |
|  \\    /   O peration     | Version:  2406                                  |
|   \\  /    A nd           | Website:  www.openfoam.com                      |
|    \\/     M anipulation  |                                                 |
\*---------------------------------------------------------------------------*/
FoamFile
{
    version     2.0;
    format      ascii;
    arch        "LSB;label=32;scalar=64";
    class       surfaceScalarField;
    location    "80";
    object      phi;
}
// * * * * * * * * * * * * * * * * * * * * * * * * * * * * * * * * * * * * * //

dimensions      [0 3 -1 0 0 0 0];

oriented        oriented;

internalField   nonuniform List<scalar> 
3880
(
0.00997441
-0.000224405
0.010231
-0.00025664
0.0104316
-0.000200563
0.0105821
-0.000150489
0.0106964
-0.000114321
0.0107838
-8.73896e-05
0.0108511
-6.73116e-05
0.0109039
-5.27658e-05
0.0109463
-4.23492e-05
-3.47626e-05
0.010981
0.0276416
-0.000115971
0.0276096
-0.000224648
0.0276409
-0.000231889
0.0277021
-0.000211702
0.0277756
-0.000187811
0.0278511
-0.000162824
0.0279226
-0.000138879
0.0279879
-0.000118075
0.0280465
-0.000100913
-8.68978e-05
0.0280986
0.0436955
-6.15035e-05
0.043622
-0.000151127
0.0435729
-0.000182761
0.0435473
-0.000186143
0.0435402
-0.000180671
0.0435476
-0.000170207
0.043565
-0.000156334
0.0435885
-0.000141516
0.043615
-0.000127449
-0.000114689
0.0436428
0.0577259
-3.73908e-05
0.0576752
-0.000100431
0.0576269
-0.000134509
0.057588
-0.000147207
0.0575576
-0.000150297
0.0575355
-0.000148093
0.057521
-0.000141814
0.0575127
-0.000133155
0.057509
-0.000123772
-0.000114538
0.0575088
0.069737
-2.44362e-05
0.0697052
-6.85565e-05
0.0696687
-9.80384e-05
0.0696345
-0.000113043
0.0696037
-0.000119455
0.0695765
-0.00012091
0.0695534
-0.000118652
0.069534
-0.000113819
0.069518
-0.00010771
-0.000101209
0.0695046
0.0797421
-1.65076e-05
0.0797209
-4.73989e-05
0.0796934
-7.04889e-05
0.0796647
-8.43394e-05
0.0796367
-9.15062e-05
0.0796102
-9.4435e-05
0.0795858
-9.4235e-05
0.0795637
-9.17169e-05
0.0795438
-8.78178e-05
-8.32897e-05
0.0795259
0.0877445
-1.1047e-05
0.0877292
-3.20745e-05
0.0877075
-4.88033e-05
0.0876831
-5.98743e-05
0.0876578
-6.626e-05
0.0876328
-6.93808e-05
0.0876086
-7.00692e-05
0.0875858
-6.89083e-05
0.0875645
-6.65384e-05
-6.35219e-05
0.0875448
0.0937458
-6.84287e-06
0.0937337
-1.99758e-05
0.0937157
-3.07957e-05
0.0936942
-3.83832e-05
0.093671
-4.30551e-05
0.0936472
-4.55434e-05
0.0936235
-4.63731e-05
0.0936005
-4.5928e-05
0.0935786
-4.46101e-05
-4.27849e-05
0.0935578
0.0977464
-3.28292e-06
0.0977361
-9.60777e-06
0.0977202
-1.49128e-05
0.0977006
-1.87483e-05
0.0976787
-2.11944e-05
0.0976557
-2.25538e-05
0.0976324
-2.30749e-05
0.0976094
-2.29486e-05
0.0975872
-2.23687e-05
-2.15133e-05
0.0975659
0.0997467
1.65702e-10
0.0997371
5.29095e-10
0.0997222
4.62959e-10
0.0997034
7.37781e-10
0.0996823
1.36858e-09
0.0996597
1.4408e-09
0.0996366
9.21943e-10
0.0996137
6.71162e-10
0.0995913
1.14863e-09
1.85742e-09
0.0995698
0.0997467
3.2831e-06
0.0997371
9.60802e-06
0.0997222
1.49145e-05
0.0997035
1.87506e-05
0.0996823
2.11961e-05
0.0996597
2.25555e-05
0.0996366
2.30773e-05
0.0996137
2.29514e-05
0.0995913
2.23715e-05
2.15161e-05
0.0995698
0.0977464
6.84328e-06
0.0977361
1.99768e-05
0.0977202
3.07967e-05
0.0977006
3.83847e-05
0.0976787
4.30573e-05
0.0976557
4.55457e-05
0.0976324
4.6375e-05
0.0976094
4.59299e-05
0.0975872
4.46125e-05
4.27884e-05
0.0975659
0.0937458
1.10473e-05
0.0937337
3.2075e-05
0.0937157
4.88047e-05
0.0936942
5.98757e-05
0.093671
6.62616e-05
0.0936472
6.9383e-05
0.0936235
7.00718e-05
0.0936005
6.89107e-05
0.0935786
6.65404e-05
6.3524e-05
0.0935578
0.0877445
1.65079e-05
0.0877292
4.73994e-05
0.0877075
7.04899e-05
0.0876831
8.4341e-05
0.0876578
9.1508e-05
0.0876328
9.44372e-05
0.0876086
9.42376e-05
0.0875858
9.17192e-05
0.0875645
8.78193e-05
8.32914e-05
0.0875448
0.0797421
2.44365e-05
0.0797209
6.85574e-05
0.0796934
9.80394e-05
0.0796647
0.000113044
0.0796367
0.000119457
0.0796102
0.000120913
0.0795858
0.000118654
0.0795637
0.000113821
0.0795438
0.000107712
0.00010121
0.0795259
0.069737
3.73911e-05
0.0697052
0.000100432
0.0696687
0.000134511
0.0696345
0.000147209
0.0696037
0.000150298
0.0695765
0.000148094
0.0695534
0.000141816
0.069534
0.000133158
0.069518
0.000123774
0.00011454
0.0695046
0.0577259
6.15039e-05
0.0576752
0.000151128
0.0576269
0.000182761
0.057588
0.000186145
0.0575576
0.000180673
0.0575355
0.000170209
0.057521
0.000156336
0.0575127
0.000141518
0.057509
0.000127451
0.000114691
0.0575088
0.0436955
0.000115971
0.043622
0.000224648
0.0435729
0.00023189
0.0435473
0.000211704
0.0435402
0.000187813
0.0435476
0.000162826
0.043565
0.000138881
0.0435885
0.000118078
0.043615
0.000100915
8.68989e-05
0.0436428
0.0276416
0.000224405
0.0276096
0.000256641
0.0276409
0.000200564
0.0277021
0.000150491
0.0277756
0.000114322
0.0278511
8.73911e-05
0.0279226
6.73134e-05
0.0279879
5.27672e-05
0.0280465
4.23501e-05
3.4764e-05
0.0280986
0.00997441
0.010231
0.0104316
0.0105821
0.0106964
0.0107838
0.0108511
0.0109039
0.0109462
0.010981
0.0110101
-2.90748e-05
0.0110348
-2.47023e-05
0.0110561
-2.12796e-05
0.0110746
-1.85586e-05
0.011091
-1.63596e-05
0.0111055
-1.45495e-05
0.0111186
-1.30346e-05
0.0111303
-1.17524e-05
0.011141
-1.06615e-05
0.0111507
-9.73072e-06
0.0111597
-8.9332e-06
0.0111679
-8.24375e-06
0.0111755
-7.64069e-06
0.0111826
-7.10681e-06
0.0111893
-6.62988e-06
0.0111955
-6.20166e-06
0.0112013
-5.81639e-06
0.0112068
-5.46976e-06
0.0112119
-5.15774e-06
0.0112168
-4.87634e-06
0.0112214
-4.6216e-06
0.0112258
-4.38955e-06
0.01123
-4.17672e-06
0.011234
-3.98005e-06
0.0112378
-3.79724e-06
0.0112414
-3.62657e-06
0.0112449
-3.46688e-06
0.0112482
-3.31744e-06
0.0112514
-3.17768e-06
0.0112544
-3.04717e-06
0.0112573
-2.92542e-06
0.0112601
-2.81183e-06
0.0112628
-2.70576e-06
0.0112655
-2.60642e-06
-2.51307e-06
0.011268
0.028145
-7.53878e-05
0.0281861
-6.58799e-05
0.0282229
-5.80021e-05
0.0282558
-5.14565e-05
0.0282854
-4.59846e-05
0.0283122
-4.13633e-05
0.0283366
-3.74145e-05
0.0283588
-3.40119e-05
0.0283793
-3.10695e-05
0.028398
-2.85233e-05
0.0284154
-2.63161e-05
0.0284316
-2.43919e-05
0.0284466
-2.26979e-05
0.0284607
-2.11905e-05
0.0284739
-1.98369e-05
0.0284863
-1.86146e-05
0.028498
-1.75087e-05
0.0285091
-1.65078e-05
0.0285195
-1.56021e-05
0.0285294
-1.47818e-05
0.0285388
-1.40364e-05
0.0285478
-1.33559e-05
0.0285564
-1.27304e-05
0.0285645
-1.21518e-05
0.0285723
-1.16134e-05
0.0285798
-1.11103e-05
0.028587
-1.06389e-05
0.0285939
-1.01968e-05
0.0286005
-9.78243e-06
0.0286068
-9.39428e-06
0.0286129
-9.03103e-06
0.0286188
-8.69111e-06
0.0286245
-8.37274e-06
0.0286299
-8.07398e-06
-7.79278e-06
0.0286352
0.0436707
-0.000103271
0.043698
-9.3134e-05
0.0437242
-8.42161e-05
0.0437491
-7.64302e-05
0.0437728
-6.96508e-05
0.0437952
-6.37256e-05
0.0438163
-5.8509e-05
0.0438362
-5.38907e-05
0.0438549
-4.97983e-05
0.0438725
-4.61807e-05
0.0438892
-4.29891e-05
0.043905
-4.01668e-05
0.0439199
-3.76526e-05
0.0439341
-3.53902e-05
0.0439476
-3.33358e-05
0.0439605
-3.14597e-05
0.0439727
-2.97435e-05
0.0439844
-2.81753e-05
0.0439955
-2.67444e-05
0.0440062
-2.54393e-05
0.0440164
-2.42465e-05
0.0440262
-2.31516e-05
0.0440356
-2.21406e-05
0.0440447
-2.12007e-05
0.0440534
-2.03221e-05
0.0440617
-1.94972e-05
0.0440698
-1.87208e-05
0.0440776
-1.79896e-05
0.0440851
-1.73012e-05
0.0440924
-1.66539e-05
0.0440994
-1.60456e-05
0.0441062
-1.54742e-05
0.0441128
-1.49371e-05
0.0441191
-1.44313e-05
-1.39537e-05
0.0441253
0.0575113
-0.000105761
0.0575158
-9.75643e-05
0.0575216
-9.00419e-05
0.0575284
-8.32465e-05
0.0575359
-7.71638e-05
0.0575439
-7.17181e-05
0.0575522
-6.68116e-05
0.0575607
-6.23672e-05
0.0575692
-5.83433e-05
0.0575778
-5.47186e-05
0.0575863
-5.1471e-05
0.0575946
-4.85633e-05
0.0576029
-4.59439e-05
0.0576111
-4.35594e-05
0.0576191
-4.13659e-05
0.057627
-3.93345e-05
0.0576347
-3.74504e-05
0.0576423
-3.57069e-05
0.0576496
-3.40993e-05
0.0576568
-3.26204e-05
0.0576638
-3.1259e-05
0.0576707
-3.0001e-05
0.0576773
-2.88312e-05
0.0576839
-2.77357e-05
0.0576903
-2.67034e-05
0.0576965
-2.57265e-05
0.0577026
-2.47999e-05
0.0577085
-2.3921e-05
0.0577143
-2.30882e-05
0.0577199
-2.23005e-05
0.0577254
-2.15564e-05
0.0577308
-2.08537e-05
0.0577361
-2.01899e-05
0.0577412
-1.95617e-05
-1.89656e-05
0.0577462
0.0694936
-9.47243e-05
0.0694845
-8.84539e-05
0.069477
-8.25453e-05
0.0694709
-7.71067e-05
0.0694659
-7.21766e-05
0.0694619
-6.77227e-05
0.0694587
-6.36759e-05
0.0694563
-5.99748e-05
0.0694546
-5.65902e-05
0.0694534
-5.35152e-05
0.0694527
-5.07436e-05
0.0694524
-4.8254e-05
0.0694524
-4.60063e-05
0.0694528
-4.3953e-05
0.0694535
-4.20518e-05
0.0694544
-4.02743e-05
0.0694556
-3.86077e-05
0.0694569
-3.70491e-05
0.0694584
-3.55996e-05
0.0694601
-3.42577e-05
0.0694618
-3.30168e-05
0.0694637
-3.18656e-05
0.0694657
-3.07901e-05
0.0694677
-2.97766e-05
0.0694698
-2.88139e-05
0.069472
-2.78944e-05
0.0694742
-2.7014e-05
0.0694764
-2.61715e-05
0.0694787
-2.53669e-05
0.069481
-2.46007e-05
0.0694833
-2.38728e-05
0.0694857
-2.3182e-05
0.069488
-2.25262e-05
0.0694903
-2.19023e-05
-2.13071e-05
0.0694927
0.0795097
-7.85496e-05
0.0794951
-7.3818e-05
0.0794818
-6.9258e-05
0.0794697
-6.49986e-05
0.0794587
-6.1107e-05
0.0794485
-5.75802e-05
0.0794392
-5.43703e-05
0.0794307
-5.14277e-05
0.0794228
-4.87287e-05
0.0794155
-4.62718e-05
0.0794089
-4.40594e-05
0.0794027
-4.20802e-05
0.079397
-4.03044e-05
0.0793917
-3.8691e-05
0.0793869
-3.72007e-05
0.0793824
-3.58052e-05
0.0793783
-3.4491e-05
0.0793745
-3.32558e-05
0.079371
-3.21027e-05
0.0793678
-3.10337e-05
0.0793648
-3.00463e-05
0.0793621
-2.91321e-05
0.0793596
-2.82793e-05
0.0793573
-2.74749e-05
0.0793552
-2.67076e-05
0.0793532
-2.59698e-05
0.0793515
-2.52577e-05
0.0793499
-2.45706e-05
0.0793484
-2.39098e-05
0.0793471
-2.3277e-05
0.0793459
-2.26734e-05
0.0793448
-2.20989e-05
0.0793438
-2.1552e-05
0.079343
-2.10301e-05
-2.05302e-05
0.0793422
0.0875264
-6.02108e-05
0.0875094
-5.68066e-05
0.0874936
-5.34583e-05
0.0874789
-5.02869e-05
0.0874652
-4.73644e-05
0.0874523
-4.47052e-05
0.0874402
-4.22814e-05
0.0874288
-4.00561e-05
0.0874181
-3.80109e-05
0.087408
-3.61465e-05
0.0873984
-3.44689e-05
0.0873893
-3.29745e-05
0.0873806
-3.16432e-05
0.0873724
-3.04437e-05
0.0873645
-2.93431e-05
0.087357
-2.8316e-05
0.0873499
-2.73491e-05
0.0873431
-2.64394e-05
0.0873366
-2.55898e-05
0.0873303
-2.48037e-05
0.0873244
-2.40808e-05
0.0873187
-2.3416e-05
0.0873132
-2.28e-05
0.0873079
-2.22218e-05
0.0873029
-2.16712e-05
0.0872981
-2.11407e-05
0.0872934
-2.06264e-05
0.087289
-2.01275e-05
0.0872847
-1.96453e-05
0.0872806
-1.91822e-05
0.0872767
-1.87398e-05
0.0872729
-1.83187e-05
0.0872693
-1.79182e-05
0.0872658
-1.75361e-05
-1.71699e-05
0.0872624
0.0935383
-4.06986e-05
0.09352
-3.85e-05
0.0935029
-3.63006e-05
0.0934868
-3.41929e-05
0.0934716
-3.22364e-05
0.0934574
-3.04493e-05
0.0934439
-2.88172e-05
0.0934312
-2.73159e-05
0.0934191
-2.59324e-05
0.0934076
-2.46681e-05
0.0933967
-2.35292e-05
0.0933862
-2.25164e-05
0.0933762
-2.16184e-05
0.0933666
-2.08145e-05
0.0933573
-2.00812e-05
0.0933484
-1.93997e-05
0.0933398
-1.87589e-05
0.0933315
-1.81559e-05
0.0933235
-1.75927e-05
0.0933158
-1.70724e-05
0.0933083
-1.65959e-05
0.093301
-1.61607e-05
0.093294
-1.57607e-05
0.0932872
-1.5388e-05
0.0932806
-1.5035e-05
0.0932741
-1.46954e-05
0.0932678
-1.43657e-05
0.0932618
-1.40451e-05
0.0932558
-1.37344e-05
0.0932501
-1.34356e-05
0.0932445
-1.31502e-05
0.0932391
-1.28791e-05
0.0932338
-1.26221e-05
0.0932286
-1.23777e-05
-1.2144e-05
0.0932236
0.0975457
-2.05074e-05
0.0975267
-1.94299e-05
0.0975087
-1.83407e-05
0.0974918
-1.72896e-05
0.0974759
-1.6309e-05
0.0974609
-1.54101e-05
0.0974466
-1.45879e-05
0.0974331
-1.38309e-05
0.0974203
-1.31323e-05
0.0974081
-1.24926e-05
0.0973965
-1.19154e-05
0.0973854
-1.14017e-05
0.0973748
-1.09468e-05
0.0973645
-1.0541e-05
0.0973546
-1.01724e-05
0.097345
-9.8309e-06
0.0973358
-9.51037e-06
0.0973268
-9.20868e-06
0.0973181
-8.92671e-06
0.0973097
-8.66611e-06
0.0973016
-8.4278e-06
0.0972936
-8.21084e-06
0.0972859
-8.01248e-06
0.0972783
-7.82883e-06
0.0972709
-7.65571e-06
0.0972637
-7.48976e-06
0.0972567
-7.32884e-06
0.0972498
-7.17219e-06
0.0972431
-7.02019e-06
0.0972365
-6.87378e-06
0.0972301
-6.73397e-06
0.0972238
-6.60134e-06
0.0972177
-6.47589e-06
0.0972117
-6.357e-06
-6.24361e-06
0.0972058
0.0995493
1.85465e-09
0.0995299
7.77994e-10
0.0995115
-4.20398e-10
0.0994942
-2.44081e-10
0.0994779
1.53052e-09
0.0994625
3.47568e-09
0.0994479
3.99396e-09
0.0994341
2.72245e-09
0.0994209
6.32465e-10
0.0994084
-8.20636e-10
0.0993965
-6.84874e-10
0.0993851
8.4915e-10
0.0993742
2.85638e-09
0.0993637
4.40218e-09
0.0993535
4.85996e-09
0.0993436
4.25745e-09
0.0993341
3.0571e-09
0.0993249
1.85239e-09
0.099316
1.20093e-09
0.0993073
1.30781e-09
0.0992989
2.12663e-09
0.0992907
3.35842e-09
0.0992827
4.61239e-09
0.0992748
5.58686e-09
0.0992672
6.07912e-09
0.0992597
6.11928e-09
0.0992523
5.84339e-09
0.0992452
5.48274e-09
0.0992381
5.26656e-09
0.0992312
5.33096e-09
0.0992245
5.75005e-09
0.0992179
6.46468e-09
0.0992114
7.38835e-09
0.099205
8.3935e-09
9.37076e-09
0.0991988
0.0995493
2.05099e-05
0.0995299
1.94314e-05
0.0995115
1.83411e-05
0.0994942
1.72904e-05
0.0994779
1.63119e-05
0.0994625
1.54157e-05
0.0994479
1.45945e-05
0.0994341
1.38357e-05
0.0994209
1.31339e-05
0.0994084
1.2492e-05
0.0993965
1.19151e-05
0.0993851
1.1404e-05
0.0993742
1.09526e-05
0.0993637
1.05492e-05
0.0993535
1.01812e-05
0.0993436
9.83857e-06
0.0993341
9.51591e-06
0.0993249
9.2123e-06
0.099316
8.92939e-06
0.0993073
8.66924e-06
0.0992989
8.43253e-06
0.0992907
8.21779e-06
0.0992827
8.02163e-06
0.0992748
7.83958e-06
0.0992672
7.66728e-06
0.0992597
7.50138e-06
0.0992523
7.34004e-06
0.0992452
7.18288e-06
0.0992381
7.03065e-06
0.0992312
6.88453e-06
0.0992245
6.74557e-06
0.0992179
6.61431e-06
0.0992114
6.49055e-06
0.099205
6.37349e-06
6.26191e-06
0.0991988
0.0975457
4.07021e-05
0.0975267
3.85018e-05
0.0975087
3.63005e-05
0.0974918
3.4193e-05
0.0974759
3.22391e-05
0.0974608
3.04547e-05
0.0974466
2.88232e-05
0.0974331
2.732e-05
0.0974203
2.59338e-05
0.0974081
2.46681e-05
0.0973965
2.35301e-05
0.0973854
2.25198e-05
0.0973748
2.16244e-05
0.0973645
2.0822e-05
0.0973546
2.00887e-05
0.097345
1.94059e-05
0.0973358
1.87635e-05
0.0973268
1.81593e-05
0.0973181
1.75958e-05
0.0973097
1.70763e-05
0.0973016
1.66014e-05
0.0972936
1.61679e-05
0.0972859
1.57694e-05
0.0972783
1.53978e-05
0.0972709
1.50451e-05
0.0972637
1.47055e-05
0.0972567
1.43757e-05
0.0972498
1.4055e-05
0.0972431
1.37446e-05
0.0972365
1.34463e-05
0.0972301
1.31618e-05
0.0972238
1.2892e-05
0.0972177
1.26363e-05
0.0972117
1.23934e-05
1.21611e-05
0.0972058
0.0935383
6.02132e-05
0.09352
5.68088e-05
0.0935029
5.34601e-05
0.0934868
5.02887e-05
0.0934716
4.73671e-05
0.0934574
4.47086e-05
0.0934439
4.22847e-05
0.0934312
4.00585e-05
0.0934191
3.80127e-05
0.0934076
3.61486e-05
0.0933967
3.44721e-05
0.0933862
3.2979e-05
0.0933762
3.16487e-05
0.0933666
3.04491e-05
0.0933573
2.93478e-05
0.0933484
2.832e-05
0.0933398
2.73526e-05
0.0933315
2.64432e-05
0.0933235
2.55944e-05
0.0933158
2.48094e-05
0.0933083
2.40875e-05
0.0933011
2.34233e-05
0.093294
2.28076e-05
0.0932872
2.22294e-05
0.0932806
2.16788e-05
0.0932741
2.11485e-05
0.0932679
2.06346e-05
0.0932618
2.01364e-05
0.0932559
1.96552e-05
0.0932501
1.91929e-05
0.0932445
1.87515e-05
0.0932391
1.83313e-05
0.0932338
1.79316e-05
0.0932286
1.75504e-05
1.7185e-05
0.0932236
0.0875264
7.85518e-05
0.0875094
7.38203e-05
0.0874936
6.92603e-05
0.0874789
6.50014e-05
0.0874652
6.11099e-05
0.0874523
5.75824e-05
0.0874402
5.43715e-05
0.0874288
5.14288e-05
0.0874181
4.87309e-05
0.087408
4.62759e-05
0.0873984
4.40648e-05
0.0873893
4.20857e-05
0.0873806
4.03087e-05
0.0873724
3.86937e-05
0.0873645
3.72023e-05
0.087357
3.58069e-05
0.0873499
3.44939e-05
0.0873431
3.32605e-05
0.0873366
3.21091e-05
0.0873303
3.10412e-05
0.0873244
3.00538e-05
0.0873187
2.9139e-05
0.0873132
2.82851e-05
0.0873079
2.74799e-05
0.0873029
2.67124e-05
0.0872981
2.59751e-05
0.0872934
2.52641e-05
0.087289
2.45784e-05
0.0872847
2.3919e-05
0.0872806
2.32874e-05
0.0872767
2.26847e-05
0.0872729
2.21107e-05
0.0872693
2.15641e-05
0.0872658
2.10425e-05
2.05429e-05
0.0872624
0.0795097
9.47259e-05
0.0794951
8.84564e-05
0.0794818
8.25488e-05
0.0794697
7.71102e-05
0.0794587
7.21787e-05
0.0794485
6.77229e-05
0.0794392
6.36752e-05
0.0794307
5.99756e-05
0.0794228
5.65939e-05
0.0794156
5.35213e-05
0.0794089
5.07502e-05
0.0794027
4.82589e-05
0.079397
4.60084e-05
0.0793917
4.39528e-05
0.0793869
4.20511e-05
0.0793824
4.0275e-05
0.0793783
3.8611e-05
0.0793745
3.70551e-05
0.079371
3.56073e-05
0.0793678
3.42656e-05
0.0793648
3.30236e-05
0.0793621
3.18707e-05
0.0793596
3.07936e-05
0.0793573
2.97791e-05
0.0793552
2.88165e-05
0.0793533
2.78979e-05
0.0793515
2.70191e-05
0.0793499
2.61782e-05
0.0793484
2.53752e-05
0.0793471
2.46101e-05
0.0793459
2.38828e-05
0.0793448
2.31922e-05
0.0793439
2.25362e-05
0.079343
2.19122e-05
2.13169e-05
0.0793422
0.0694936
0.000105762
0.0694845
9.75667e-05
0.069477
9.00463e-05
0.0694709
8.32509e-05
0.0694659
7.71651e-05
0.0694619
7.17163e-05
0.0694587
6.68094e-05
0.0694564
6.23683e-05
0.0694546
5.83485e-05
0.0694534
5.47261e-05
0.0694527
5.14775e-05
0.0694524
4.85663e-05
0.0694524
4.59432e-05
0.0694528
4.35569e-05
0.0694535
4.13642e-05
0.0694544
3.93356e-05
0.0694556
3.74547e-05
0.069457
3.57137e-05
0.0694585
3.41069e-05
0.0694601
3.26271e-05
0.0694619
3.12638e-05
0.0694637
3.00037e-05
0.0694657
2.88324e-05
0.0694677
2.77364e-05
0.0694698
2.67047e-05
0.069472
2.5729e-05
0.0694742
2.4804e-05
0.0694765
2.39267e-05
0.0694787
2.30951e-05
0.069481
2.23081e-05
0.0694834
2.15642e-05
0.0694857
2.08613e-05
0.069488
2.01971e-05
0.0694904
1.95685e-05
1.89721e-05
0.0694927
0.0575113
0.000103273
0.0575158
9.31373e-05
0.0575216
8.42203e-05
0.0575284
7.64329e-05
0.0575359
6.96502e-05
0.0575439
6.3723e-05
0.0575522
5.85077e-05
0.0575607
5.38931e-05
0.0575692
4.98041e-05
0.0575778
4.61871e-05
0.0575863
4.29931e-05
0.0575947
4.01672e-05
0.0576029
3.76504e-05
0.0576111
3.53877e-05
0.0576191
3.33352e-05
0.057627
3.14619e-05
0.0576347
2.97482e-05
0.0576423
2.81811e-05
0.0576496
2.67498e-05
0.0576568
2.54433e-05
0.0576638
2.42488e-05
0.0576707
2.31526e-05
0.0576774
2.21408e-05
0.0576839
2.1201e-05
0.0576903
2.03231e-05
0.0576965
1.94992e-05
0.0577026
1.87239e-05
0.0577085
1.79937e-05
0.0577143
1.73059e-05
0.05772
1.66588e-05
0.0577255
1.60505e-05
0.0577309
1.54788e-05
0.0577361
1.49413e-05
0.0577412
1.44352e-05
1.39575e-05
0.0577463
0.0436707
7.5389e-05
0.043698
6.58833e-05
0.0437242
5.80065e-05
0.0437491
5.14585e-05
0.0437728
4.59829e-05
0.0437952
4.13603e-05
0.0438163
3.74139e-05
0.0438362
3.40149e-05
0.0438549
3.10745e-05
0.0438725
2.85273e-05
0.0438892
2.63173e-05
0.043905
2.43905e-05
0.0439199
2.26956e-05
0.0439341
2.11893e-05
0.0439476
1.98378e-05
0.0439605
1.86174e-05
0.0439727
1.75123e-05
0.0439844
1.65111e-05
0.0439955
1.56045e-05
0.0440062
1.47829e-05
0.0440164
1.40367e-05
0.0440262
1.33558e-05
0.0440356
1.27305e-05
0.0440447
1.21525e-05
0.0440534
1.16147e-05
0.0440618
1.1112e-05
0.0440698
1.06409e-05
0.0440776
1.0199e-05
0.0440852
9.78448e-06
0.0440924
9.39619e-06
0.0440994
9.03277e-06
0.0441062
8.69275e-06
0.0441128
8.37435e-06
0.0441192
8.07567e-06
7.79459e-06
0.0441253
0.028145
2.9077e-05
0.0281861
2.47047e-05
0.0282229
2.12808e-05
0.0282558
1.85581e-05
0.0282854
1.63581e-05
0.0283122
1.45487e-05
0.0283366
1.30355e-05
0.0283588
1.17545e-05
0.0283793
1.06636e-05
0.0283981
9.73173e-06
0.0284154
8.93288e-06
0.0284316
8.24281e-06
0.0284466
7.63998e-06
0.0284607
7.10694e-06
0.0284739
6.63088e-06
0.0284863
6.20311e-06
0.028498
5.81781e-06
0.0285091
5.47076e-06
0.0285195
5.15822e-06
0.0285294
4.87646e-06
0.0285388
4.62155e-06
0.0285478
4.38959e-06
0.0285564
4.17694e-06
0.0285645
3.98049e-06
0.0285724
3.79781e-06
0.0285798
3.62718e-06
0.028587
3.46743e-06
0.0285939
3.31788e-06
0.0286005
3.17801e-06
0.0286069
3.04742e-06
0.028613
2.92564e-06
0.0286188
2.81209e-06
0.0286245
2.70608e-06
0.02863
2.60684e-06
2.51357e-06
0.0286353
0.0110101
0.0110348
0.0110561
0.0110746
0.011091
0.0111055
0.0111186
0.0111303
0.011141
0.0111507
0.0111597
0.0111679
0.0111755
0.0111827
0.0111893
0.0111955
0.0112013
0.0112068
0.0112119
0.0112168
0.0112214
0.0112258
0.01123
0.011234
0.0112378
0.0112414
0.0112449
0.0112482
0.0112514
0.0112544
0.0112573
0.0112602
0.0112629
0.0112655
0.011268
0.0112704
-2.42495e-06
0.0112727
-2.34145e-06
0.011275
-2.262e-06
0.0112772
-2.18624e-06
0.0112793
-2.11388e-06
0.0112813
-2.04476e-06
0.0112833
-1.97877e-06
0.0112852
-1.91586e-06
0.0112871
-1.85596e-06
-1.79901e-06
0.0112889
0.0286403
-7.52716e-06
0.0286453
-7.27532e-06
0.02865
-7.03573e-06
0.0286547
-6.80718e-06
0.0286591
-6.5888e-06
0.0286635
-6.38e-06
0.0286677
-6.18038e-06
0.0286717
-5.98972e-06
0.0286757
-5.80777e-06
-5.63433e-06
0.0286795
0.0441313
-1.35012e-05
0.0441371
-1.30712e-05
0.0441427
-1.26611e-05
0.0441481
-1.22692e-05
0.0441534
-1.18939e-05
0.0441586
-1.15344e-05
0.0441636
-1.119e-05
0.0441685
-1.08602e-05
0.0441732
-1.05449e-05
-1.02434e-05
0.0441778
0.0577511
-1.83981e-05
0.0577559
-1.78563e-05
0.0577606
-1.73374e-05
0.0577651
-1.68394e-05
0.0577696
-1.63608e-05
0.057774
-1.59008e-05
0.0577782
-1.54585e-05
0.0577824
-1.50338e-05
0.0577865
-1.4626e-05
-1.4235e-05
0.0577905
0.069495
-2.07372e-05
0.0694974
-2.01896e-05
0.0694997
-1.9662e-05
0.069502
-1.91527e-05
0.0695043
-1.86605e-05
0.0695066
-1.81849e-05
0.0695088
-1.77257e-05
0.0695111
-1.72827e-05
0.0695133
-1.68557e-05
-1.64445e-05
0.0695155
0.0793415
-2.00491e-05
0.0793409
-1.9584e-05
0.0793404
-1.91329e-05
0.0793399
-1.86944e-05
0.0793395
-1.82681e-05
0.0793392
-1.78538e-05
0.0793389
-1.74517e-05
0.0793387
-1.70621e-05
0.0793385
-1.6685e-05
-1.63205e-05
0.0793384
0.0872592
-1.68165e-05
0.0872561
-1.64735e-05
0.0872531
-1.61391e-05
0.0872502
-1.58121e-05
0.0872474
-1.54924e-05
0.0872447
-1.518e-05
0.0872422
-1.48756e-05
0.0872397
-1.45795e-05
0.0872373
-1.4292e-05
-1.40134e-05
0.087235
0.0932187
-1.19187e-05
0.0932139
-1.16997e-05
0.0932093
-1.14855e-05
0.0932047
-1.12753e-05
0.0932003
-1.10689e-05
0.093196
-1.08665e-05
0.0931918
-1.06686e-05
0.0931877
-1.04757e-05
0.0931837
-1.02882e-05
-1.01062e-05
0.0931798
0.0972
-6.13451e-06
0.0971943
-6.02855e-06
0.0971888
-5.92487e-06
0.0971833
-5.82297e-06
0.097178
-5.72269e-06
0.0971727
-5.62417e-06
0.0971676
-5.52766e-06
0.0971625
-5.43348e-06
0.0971576
-5.34182e-06
-5.25279e-06
0.0971527
0.0991927
1.02561e-08
0.0991866
1.1009e-08
0.0991807
1.16509e-08
0.0991748
1.22075e-08
0.0991691
1.27333e-08
0.0991635
1.3274e-08
0.0991579
1.38668e-08
0.0991525
1.4543e-08
0.0991471
1.53087e-08
1.61734e-08
0.0991418
0.0991927
6.15445e-06
0.0991866
6.04994e-06
0.0991807
5.94753e-06
0.0991749
5.84677e-06
0.0991691
5.74759e-06
0.0991635
5.65019e-06
0.0991579
5.55491e-06
0.0991525
5.46209e-06
0.0991471
5.37196e-06
5.28463e-06
0.0991419
0.0972
1.19371e-05
0.0971943
1.17194e-05
0.0971888
1.15064e-05
0.0971833
1.12973e-05
0.097178
1.10921e-05
0.0971727
1.08909e-05
0.0971676
1.06943e-05
0.0971626
1.05028e-05
0.0971576
1.03168e-05
1.01364e-05
0.0971528
0.0932187
1.68326e-05
0.0932139
1.64906e-05
0.0932093
1.61572e-05
0.0932048
1.58314e-05
0.0932003
1.55129e-05
0.093196
1.52019e-05
0.0931918
1.48988e-05
0.0931877
1.46041e-05
0.0931837
1.43182e-05
1.4041e-05
0.0931798
0.0872592
2.00622e-05
0.0872561
1.95978e-05
0.0872531
1.91476e-05
0.0872502
1.87103e-05
0.0872475
1.82852e-05
0.0872448
1.78723e-05
0.0872422
1.74716e-05
0.0872397
1.70834e-05
0.0872373
1.67077e-05
1.63445e-05
0.087235
0.0793415
2.07471e-05
0.0793409
2.02e-05
0.0793404
1.96731e-05
0.07934
1.91648e-05
0.0793396
1.86738e-05
0.0793392
1.81996e-05
0.079339
1.77416e-05
0.0793387
1.72999e-05
0.0793386
1.68741e-05
1.6464e-05
0.0793385
0.0694951
1.84047e-05
0.0694974
1.78632e-05
0.0694997
1.7345e-05
0.069502
1.68479e-05
0.0695043
1.63704e-05
0.0695066
1.59114e-05
0.0695089
1.54703e-05
0.0695112
1.50465e-05
0.0695134
1.46397e-05
1.42494e-05
0.0695156
0.0577511
1.35052e-05
0.0577559
1.30754e-05
0.0577606
1.26658e-05
0.0577652
1.22745e-05
0.0577697
1.18999e-05
0.057774
1.15411e-05
0.0577783
1.11974e-05
0.0577825
1.08682e-05
0.0577866
1.05534e-05
1.02524e-05
0.0577906
0.0441313
7.52918e-06
0.0441371
7.27755e-06
0.0441427
7.0382e-06
0.0441482
6.80987e-06
0.0441535
6.59172e-06
0.0441586
6.38311e-06
0.0441637
6.18372e-06
0.0441685
5.99325e-06
0.0441733
5.81154e-06
5.63831e-06
0.0441779
0.0286404
2.42553e-06
0.0286453
2.34206e-06
0.0286501
2.26264e-06
0.0286547
2.18687e-06
0.0286592
2.11451e-06
0.0286635
2.04538e-06
0.0286677
1.97943e-06
0.0286718
1.91657e-06
0.0286757
1.85676e-06
1.7999e-06
0.0286796
0.0112704
0.0112727
0.011275
0.0112772
0.0112793
0.0112814
0.0112833
0.0112852
0.0112871
0.0112889
0.0112906
-1.74486e-06
0.0112923
-1.6934e-06
0.011294
-1.64439e-06
0.0112956
-1.59769e-06
0.0112971
-1.55302e-06
0.0112986
-1.51024e-06
0.0113001
-1.46912e-06
0.0113015
-1.42955e-06
0.0113029
-1.39138e-06
0.0113043
-1.35454e-06
0.0113056
-1.31897e-06
0.0113069
-1.28465e-06
0.0113081
-1.25153e-06
0.0113093
-1.21963e-06
0.0113105
-1.18888e-06
0.0113117
-1.15929e-06
0.0113128
-1.1308e-06
0.0113139
-1.10338e-06
0.011315
-1.07696e-06
0.0113161
-1.0515e-06
0.0113171
-1.02692e-06
0.0113181
-1.00318e-06
0.0113191
-9.80195e-07
0.01132
-9.57953e-07
0.011321
-9.3638e-07
0.0113219
-9.15479e-07
0.0113228
-8.95192e-07
0.0113236
-8.75538e-07
0.0113245
-8.5647e-07
0.0113253
-8.38021e-07
0.0113262
-8.2015e-07
0.011327
-8.02899e-07
0.0113277
-7.86233e-07
0.0113285
-7.70207e-07
-7.54797e-07
0.0113293
0.0286832
-5.46907e-06
0.0286869
-5.31161e-06
0.0286904
-5.16147e-06
0.0286938
-5.0181e-06
0.0286971
-4.88093e-06
0.0287004
-4.7494e-06
0.0287035
-4.62299e-06
0.0287066
-4.50126e-06
0.0287096
-4.38385e-06
0.0287125
-4.2705e-06
0.0287153
-4.16099e-06
0.0287181
-4.05522e-06
0.0287208
-3.95307e-06
0.0287234
-3.8545e-06
0.028726
-3.7594e-06
0.0287285
-3.66773e-06
0.028731
-3.57935e-06
0.0287334
-3.49416e-06
0.0287357
-3.41199e-06
0.028738
-3.33268e-06
0.0287402
-3.25605e-06
0.0287424
-3.18196e-06
0.0287445
-3.11021e-06
0.0287466
-3.04069e-06
0.0287486
-2.97326e-06
0.0287506
-2.90783e-06
0.0287526
-2.84431e-06
0.0287545
-2.78267e-06
0.0287564
-2.72285e-06
0.0287582
-2.66485e-06
0.02876
-2.60863e-06
0.0287617
-2.55422e-06
0.0287634
-2.50162e-06
0.0287651
-2.45089e-06
-2.40205e-06
0.0287668
0.0441823
-9.95544e-06
0.0441867
-9.68029e-06
0.0441909
-9.41721e-06
0.0441951
-9.16537e-06
0.0441991
-8.92387e-06
0.0442031
-8.69185e-06
0.0442069
-8.46851e-06
0.0442107
-8.25316e-06
0.0442143
-8.04522e-06
0.0442179
-7.84426e-06
0.0442214
-7.64995e-06
0.0442248
-7.46205e-06
0.0442281
-7.28039e-06
0.0442314
-7.10483e-06
0.0442345
-6.93522e-06
0.0442376
-6.7714e-06
0.0442407
-6.61319e-06
0.0442436
-6.46037e-06
0.0442465
-6.31269e-06
0.0442494
-6.16989e-06
0.0442522
-6.0317e-06
0.0442549
-5.89784e-06
0.0442575
-5.76808e-06
0.0442601
-5.64218e-06
0.0442627
-5.51995e-06
0.0442652
-5.40123e-06
0.0442676
-5.28589e-06
0.04427
-5.17384e-06
0.0442723
-5.065e-06
0.0442746
-4.95932e-06
0.0442769
-4.85679e-06
0.0442791
-4.75739e-06
0.0442813
-4.66114e-06
0.0442834
-4.56809e-06
-4.47833e-06
0.0442855
0.0577944
-1.386e-05
0.0577982
-1.35004e-05
0.0578019
-1.31553e-05
0.0578056
-1.28238e-05
0.0578092
-1.25049e-05
0.0578127
-1.21976e-05
0.0578161
-1.19009e-05
0.0578195
-1.16142e-05
0.0578228
-1.13367e-05
0.057826
-1.1068e-05
0.0578292
-1.08076e-05
0.0578322
-1.05554e-05
0.0578353
-1.03111e-05
0.0578382
-1.00744e-05
0.0578412
-9.84526e-06
0.057844
-9.62341e-06
0.0578468
-9.40862e-06
0.0578495
-9.20062e-06
0.0578522
-8.99913e-06
0.0578549
-8.80382e-06
0.0578574
-8.61438e-06
0.05786
-8.4305e-06
0.0578625
-8.2519e-06
0.0578649
-8.0783e-06
0.0578673
-7.9095e-06
0.0578696
-7.74529e-06
0.0578719
-7.58552e-06
0.0578742
-7.43007e-06
0.0578764
-7.27886e-06
0.0578786
-7.13181e-06
0.0578807
-6.98888e-06
0.0578828
-6.85008e-06
0.0578849
-6.71541e-06
0.0578869
-6.58494e-06
-6.45878e-06
0.0578889
0.0695177
-1.60485e-05
0.0695199
-1.56672e-05
0.069522
-1.52996e-05
0.0695242
-1.4945e-05
0.0695263
-1.46023e-05
0.0695283
-1.42707e-05
0.0695304
-1.39493e-05
0.0695324
-1.36376e-05
0.0695344
-1.33348e-05
0.0695364
-1.30407e-05
0.0695383
-1.2755e-05
0.0695402
-1.24773e-05
0.0695421
-1.22076e-05
0.069544
-1.19456e-05
0.0695458
-1.16912e-05
0.0695477
-1.14441e-05
0.0695495
-1.12042e-05
0.0695512
-1.09711e-05
0.069553
-1.07447e-05
0.0695547
-1.05245e-05
0.0695564
-1.03103e-05
0.0695581
-1.01018e-05
0.0695597
-9.89873e-06
0.0695613
-9.70087e-06
0.0695629
-9.50803e-06
0.0695645
-9.32001e-06
0.0695661
-9.13669e-06
0.0695676
-8.95796e-06
0.0695691
-8.78373e-06
0.0695706
-8.61395e-06
0.069572
-8.44859e-06
0.0695735
-8.28764e-06
0.0695749
-8.13114e-06
0.0695763
-7.97917e-06
-7.83188e-06
0.0695777
0.0793383
-1.5968e-05
0.0793383
-1.56272e-05
0.0793383
-1.52973e-05
0.0793383
-1.49774e-05
0.0793384
-1.46668e-05
0.0793385
-1.43647e-05
0.0793386
-1.40705e-05
0.0793387
-1.37838e-05
0.0793389
-1.35043e-05
0.0793391
-1.32316e-05
0.0793393
-1.29657e-05
0.0793395
-1.27065e-05
0.0793398
-1.24538e-05
0.07934
-1.22076e-05
0.0793403
-1.19677e-05
0.0793406
-1.17339e-05
0.0793409
-1.15061e-05
0.0793412
-1.12841e-05
0.0793415
-1.10676e-05
0.0793419
-1.08563e-05
0.0793422
-1.065e-05
0.0793426
-1.04485e-05
0.0793429
-1.02517e-05
0.0793433
-1.00593e-05
0.0793436
-9.87117e-06
0.079344
-9.68727e-06
0.0793444
-9.50748e-06
0.0793447
-9.33175e-06
0.0793451
-9.16001e-06
0.0793455
-8.99225e-06
0.0793459
-8.82846e-06
0.0793463
-8.66865e-06
0.0793466
-8.51287e-06
0.079347
-8.36122e-06
-8.21387e-06
0.0793474
0.0872328
-1.37433e-05
0.0872306
-1.34812e-05
0.0872285
-1.32265e-05
0.0872265
-1.29786e-05
0.0872246
-1.27368e-05
0.0872227
-1.25004e-05
0.0872209
-1.22692e-05
0.0872192
-1.20428e-05
0.0872175
-1.1821e-05
0.0872159
-1.16038e-05
0.0872143
-1.13912e-05
0.0872128
-1.11832e-05
0.0872113
-1.09798e-05
0.0872099
-1.07809e-05
0.0872085
-1.05866e-05
0.0872072
-1.03966e-05
0.0872059
-1.02108e-05
0.0872046
-1.0029e-05
0.0872034
-9.85107e-06
0.0872022
-9.67681e-06
0.0872011
-9.50604e-06
0.0872
-9.33864e-06
0.0871989
-9.17448e-06
0.0871979
-9.01348e-06
0.0871968
-8.85558e-06
0.0871959
-8.70074e-06
0.0871949
-8.54892e-06
0.087194
-8.4001e-06
0.0871931
-8.25429e-06
0.0871922
-8.11148e-06
0.0871913
-7.97168e-06
0.0871905
-7.83494e-06
0.0871897
-7.70131e-06
0.0871889
-7.57089e-06
-7.44385e-06
0.0871881
0.0931759
-9.92949e-06
0.0931722
-9.75778e-06
0.0931686
-9.59056e-06
0.093165
-9.4273e-06
0.0931616
-9.2675e-06
0.0931582
-9.11073e-06
0.0931549
-8.95672e-06
0.0931516
-8.8053e-06
0.0931485
-8.65643e-06
0.0931454
-8.51013e-06
0.0931423
-8.36646e-06
0.0931394
-8.22548e-06
0.0931365
-8.08724e-06
0.0931337
-7.95174e-06
0.0931309
-7.81893e-06
0.0931282
-7.68874e-06
0.0931255
-7.56105e-06
0.0931229
-7.43572e-06
0.0931204
-7.31264e-06
0.0931179
-7.19167e-06
0.0931155
-7.07272e-06
0.0931131
-6.95571e-06
0.0931108
-6.84057e-06
0.0931085
-6.72729e-06
0.0931062
-6.61585e-06
0.093104
-6.50625e-06
0.0931019
-6.39849e-06
0.0930998
-6.29259e-06
0.0930977
-6.18856e-06
0.0930957
-6.08643e-06
0.0930937
-5.98621e-06
0.0930918
-5.88795e-06
0.0930899
-5.7917e-06
0.093088
-5.69755e-06
-5.60563e-06
0.0930861
0.097148
-5.16632e-06
0.0971433
-5.08221e-06
0.0971387
-5.00019e-06
0.0971342
-4.91997e-06
0.0971298
-4.84128e-06
0.0971254
-4.76388e-06
0.0971212
-4.68763e-06
0.097117
-4.61247e-06
0.0971128
-4.53837e-06
0.0971088
-4.46538e-06
0.0971048
-4.39355e-06
0.0971009
-4.32292e-06
0.0970971
-4.25352e-06
0.0970933
-4.18537e-06
0.0970896
-4.11843e-06
0.097086
-4.05266e-06
0.0970824
-3.98798e-06
0.0970789
-3.92433e-06
0.0970754
-3.86164e-06
0.0970721
-3.79984e-06
0.0970687
-3.73888e-06
0.0970654
-3.67874e-06
0.0970622
-3.61939e-06
0.0970591
-3.56084e-06
0.0970559
-3.50308e-06
0.0970529
-3.44614e-06
0.0970499
-3.39002e-06
0.0970469
-3.33475e-06
0.097044
-3.28034e-06
0.0970412
-3.22681e-06
0.0970383
-3.17418e-06
0.0970356
-3.12247e-06
0.0970329
-3.0717e-06
0.0970302
-3.02194e-06
-2.97326e-06
0.0970275
0.0991367
1.71245e-08
0.0991316
1.81561e-08
0.0991265
1.92525e-08
0.0991216
2.04007e-08
0.0991167
2.15889e-08
0.099112
2.28028e-08
0.0991072
2.40359e-08
0.0991026
2.52774e-08
0.099098
2.65264e-08
0.0990936
2.778e-08
0.0990891
2.90431e-08
0.0990848
3.03224e-08
0.0990805
3.16268e-08
0.0990763
3.29695e-08
0.0990721
3.43606e-08
0.099068
3.58133e-08
0.099064
3.73347e-08
0.09906
3.89325e-08
0.0990561
4.06075e-08
0.0990523
4.23595e-08
0.0990485
4.41837e-08
0.0990448
4.60733e-08
0.0990411
4.80207e-08
0.0990375
5.00168e-08
0.099034
5.20546e-08
0.0990305
5.41265e-08
0.099027
5.62283e-08
0.0990236
5.8356e-08
0.0990203
6.05083e-08
0.099017
6.26842e-08
0.0990137
6.48835e-08
0.0990106
6.71053e-08
0.0990074
6.93477e-08
0.0990043
7.16076e-08
7.38811e-08
0.0990013
0.0991367
5.20001e-06
0.0991316
5.1179e-06
0.0991266
5.03801e-06
0.0991216
4.96001e-06
0.0991168
4.88361e-06
0.099112
4.80856e-06
0.0991073
4.7347e-06
0.0991026
4.66195e-06
0.0990981
4.59029e-06
0.0990936
4.51976e-06
0.0990891
4.45041e-06
0.0990848
4.3823e-06
0.0990805
4.31548e-06
0.0990763
4.24998e-06
0.0990721
4.18578e-06
0.0990681
4.12288e-06
0.099064
4.0612e-06
0.0990601
4.00069e-06
0.0990562
3.94127e-06
0.0990523
3.88289e-06
0.0990485
3.82549e-06
0.0990448
3.76902e-06
0.0990412
3.71346e-06
0.0990375
3.65878e-06
0.099034
3.60499e-06
0.0990305
3.55207e-06
0.0990271
3.50005e-06
0.0990237
3.44893e-06
0.0990203
3.39873e-06
0.099017
3.34945e-06
0.0990138
3.30111e-06
0.0990106
3.25374e-06
0.0990075
3.20736e-06
0.0990044
3.16202e-06
3.11776e-06
0.0990013
0.097148
9.96147e-06
0.0971433
9.79161e-06
0.0971387
9.62634e-06
0.0971342
9.4651e-06
0.0971298
9.30737e-06
0.0971255
9.15273e-06
0.0971212
9.00089e-06
0.097117
8.85169e-06
0.0971129
8.70506e-06
0.0971089
8.56105e-06
0.0971049
8.41971e-06
0.097101
8.28113e-06
0.0970972
8.14536e-06
0.0970934
8.01241e-06
0.0970897
7.88224e-06
0.0970861
7.75479e-06
0.0970825
7.62995e-06
0.097079
7.50759e-06
0.0970755
7.38757e-06
0.0970721
7.26979e-06
0.0970688
7.15412e-06
0.0970655
7.04048e-06
0.0970623
6.92882e-06
0.0970592
6.8191e-06
0.0970561
6.7113e-06
0.097053
6.6054e-06
0.09705
6.50142e-06
0.0970471
6.39936e-06
0.0970442
6.29924e-06
0.0970413
6.20106e-06
0.0970385
6.10484e-06
0.0970357
6.01063e-06
0.097033
5.91845e-06
0.0970304
5.82839e-06
5.74055e-06
0.0970277
0.093176
1.37724e-05
0.0931723
1.3512e-05
0.0931686
1.3259e-05
0.0931651
1.30127e-05
0.0931616
1.27726e-05
0.0931582
1.25381e-05
0.0931549
1.23087e-05
0.0931517
1.20842e-05
0.0931485
1.18644e-05
0.0931455
1.16492e-05
0.0931424
1.14387e-05
0.0931395
1.12329e-05
0.0931366
1.10318e-05
0.0931338
1.08353e-05
0.093131
1.06434e-05
0.0931283
1.04559e-05
0.0931257
1.02727e-05
0.0931231
1.00936e-05
0.0931205
9.91842e-06
0.0931181
9.74694e-06
0.0931156
9.57903e-06
0.0931133
9.41455e-06
0.0931109
9.25339e-06
0.0931087
9.09546e-06
0.0931064
8.94071e-06
0.0931043
8.78908e-06
0.0931021
8.64056e-06
0.0931
8.49511e-06
0.093098
8.35273e-06
0.093096
8.2134e-06
0.093094
8.07714e-06
0.093092
7.94395e-06
0.0930902
7.8139e-06
0.0930883
7.68704e-06
7.56355e-06
0.0930865
0.0872328
1.59934e-05
0.0872307
1.56539e-05
0.0872286
1.53252e-05
0.0872266
1.50066e-05
0.0872247
1.46973e-05
0.0872228
1.43966e-05
0.087221
1.41039e-05
0.0872193
1.38187e-05
0.0872176
1.35408e-05
0.087216
1.32699e-05
0.0872144
1.30059e-05
0.0872129
1.27486e-05
0.0872115
1.24979e-05
0.08721
1.22538e-05
0.0872087
1.20161e-05
0.0872073
1.17845e-05
0.087206
1.15589e-05
0.0872048
1.13391e-05
0.0872036
1.11248e-05
0.0872024
1.09158e-05
0.0872013
1.07119e-05
0.0872002
1.05127e-05
0.0871991
1.03183e-05
0.0871981
1.01284e-05
0.0871971
9.94282e-06
0.0871961
9.76154e-06
0.0871952
9.58446e-06
0.0871943
9.4115e-06
0.0871934
9.2426e-06
0.0871925
9.07772e-06
0.0871917
8.91685e-06
0.0871909
8.75995e-06
0.0871901
8.6071e-06
0.0871893
8.45833e-06
8.31381e-06
0.0871885
0.0793384
1.60691e-05
0.0793384
1.56887e-05
0.0793384
1.5322e-05
0.0793384
1.49683e-05
0.0793385
1.46265e-05
0.0793386
1.42958e-05
0.0793387
1.39755e-05
0.0793388
1.36649e-05
0.079339
1.33635e-05
0.0793392
1.30709e-05
0.0793394
1.27866e-05
0.0793397
1.25106e-05
0.0793399
1.22426e-05
0.0793402
1.19823e-05
0.0793405
1.17296e-05
0.0793408
1.14843e-05
0.0793411
1.12461e-05
0.0793414
1.10148e-05
0.0793418
1.079e-05
0.0793421
1.05716e-05
0.0793425
1.03591e-05
0.0793428
1.01523e-05
0.0793432
9.95106e-06
0.0793436
9.75507e-06
0.0793439
9.56413e-06
0.0793443
9.37811e-06
0.0793447
9.19682e-06
0.0793451
9.02021e-06
0.0793455
8.84812e-06
0.0793459
8.68053e-06
0.0793463
8.51736e-06
0.0793467
8.35861e-06
0.0793471
8.20426e-06
0.0793475
8.0544e-06
7.90912e-06
0.0793479
0.0695178
1.3875e-05
0.06952
1.3516e-05
0.0695221
1.31714e-05
0.0695243
1.28405e-05
0.0695264
1.25221e-05
0.0695284
1.22155e-05
0.0695305
1.19196e-05
0.0695325
1.16337e-05
0.0695345
1.13572e-05
0.0695365
1.10896e-05
0.0695385
1.08304e-05
0.0695404
1.05794e-05
0.0695423
1.03363e-05
0.0695442
1.01009e-05
0.069546
9.87302e-06
0.0695479
9.65242e-06
0.0695497
9.43881e-06
0.0695515
9.23202e-06
0.0695532
9.03167e-06
0.069555
8.83754e-06
0.0695567
8.64926e-06
0.0695583
8.46659e-06
0.06956
8.28918e-06
0.0695616
8.11687e-06
0.0695633
7.94935e-06
0.0695649
7.78651e-06
0.0695664
7.62811e-06
0.069568
7.47411e-06
0.0695695
7.32432e-06
0.069571
7.17876e-06
0.0695725
7.03726e-06
0.0695739
6.89991e-06
0.0695754
6.76661e-06
0.0695768
6.63749e-06
6.51255e-06
0.0695782
0.0577945
9.96476e-06
0.0577983
9.68991e-06
0.057802
9.42718e-06
0.0578057
9.17565e-06
0.0578093
8.93456e-06
0.0578128
8.70297e-06
0.0578162
8.48016e-06
0.0578196
8.26536e-06
0.0578229
8.05808e-06
0.0578261
7.85778e-06
0.0578293
7.66422e-06
0.0578324
7.47704e-06
0.0578354
7.29618e-06
0.0578384
7.12136e-06
0.0578413
6.95254e-06
0.0578442
6.78944e-06
0.057847
6.632e-06
0.0578498
6.47987e-06
0.0578525
6.33293e-06
0.0578551
6.19081e-06
0.0578577
6.05334e-06
0.0578603
5.92016e-06
0.0578628
5.79114e-06
0.0578652
5.66594e-06
0.0578676
5.5445e-06
0.05787
5.42651e-06
0.0578723
5.312e-06
0.0578746
5.20071e-06
0.0578768
5.09271e-06
0.057879
4.98781e-06
0.0578811
4.8861e-06
0.0578832
4.78743e-06
0.0578853
4.69194e-06
0.0578874
4.59952e-06
4.5104e-06
0.0578894
0.0441824
5.47331e-06
0.0441868
5.31609e-06
0.044191
5.16622e-06
0.0441952
5.02309e-06
0.0441992
4.88619e-06
0.0442032
4.7549e-06
0.044207
4.62876e-06
0.0442108
4.50728e-06
0.0442144
4.39015e-06
0.044218
4.27706e-06
0.0442215
4.16787e-06
0.0442249
4.0624e-06
0.0442283
3.96062e-06
0.0442315
3.86239e-06
0.0442347
3.76769e-06
0.0442378
3.67639e-06
0.0442409
3.58842e-06
0.0442438
3.5036e-06
0.0442467
3.42181e-06
0.0442496
3.34285e-06
0.0442524
3.26659e-06
0.0442551
3.19281e-06
0.0442578
3.1214e-06
0.0442604
3.05218e-06
0.044263
2.98508e-06
0.0442655
2.91995e-06
0.0442679
2.85677e-06
0.0442703
2.79543e-06
0.0442727
2.73595e-06
0.044275
2.67824e-06
0.0442772
2.62235e-06
0.0442795
2.56822e-06
0.0442816
2.51591e-06
0.0442838
2.46538e-06
2.41674e-06
0.0442859
0.0286833
1.74588e-06
0.0286869
1.69452e-06
0.0286904
1.64566e-06
0.0286939
1.59904e-06
0.0286972
1.55449e-06
0.0287004
1.51176e-06
0.0287036
1.47072e-06
0.0287067
1.43118e-06
0.0287097
1.39306e-06
0.0287126
1.35627e-06
0.0287154
1.32078e-06
0.0287182
1.28652e-06
0.0287209
1.25351e-06
0.0287236
1.2217e-06
0.0287261
1.19108e-06
0.0287286
1.16161e-06
0.0287311
1.13327e-06
0.0287335
1.10597e-06
0.0287358
1.07968e-06
0.0287381
1.05432e-06
0.0287404
1.02985e-06
0.0287426
1.00619e-06
0.0287447
9.83293e-07
0.0287468
9.61105e-07
0.0287488
9.39609e-07
0.0287508
9.18752e-07
0.0287528
8.98539e-07
0.0287547
8.78928e-07
0.0287566
8.59935e-07
0.0287584
8.41526e-07
0.0287602
8.23726e-07
0.028762
8.06504e-07
0.0287637
7.89889e-07
0.0287654
7.73859e-07
7.58463e-07
0.0287671
0.0112907
0.0112923
0.011294
0.0112956
0.0112971
0.0112987
0.0113001
0.0113016
0.0113029
0.0113043
0.0113056
0.0113069
0.0113082
0.0113094
0.0113106
0.0113117
0.0113129
0.011314
0.0113151
0.0113161
0.0113171
0.0113181
0.0113191
0.0113201
0.011321
0.011322
0.0113228
0.0113237
0.0113246
0.0113254
0.0113263
0.0113271
0.0113279
0.0113286
0.0113294
0.01133
-7.40082e-07
0.0113307
-7.26048e-07
0.0113315
-7.12852e-07
0.0113322
-7.0064e-07
0.0113328
-6.89831e-07
0.0113335
-6.8055e-07
0.0113342
-6.71458e-07
0.0113349
-6.74889e-07
0.0113355
-6.4223e-07
-8.14456e-07
0.0287684
-2.35523e-06
0.02877
-2.31055e-06
0.0287715
-2.26821e-06
0.0287731
-2.22857e-06
0.0287746
-2.19193e-06
0.028776
-2.15907e-06
0.0287775
-2.12808e-06
0.0287789
-2.10874e-06
0.0287803
-2.06298e-06
-2.17169e-06
0.0442875
-4.39201e-06
0.0442895
-4.30934e-06
0.0442915
-4.23062e-06
0.0442934
-4.1563e-06
0.0442953
-4.08685e-06
0.0442971
-4.02297e-06
0.044299
-3.9643e-06
0.0443008
-3.9142e-06
0.0443026
-3.8589e-06
-3.84467e-06
0.0578908
-6.33714e-06
0.0578927
-6.22028e-06
0.0578946
-6.10861e-06
0.0578964
-6.00267e-06
0.0578983
-5.90327e-06
0.0579
-5.81086e-06
0.0579018
-5.72755e-06
0.0579035
-5.64813e-06
0.0579053
-5.59794e-06
-5.46948e-06
0.069579
-7.68948e-06
0.0695803
-7.55231e-06
0.0695817
-7.42088e-06
0.069583
-7.29581e-06
0.0695842
-7.17828e-06
0.0695855
-7.06829e-06
0.0695867
-6.97166e-06
0.069588
-6.87383e-06
0.0695892
-6.83757e-06
-6.63002e-06
0.0793478
-8.07106e-06
0.0793482
-7.93315e-06
0.0793485
-7.80072e-06
0.0793489
-7.67439e-06
0.0793493
-7.55564e-06
0.0793497
-7.44428e-06
0.0793501
-7.34852e-06
0.0793504
-7.24727e-06
0.0793508
-7.22934e-06
-6.98962e-06
0.0871874
-7.32043e-06
0.0871866
-7.20097e-06
0.0871859
-7.08603e-06
0.0871852
-6.97621e-06
0.0871845
-6.873e-06
0.0871839
-6.7761e-06
0.0871832
-6.69424e-06
0.0871826
-6.60611e-06
0.0871819
-6.60152e-06
-6.37847e-06
0.0930843
-5.51613e-06
0.0930826
-5.42933e-06
0.0930808
-5.34568e-06
0.0930791
-5.26564e-06
0.0930774
-5.19045e-06
0.0930758
-5.11982e-06
0.0930741
-5.06119e-06
0.0930725
-4.9966e-06
0.0930709
-4.99948e-06
-4.83134e-06
0.097025
-2.92577e-06
0.0970224
-2.87963e-06
0.0970199
-2.83508e-06
0.0970174
-2.79239e-06
0.097015
-2.75227e-06
0.0970126
-2.71462e-06
0.0970102
-2.68351e-06
0.0970079
-2.64934e-06
0.0970055
-2.65257e-06
-2.56297e-06
0.0989983
7.61601e-08
0.0989953
7.84359e-08
0.0989924
8.06982e-08
0.0989895
8.29277e-08
0.0989867
8.50953e-08
0.0989839
8.71803e-08
0.0989811
8.89644e-08
0.0989784
9.0174e-08
0.0989756
9.15186e-08
9.13514e-08
0.0989983
3.07471e-06
0.0989954
3.03298e-06
0.0989925
2.99281e-06
0.0989896
2.95444e-06
0.0989868
2.91853e-06
0.098984
2.88476e-06
0.0989812
2.85713e-06
0.0989785
2.82594e-06
0.0989757
2.83037e-06
2.74139e-06
0.0970252
5.65513e-06
0.0970226
5.57236e-06
0.0970201
5.49267e-06
0.0970177
5.41651e-06
0.0970152
5.34504e-06
0.0970128
5.27792e-06
0.0970105
5.22233e-06
0.0970081
5.15996e-06
0.0970058
5.16503e-06
4.99702e-06
0.0930847
7.44361e-06
0.0930829
7.32758e-06
0.0930812
7.21597e-06
0.0930795
7.10934e-06
0.0930778
7.00916e-06
0.0930762
6.91505e-06
0.0930746
6.83561e-06
0.093073
6.74955e-06
0.0930714
6.74647e-06
6.52418e-06
0.0871878
8.17374e-06
0.0871871
8.0385e-06
0.0871864
7.90857e-06
0.0871857
7.78462e-06
0.0871851
7.66806e-06
0.0871844
7.55857e-06
0.0871838
7.46461e-06
0.0871832
7.36511e-06
0.0871826
7.34812e-06
7.10972e-06
0.0793483
7.76867e-06
0.0793487
7.63329e-06
0.0793491
7.50355e-06
0.0793495
7.37995e-06
0.0793499
7.26368e-06
0.0793503
7.15492e-06
0.0793507
7.05934e-06
0.0793511
6.96217e-06
0.0793516
6.9275e-06
6.72147e-06
0.0695796
6.39207e-06
0.0695809
6.27619e-06
0.0695823
6.16541e-06
0.0695836
6.06012e-06
0.0695849
5.96133e-06
0.0695862
5.86925e-06
0.0695874
5.7863e-06
0.0695887
5.70812e-06
0.06959
5.65786e-06
5.53236e-06
0.0578913
4.42453e-06
0.0578933
4.34228e-06
0.0578952
4.26376e-06
0.057897
4.1896e-06
0.0578989
4.12006e-06
0.0579007
4.05607e-06
0.0579025
3.99784e-06
0.0579042
3.9477e-06
0.057906
3.8934e-06
3.8827e-06
0.0442879
2.37e-06
0.0442899
2.32535e-06
0.0442919
2.2829e-06
0.0442939
2.24304e-06
0.0442958
2.20602e-06
0.0442977
2.17311e-06
0.0442995
2.14185e-06
0.0443013
2.12301e-06
0.0443032
2.07796e-06
2.19127e-06
0.0287687
7.4369e-07
0.0287703
7.296e-07
0.0287718
7.1619e-07
0.0287734
7.03788e-07
0.0287749
6.92797e-07
0.0287764
6.83014e-07
0.0287778
6.74025e-07
0.0287793
6.78021e-07
0.0287807
6.45424e-07
8.23055e-07
0.0113301
0.0113309
0.0113316
0.0113323
0.011333
0.0113337
0.0113343
0.011335
0.0113356
)
;

boundaryField
{
    inlet
    {
        type            calculated;
        value           nonuniform List<scalar> 
20
(
-0.00975
-0.02775
-0.04375
-0.05775
-0.06975
-0.07975
-0.08775
-0.09375
-0.09775
-0.09975
-0.09975
-0.09775
-0.09375
-0.08775
-0.07975
-0.06975
-0.05775
-0.04375
-0.02775
-0.00975
)
;
    }
    outlet
    {
        type            calculated;
        value           nonuniform List<scalar> 
20
(
0.0113363
0.0287817
0.0443042
0.0579069
0.0695904
0.0793512
0.0871813
0.0930694
0.0970032
0.098973
0.0989731
0.0970036
0.0930699
0.087182
0.0793519
0.0695911
0.0579076
0.0443049
0.0287821
0.0113365
)
;
    }
    upperWall
    {
        type            calculated;
        value           uniform 0;
    }
    lowerWall
    {
        type            calculated;
        value           uniform 0;
    }
    frontAndBack
    {
        type            empty;
    }
}


// ************************************************************************* //
