/*--------------------------------*- C++ -*----------------------------------*\
| =========                 |                                                 |
| \\      /  F ield         | OpenFOAM: The Open Source CFD Toolbox           |
|  \\    /   O peration     | Version:  2406                                  |
|   \\  /    A nd           | Website:  www.openfoam.com                      |
|    \\/     M anipulation  |                                                 |
\*---------------------------------------------------------------------------*/
FoamFile
{
    version     2.0;
    format      ascii;
    arch        "LSB;label=32;scalar=64";
    class       surfaceScalarField;
    location    "72";
    object      phi;
}
// * * * * * * * * * * * * * * * * * * * * * * * * * * * * * * * * * * * * * //

dimensions      [0 3 -1 0 0 0 0];

oriented        oriented;

internalField   nonuniform List<scalar> 
3880
(
0.010039
-0.000288984
0.0104068
-0.000367811
0.0107385
-0.000331673
0.0110212
-0.000282714
0.0112581
-0.000236947
0.0114545
-0.000196426
0.0116171
-0.000162565
0.0117525
-0.000135383
0.0118663
-0.000113816
-9.66795e-05
0.011963
0.0276016
-0.00014063
0.0275189
-0.000285046
0.0275062
-0.000318984
0.0275398
-0.000316291
0.0276047
-0.000301875
0.0276878
-0.000279571
0.0277789
-0.00025365
0.0278717
-0.000228206
0.0279629
-0.000204945
-0.000184166
0.0280504
0.0436854
-7.60375e-05
0.0435924
-0.000192077
0.0435174
-0.000243954
0.0434622
-0.000261108
0.0434248
-0.000264452
0.0434042
-0.000258942
0.0433976
-0.000247065
0.0434015
-0.000232172
0.0434132
-0.00021658
-0.000201317
0.0434303
0.0577218
-4.78527e-05
0.0576606
-0.000130905
0.0575981
-0.000181467
0.057543
-0.000206016
0.0574954
-0.000216806
0.0574556
-0.00021916
0.0574237
-0.000215091
0.0573984
-0.000206892
0.0573785
-0.000196691
-0.000185788
0.057363
0.0697344
-3.22946e-05
0.069695
-9.15141e-05
0.0696478
-0.000134241
0.0696013
-0.000159495
0.0695574
-0.0001729
0.0695169
-0.000178692
0.0694806
-0.000178769
0.0694484
-0.000174727
0.06942
-0.000168229
-0.000160516
0.0693947
0.0797401
-2.23593e-05
0.079713
-6.45022e-05
0.0796766
-9.77787e-05
0.079637
-0.000119929
0.0795972
-0.000133064
0.0795584
-0.00013989
0.0795216
-0.000141978
0.0794873
-0.000140483
0.0794557
-0.00013661
-0.000131375
0.0794266
0.0877429
-1.52183e-05
0.0877226
-4.42759e-05
0.0876932
-6.83885e-05
0.087659
-8.56749e-05
0.0876226
-9.67194e-05
0.0875858
-0.000103012
0.0875494
-0.000105662
0.0875145
-0.000105499
0.0874812
-0.000103363
-0.000100006
0.0874498
0.0937443
-9.5294e-06
0.0937279
-2.78441e-05
0.0937029
-4.34668e-05
0.0936724
-5.51745e-05
0.0936387
-6.30219e-05
0.0936035
-6.77354e-05
0.0935678
-6.99841e-05
0.0935326
-7.03068e-05
0.0934985
-6.92447e-05
-6.72867e-05
0.0934658
0.0977451
-4.5999e-06
0.0977307
-1.34677e-05
0.0977084
-2.11395e-05
0.0976802
-2.70254e-05
0.0976483
-3.10756e-05
0.0976141
-3.35781e-05
0.097579
-3.48413e-05
0.0975438
-3.51294e-05
0.0975093
-3.47071e-05
-3.38139e-05
0.0974758
0.0997454
-1.76697e-10
0.0997319
7.99895e-10
0.0997108
2.22634e-10
0.0996838
-2.80302e-11
0.0996527
1.00613e-09
0.0996191
1.39023e-09
0.0995843
6.42428e-10
0.0995491
-1.37233e-10
0.0995144
7.32747e-11
1.2719e-09
0.0994806
0.0997454
4.59996e-06
0.0997319
1.34673e-05
0.0997108
2.1141e-05
0.0996838
2.7027e-05
0.0996527
3.10757e-05
0.0996191
3.35786e-05
0.0995843
3.4843e-05
0.0995491
3.5131e-05
0.0995144
3.47084e-05
3.38161e-05
0.0994806
0.0977451
9.52918e-06
0.0977307
2.78455e-05
0.0977084
4.34673e-05
0.0976802
5.51749e-05
0.0976483
6.30227e-05
0.0976141
6.77365e-05
0.097579
6.99853e-05
0.0975438
7.03068e-05
0.0975093
6.92444e-05
6.72894e-05
0.0974758
0.0937443
1.52183e-05
0.0937279
4.42759e-05
0.0937029
6.83896e-05
0.0936724
8.56749e-05
0.0936387
9.67198e-05
0.0936035
0.000103014
0.0935678
0.000105664
0.0935326
0.000105497
0.0934985
0.000103361
0.000100007
0.0934658
0.0877429
2.23592e-05
0.0877226
6.45015e-05
0.0876932
9.77788e-05
0.087659
0.00011993
0.0876226
0.000133064
0.0875858
0.000139891
0.0875494
0.00014198
0.0875145
0.000140482
0.0874812
0.000136605
0.000131373
0.0874498
0.0797401
3.22943e-05
0.079713
9.15153e-05
0.0796766
0.000134241
0.079637
0.000159492
0.0795972
0.000172901
0.0795584
0.000178695
0.0795216
0.000178772
0.0794873
0.000174725
0.0794557
0.000168224
0.000160513
0.0794266
0.0697344
4.78529e-05
0.069695
0.000130904
0.0696478
0.000181466
0.0696013
0.000206017
0.0695574
0.000216804
0.0695169
0.000219159
0.0694806
0.000215094
0.0694484
0.000206895
0.06942
0.00019669
0.000185783
0.0693947
0.0577218
7.60374e-05
0.0576606
0.000192077
0.0575981
0.000243953
0.057543
0.000261108
0.0574954
0.000264451
0.0574556
0.000258939
0.0574237
0.000247063
0.0573984
0.000232174
0.0573785
0.000216585
0.000201315
0.0573629
0.0436854
0.00014063
0.0435924
0.000285046
0.0435174
0.000318984
0.0434622
0.000316291
0.0434248
0.000301874
0.0434042
0.000279568
0.0433976
0.000253643
0.0434015
0.000228207
0.0434132
0.000204955
0.000184168
0.0434303
0.0276016
0.000288984
0.0275189
0.000367809
0.0275062
0.000331672
0.0275398
0.000282718
0.0276047
0.000236947
0.0276878
0.000196419
0.0277789
0.000162561
0.0278717
0.000135387
0.0279629
0.00011382
9.66781e-05
0.0280504
0.010039
0.0104068
0.0107385
0.0110212
0.0112581
0.0114545
0.0116171
0.0117525
0.0118663
0.011963
0.012046
-8.3009e-05
0.012118
-7.20316e-05
0.0121812
-6.31345e-05
0.012237
-5.58543e-05
0.0122869
-4.98396e-05
0.0123317
-4.48125e-05
0.0123722
-4.05582e-05
0.0124092
-3.69202e-05
0.012443
-3.37896e-05
0.012474
-3.1087e-05
0.0125028
-2.87439e-05
0.0125295
-2.66981e-05
0.0125544
-2.48943e-05
0.0125776
-2.32858e-05
0.0125995
-2.18394e-05
0.01262
-2.05311e-05
0.0126394
-1.93452e-05
0.0126577
-1.82702e-05
0.0126749
-1.72953e-05
0.0126914
-1.64109e-05
0.012707
-1.56058e-05
0.0127218
-1.48698e-05
0.012736
-1.41932e-05
0.0127496
-1.35672e-05
0.0127626
-1.29855e-05
0.012775
-1.24422e-05
0.0127869
-1.19339e-05
0.0127984
-1.14574e-05
0.0128094
-1.10107e-05
0.01282
-1.0592e-05
0.0128302
-1.01993e-05
0.01284
-9.83133e-06
0.0128495
-9.486e-06
0.0128587
-9.16161e-06
-8.85626e-06
0.0128675
0.0281332
-0.000165831
0.0282109
-0.000149778
0.0282836
-0.000135767
0.0283513
-0.000123557
0.0284143
-0.000112925
0.0284732
-0.000103638
0.0285281
-9.54643e-05
0.0285794
-8.82141e-05
0.0286274
-8.17637e-05
0.0286723
-7.60349e-05
0.0287145
-7.09617e-05
0.0287543
-6.64669e-05
0.0287919
-6.24611e-05
0.0288274
-5.88555e-05
0.0288611
-5.55751e-05
0.0288932
-5.25673e-05
0.0289236
-4.98003e-05
0.0289526
-4.72568e-05
0.0289803
-4.49257e-05
0.0290067
-4.27948e-05
0.0290319
-4.08485e-05
0.0290561
-3.90663e-05
0.0290793
-3.74261e-05
0.0291017
-3.5906e-05
0.0291232
-3.44869e-05
0.0291439
-3.31542e-05
0.0291638
-3.18974e-05
0.0291831
-3.07104e-05
0.0292017
-2.95893e-05
0.0292196
-2.85321e-05
0.029237
-2.75369e-05
0.0292537
-2.66012e-05
0.02927
-2.57222e-05
0.0292857
-2.48955e-05
-2.41168e-05
0.029301
0.0434513
-0.000186855
0.043475
-0.000173434
0.0435004
-0.00016113
0.0435268
-0.000149956
0.0435537
-0.00013989
0.0435809
-0.00013084
0.0436081
-0.000122659
0.0436351
-0.000115201
0.0436617
-0.00010838
0.0436879
-0.00010217
0.0437135
-9.65566e-05
0.0437385
-9.15088e-05
0.043763
-8.69585e-05
0.043787
-8.28171e-05
0.0438104
-7.89984e-05
0.0438333
-7.54378e-05
0.0438556
-7.20999e-05
0.0438773
-6.89732e-05
0.0438984
-6.60592e-05
0.043919
-6.33606e-05
0.043939
-6.08724e-05
0.0439585
-5.85798e-05
0.0439776
-5.64594e-05
0.0439961
-5.44842e-05
0.0440143
-5.26279e-05
0.044032
-5.08688e-05
0.0440493
-4.91924e-05
0.0440662
-4.75904e-05
0.0440826
-4.606e-05
0.0440987
-4.46015e-05
0.0441144
-4.32164e-05
0.0441297
-4.19052e-05
0.0441446
-4.06668e-05
0.0441592
-3.94977e-05
-3.83928e-05
0.0441735
0.057351
-0.000174878
0.0573419
-0.000164339
0.0573351
-0.000154379
0.0573303
-0.000145135
0.0573271
-0.000136695
0.0573253
-0.000129048
0.0573248
-0.000122092
0.0573252
-0.000115696
0.0573267
-0.000109782
0.0573288
-0.000104338
0.0573317
-9.93853e-05
0.0573351
-9.49244e-05
0.0573391
-9.09147e-05
0.0573435
-8.72769e-05
0.0573484
-8.39202e-05
0.0573537
-8.07699e-05
0.0573594
-7.77821e-05
0.0573654
-7.49452e-05
0.0573716
-7.2268e-05
0.057378
-6.97661e-05
0.0573846
-6.7448e-05
0.0573913
-6.53095e-05
0.0573982
-6.3333e-05
0.0574052
-6.1492e-05
0.0574123
-5.97574e-05
0.0574196
-5.81034e-05
0.0574269
-5.65116e-05
0.0574343
-5.49722e-05
0.0574417
-5.34828e-05
0.0574491
-5.20465e-05
0.0574566
-5.06686e-05
0.057464
-4.9354e-05
0.0574715
-4.81054e-05
0.0574789
-4.69223e-05
-4.58013e-05
0.0574863
0.0693721
-0.000152325
0.0693519
-0.000144078
0.0693336
-0.000136042
0.0693169
-0.000128428
0.0693016
-0.000121389
0.0692875
-0.000114978
0.0692745
-0.000109135
0.0692626
-0.000103748
0.0692515
-9.87427e-05
0.0692413
-9.41084e-05
0.0692318
-8.98776e-05
0.069223
-8.60754e-05
0.0692147
-8.26846e-05
0.0692071
-7.96433e-05
0.0692
-7.68655e-05
0.0691935
-7.42715e-05
0.0691876
-7.18085e-05
0.0691821
-6.94574e-05
0.069177
-6.72255e-05
0.0691724
-6.5132e-05
0.0691681
-6.31936e-05
0.0691642
-6.14146e-05
0.0691607
-5.97843e-05
0.0691575
-5.82798e-05
0.0691546
-5.6872e-05
0.069152
-5.55332e-05
0.0691498
-5.42415e-05
0.0691478
-5.2984e-05
0.069146
-5.17568e-05
0.0691446
-5.05629e-05
0.0691433
-4.94091e-05
0.0691422
-4.83029e-05
0.0691414
-4.72497e-05
0.0691407
-4.6252e-05
-4.53081e-05
0.0691402
0.0793997
-0.00012544
0.0793748
-0.000119201
0.0793517
-0.000112928
0.0793302
-0.000106853
0.0793099
-0.000101166
0.0792909
-9.59546e-05
0.079273
-9.11926e-05
0.079256
-8.67913e-05
0.0792399
-8.26791e-05
0.0792246
-7.88448e-05
0.0792101
-7.53233e-05
0.0791962
-7.21523e-05
0.0791829
-6.93359e-05
0.0791701
-6.68327e-05
0.0791578
-6.45716e-05
0.079146
-6.24774e-05
0.0791346
-6.04945e-05
0.0791238
-5.85979e-05
0.0791133
-5.67897e-05
0.0791033
-5.50877e-05
0.0790936
-5.35115e-05
0.0790843
-5.20713e-05
0.0790752
-5.07634e-05
0.0790665
-4.95704e-05
0.0790582
-4.84674e-05
0.0790501
-4.74274e-05
0.0790422
-4.6428e-05
0.0790347
-4.54543e-05
0.0790274
-4.45003e-05
0.0790204
-4.35675e-05
0.0790137
-4.2662e-05
0.0790072
-4.17919e-05
0.0790009
-4.09638e-05
0.0789948
-4.01816e-05
-3.94455e-05
0.0789889
0.0874203
-9.59451e-05
0.0873926
-9.15e-05
0.0873666
-8.69039e-05
0.0873422
-8.23695e-05
0.0873191
-7.80761e-05
0.0872972
-7.41203e-05
0.0872765
-7.04969e-05
0.0872569
-6.71397e-05
0.0872382
-6.39883e-05
0.0872203
-6.10289e-05
0.0872033
-5.82913e-05
0.087187
-5.58147e-05
0.0871713
-5.36151e-05
0.0871562
-5.16703e-05
0.0871415
-4.99282e-05
0.0871274
-4.83271e-05
0.0871137
-4.68169e-05
0.0871004
-4.53707e-05
0.0870876
-4.3986e-05
0.0870752
-4.2676e-05
0.0870631
-4.14588e-05
0.0870514
-4.03469e-05
0.08704
-3.93414e-05
0.0870289
-3.84319e-05
0.087018
-3.75992e-05
0.0870074
-3.68215e-05
0.0869971
-3.60787e-05
0.086987
-3.53565e-05
0.0869771
-3.4648e-05
0.0869675
-3.39531e-05
0.0869581
-3.32764e-05
0.0869489
-3.26246e-05
0.0869399
-3.20043e-05
0.0869312
-3.14197e-05
-3.08722e-05
0.0869226
0.0934346
-6.47784e-05
0.093405
-6.194e-05
0.0933771
-5.89382e-05
0.0933507
-5.5932e-05
0.0933256
-5.30607e-05
0.0933019
-5.04044e-05
0.0932794
-4.79687e-05
0.093258
-4.57093e-05
0.0932375
-4.35806e-05
0.0932181
-4.15692e-05
0.0931995
-3.96954e-05
0.0931817
-3.79913e-05
0.0931645
-3.64754e-05
0.093148
-3.51396e-05
0.0931321
-3.39512e-05
0.0931166
-3.2867e-05
0.0931016
-3.18486e-05
0.0930871
-3.08731e-05
0.093073
-2.99351e-05
0.0930594
-2.90427e-05
0.0930461
-2.82091e-05
0.0930332
-2.74455e-05
0.0930207
-2.67555e-05
0.0930084
-2.61341e-05
0.0929964
-2.55693e-05
0.0929846
-2.50459e-05
0.0929731
-2.4549e-05
0.0929618
-2.40674e-05
0.0929507
-2.35948e-05
0.0929399
-2.31302e-05
0.0929293
-2.26763e-05
0.0929189
-2.22378e-05
0.0929087
-2.18198e-05
0.0928987
-2.1426e-05
-2.10579e-05
0.0928889
0.0974436
-3.26213e-05
0.0974129
-3.1241e-05
0.0973837
-2.97603e-05
0.0973561
-2.82635e-05
0.0973299
-2.68254e-05
0.097305
-2.54919e-05
0.0972813
-2.4269e-05
0.0972587
-2.31351e-05
0.0972371
-2.20653e-05
0.0972166
-2.10499e-05
0.097197
-2.00983e-05
0.0971782
-1.92281e-05
0.0971602
-1.84522e-05
0.0971429
-1.77698e-05
0.0971261
-1.71663e-05
0.0971099
-1.66198e-05
0.0970941
-1.61091e-05
0.0970789
-1.56203e-05
0.097064
-1.51485e-05
0.0970497
-1.46969e-05
0.0970357
-1.42726e-05
0.0970222
-1.3882e-05
0.097009
-1.35287e-05
0.0969961
-1.32111e-05
0.0969834
-1.29241e-05
0.0969711
-1.26599e-05
0.0969589
-1.24106e-05
0.096947
-1.21699e-05
0.0969354
-1.19336e-05
0.0969239
-1.17009e-05
0.0969127
-1.14726e-05
0.0969017
-1.12514e-05
0.0968909
-1.10399e-05
0.0968803
-1.08404e-05
-1.0654e-05
0.0968699
0.099448
1.59974e-09
0.0994167
-4.53896e-10
0.099387
-3.21385e-09
0.0993587
-3.24147e-09
0.0993319
6.89208e-10
0.0993064
5.62499e-09
0.0992822
7.13595e-09
0.099259
3.6327e-09
0.0992369
-2.65916e-09
0.0992159
-7.68947e-09
0.0991958
-8.40705e-09
0.0991766
-4.69323e-09
0.0991581
1.22693e-09
0.0991404
6.2915e-09
0.0991232
8.19353e-09
0.0991066
6.52193e-09
0.0990905
2.35423e-09
0.0990748
-2.29769e-09
0.0990597
-5.57282e-09
0.099045
-6.49033e-09
0.0990307
-5.00405e-09
0.0990168
-2.00735e-09
0.0990033
1.35752e-09
0.0989901
3.99478e-09
0.0989772
5.2536e-09
0.0989645
5.05669e-09
0.0989521
3.72355e-09
0.0989399
1.91622e-09
0.098928
2.47042e-10
0.0989163
-7.80043e-10
0.0989048
-9.63344e-10
0.0988935
-3.68614e-10
0.0988825
7.59305e-10
0.0988717
2.05549e-09
3.21612e-09
0.098861
0.099448
3.26235e-05
0.0994167
3.12397e-05
0.099387
2.97546e-05
0.0993587
2.8258e-05
0.0993319
2.68268e-05
0.0993064
2.55014e-05
0.0992822
2.42809e-05
0.099259
2.31409e-05
0.0992369
2.20605e-05
0.0992159
2.1037e-05
0.0991958
2.00846e-05
0.0991766
1.92211e-05
0.0991581
1.84552e-05
0.0991404
1.77807e-05
0.0991232
1.71798e-05
0.0991066
1.66298e-05
0.0990905
1.61118e-05
0.0990748
1.56153e-05
0.0990597
1.51386e-05
0.099045
1.46864e-05
0.0990307
1.42652e-05
0.0990168
1.38802e-05
0.0990033
1.35325e-05
0.0989901
1.32191e-05
0.0989772
1.29335e-05
0.0989645
1.26683e-05
0.0989521
1.24162e-05
0.0989399
1.21721e-05
0.098928
1.19331e-05
0.0989163
1.16989e-05
0.0989048
1.14709e-05
0.0988935
1.12513e-05
0.0988825
1.10422e-05
0.0988717
1.08453e-05
1.06611e-05
0.098861
0.0974436
6.47839e-05
0.0974129
6.1942e-05
0.0973837
5.89331e-05
0.0973561
5.59243e-05
0.0973299
5.30585e-05
0.097305
5.04108e-05
0.0972813
4.79785e-05
0.0972587
4.5715e-05
0.0972371
4.35782e-05
0.0972166
4.15608e-05
0.097197
3.96867e-05
0.0971782
3.79874e-05
0.0971602
3.64782e-05
0.0971429
3.5147e-05
0.0971261
3.39589e-05
0.0971099
3.28713e-05
0.0970941
3.18478e-05
0.0970789
3.0868e-05
0.0970641
2.99283e-05
0.0970497
2.90373e-05
0.0970357
2.82073e-05
0.0970222
2.7448e-05
0.097009
2.67613e-05
0.0969961
2.61413e-05
0.0969834
2.55759e-05
0.0969711
2.50503e-05
0.0969589
2.45505e-05
0.096947
2.40664e-05
0.0969354
2.35924e-05
0.0969239
2.31279e-05
0.0969127
2.26754e-05
0.0969017
2.22393e-05
0.0968909
2.1824e-05
0.0968803
2.14325e-05
2.10661e-05
0.0968699
0.0934346
9.59505e-05
0.093405
9.15041e-05
0.0933771
8.69025e-05
0.0933507
8.23649e-05
0.0933256
7.80736e-05
0.0933019
7.41218e-05
0.0932794
7.04999e-05
0.093258
6.71409e-05
0.0932375
6.39869e-05
0.0932181
6.1027e-05
0.0931995
5.82913e-05
0.0931816
5.58176e-05
0.0931645
5.36193e-05
0.093148
5.16734e-05
0.0931321
4.9928e-05
0.0931166
4.83234e-05
0.0931016
4.6811e-05
0.0930871
4.53652e-05
0.093073
4.39832e-05
0.0930594
4.26772e-05
0.0930461
4.14638e-05
0.0930332
4.03541e-05
0.0930207
3.93488e-05
0.0930084
3.84375e-05
0.0929964
3.76019e-05
0.0929846
3.6821e-05
0.0929731
3.60756e-05
0.0929618
3.53523e-05
0.0929507
3.46443e-05
0.0929399
3.39512e-05
0.0929293
3.32772e-05
0.0929189
3.26283e-05
0.0929087
3.20104e-05
0.0928987
3.14276e-05
3.08808e-05
0.0928889
0.0874203
0.000125445
0.0873926
0.000119207
0.0873666
0.00011293
0.0873422
0.000106852
0.0873191
0.000101164
0.0872972
9.59521e-05
0.0872765
9.11891e-05
0.0872569
8.67875e-05
0.0872382
8.26779e-05
0.0872203
7.88484e-05
0.0872033
7.53312e-05
0.087187
7.21611e-05
0.0871713
6.93413e-05
0.0871561
6.68319e-05
0.0871415
6.45647e-05
0.0871274
6.24673e-05
0.0871137
6.04853e-05
0.0871004
5.85931e-05
0.0870876
5.67908e-05
0.0870752
5.50942e-05
0.0870631
5.3521e-05
0.0870514
5.20808e-05
0.08704
5.07703e-05
0.0870289
4.95733e-05
0.087018
4.84662e-05
0.0870074
4.74233e-05
0.0869971
4.64226e-05
0.086987
4.54494e-05
0.0869771
4.44974e-05
0.0869675
4.35674e-05
0.0869581
4.26648e-05
0.0869489
4.1797e-05
0.0869399
4.09704e-05
0.0869312
4.01887e-05
3.94524e-05
0.0869226
0.0793997
0.000152326
0.0793748
0.000144082
0.0793517
0.000136048
0.0793302
0.000128432
0.0793099
0.00012139
0.0792909
0.000114973
0.0792729
0.000109126
0.079256
0.000103741
0.0792399
9.8743e-05
0.0792246
9.41174e-05
0.0792101
8.98911e-05
0.0791962
8.60865e-05
0.0791829
8.26879e-05
0.0791701
7.96374e-05
0.0791578
7.68538e-05
0.079146
7.42593e-05
0.0791346
7.18009e-05
0.0791238
6.9457e-05
0.0791133
6.72318e-05
0.0791033
6.51421e-05
0.0790936
6.32038e-05
0.0790843
6.14217e-05
0.0790752
5.97866e-05
0.0790666
5.82775e-05
0.0790582
5.68668e-05
0.0790501
5.55272e-05
0.0790422
5.42367e-05
0.0790347
5.29818e-05
0.0790274
5.17577e-05
0.0790204
5.05665e-05
0.0790137
4.94144e-05
0.0790072
4.83086e-05
0.0790009
4.72551e-05
0.0789948
4.62562e-05
4.53111e-05
0.078989
0.0693721
0.000174872
0.0693519
0.000164338
0.0693336
0.000154386
0.0693169
0.000145145
0.0693016
0.000136698
0.0692875
0.000129041
0.0692745
0.000122079
0.0692625
0.000115688
0.0692515
0.000109785
0.0692413
0.000104352
0.0692318
9.94005e-05
0.069223
9.4933e-05
0.0692147
9.09126e-05
0.0692071
8.72659e-05
0.0692
8.39067e-05
0.0691935
8.07605e-05
0.0691875
7.77807e-05
0.069182
7.49518e-05
0.069177
7.22793e-05
0.0691724
6.97772e-05
0.0691681
6.74551e-05
0.0691642
6.53105e-05
0.0691607
6.33285e-05
0.0691575
6.14841e-05
0.0691546
5.97493e-05
0.0691521
5.80978e-05
0.0691498
5.651e-05
0.0691478
5.49748e-05
0.069146
5.34885e-05
0.0691445
5.20536e-05
0.0691433
5.06753e-05
0.0691422
4.93588e-05
0.0691414
4.81078e-05
0.0691407
4.69223e-05
4.57996e-05
0.0691402
0.057351
0.000186847
0.0573419
0.00017343
0.0573352
0.000161137
0.0573303
0.000149967
0.0573271
0.000139892
0.0573253
0.000130831
0.0573247
0.000122648
0.0573252
0.000115198
0.0573266
0.00010839
0.0573288
0.000102185
0.0573317
9.65673e-05
0.0573351
9.15085e-05
0.0573391
8.6948e-05
0.0573435
8.28029e-05
0.0573484
7.89882e-05
0.0573537
7.54366e-05
0.0573594
7.21079e-05
0.0573654
6.89866e-05
0.0573716
6.60723e-05
0.057378
6.33684e-05
0.0573846
6.08724e-05
0.0573913
5.85728e-05
0.0573982
5.64485e-05
0.0574052
5.44734e-05
0.0574124
5.26205e-05
0.0574196
5.08669e-05
0.0574269
4.91959e-05
0.0574343
4.75979e-05
0.0574417
4.60691e-05
0.0574491
4.46098e-05
0.0574566
4.32219e-05
0.057464
4.1907e-05
0.0574715
4.06649e-05
0.0574789
3.94933e-05
3.83874e-05
0.0574863
0.0434514
0.000165821
0.043475
0.000149772
0.0435004
0.000135773
0.0435268
0.000123566
0.0435537
0.000112924
0.0435809
0.00010363
0.0436081
9.54585e-05
0.0436351
8.82194e-05
0.0436617
8.17772e-05
0.0436879
7.60469e-05
0.0437135
7.09635e-05
0.0437385
6.64573e-05
0.043763
6.24461e-05
0.043787
5.88436e-05
0.0438104
5.55726e-05
0.0438332
5.25753e-05
0.0438555
4.98148e-05
0.0438773
4.72717e-05
0.0438984
4.49351e-05
0.043919
4.27958e-05
0.043939
4.08414e-05
0.0439586
3.90543e-05
0.0439776
3.74136e-05
0.0439961
3.58969e-05
0.0440143
3.44836e-05
0.044032
3.31569e-05
0.0440493
3.19048e-05
0.0440661
3.07199e-05
0.0440826
2.95982e-05
0.0440987
2.85383e-05
0.0441144
2.75391e-05
0.0441297
2.65995e-05
0.0441446
2.57173e-05
0.0441593
2.48891e-05
2.41103e-05
0.0441735
0.0281332
8.30052e-05
0.0282109
7.20316e-05
0.0282836
6.31375e-05
0.0283513
5.58548e-05
0.0284143
4.98357e-05
0.0284732
4.48096e-05
0.0285281
4.05609e-05
0.0285794
3.69278e-05
0.0286274
3.3797e-05
0.0286723
3.10886e-05
0.0287145
2.87389e-05
0.0287543
2.66898e-05
0.0287919
2.48875e-05
0.0288274
2.32847e-05
0.0288611
2.18441e-05
0.0288932
2.05395e-05
0.0289236
1.93536e-05
0.0289527
1.82752e-05
0.0289803
1.72955e-05
0.0290067
1.64065e-05
0.0290319
1.55989e-05
0.0290561
1.48629e-05
0.0290793
1.41884e-05
0.0291017
1.35659e-05
0.0291231
1.29873e-05
0.0291439
1.24465e-05
0.0291638
1.19391e-05
0.0291831
1.14621e-05
0.0292017
1.10136e-05
0.0292196
1.05926e-05
0.029237
1.01979e-05
0.0292537
9.82829e-06
0.02927
9.48222e-06
0.0292857
9.158e-06
8.85348e-06
0.029301
0.012046
0.012118
0.0121812
0.012237
0.0122869
0.0123317
0.0123722
0.0124092
0.012443
0.012474
0.0125028
0.0125295
0.0125544
0.0125776
0.0125995
0.01262
0.0126394
0.0126577
0.012675
0.0126914
0.012707
0.0127218
0.012736
0.0127496
0.0127626
0.012775
0.0127869
0.0127984
0.0128094
0.01282
0.0128302
0.01284
0.0128495
0.0128587
0.0128675
0.0128761
-8.56812e-06
0.0128844
-8.29556e-06
0.0128924
-8.03695e-06
0.0129002
-7.79112e-06
0.0129078
-7.55679e-06
0.0129151
-7.33326e-06
0.0129222
-7.11966e-06
0.0129292
-6.91556e-06
0.0129359
-6.72043e-06
-6.53393e-06
0.0129424
0.0293158
-2.3381e-05
0.0293302
-2.26836e-05
0.0293441
-2.20201e-05
0.0293577
-2.1387e-05
0.0293709
-2.07814e-05
0.0293838
-2.02012e-05
0.0293963
-1.96448e-05
0.0294085
-1.91112e-05
0.0294204
-1.85996e-05
-1.81095e-05
0.029432
0.0441875
-3.73459e-05
0.0442011
-3.63499e-05
0.0442145
-3.53985e-05
0.0442276
-3.44861e-05
0.0442404
-3.36084e-05
0.044253
-3.27624e-05
0.0442653
-3.19461e-05
0.0442773
-3.11586e-05
0.0442891
-3.03994e-05
-2.96685e-05
0.0443007
0.0574937
-4.47364e-05
0.0575011
-4.37203e-05
0.0575084
-4.27457e-05
0.0575157
-4.1806e-05
0.057523
-4.08958e-05
0.0575303
-4.00118e-05
0.0575375
-3.91519e-05
0.0575446
-3.83157e-05
0.0575517
-3.75036e-05
-3.67164e-05
0.0575588
0.0691399
-4.44134e-05
0.0691398
-4.3561e-05
0.0691397
-4.27433e-05
0.0691399
-4.19531e-05
0.0691402
-4.11846e-05
0.0691406
-4.04336e-05
0.0691411
-3.9698e-05
0.0691418
-3.89774e-05
0.0691426
-3.82725e-05
-3.75849e-05
0.0691434
0.0789833
-3.87523e-05
0.0789778
-3.80961e-05
0.0789726
-3.74698e-05
0.0789675
-3.68663e-05
0.0789626
-3.62794e-05
0.0789578
-3.57047e-05
0.0789533
-3.51396e-05
0.0789489
-3.45835e-05
0.0789446
-3.40371e-05
-3.35018e-05
0.0789406
0.0869142
-3.03599e-05
0.086906
-2.98784e-05
0.086898
-2.9422e-05
0.0868901
-2.89845e-05
0.0868824
-2.85603e-05
0.0868748
-2.81454e-05
0.0868674
-2.7737e-05
0.0868602
-2.73344e-05
0.0868531
-2.69379e-05
-2.65488e-05
0.0868461
0.0928792
-2.0715e-05
0.0928698
-2.03943e-05
0.0928604
-2.0092e-05
0.0928513
-1.98036e-05
0.0928422
-1.9525e-05
0.0928333
-1.92529e-05
0.0928246
-1.89852e-05
0.092816
-1.87211e-05
0.0928075
-1.84606e-05
-1.82048e-05
0.0927991
0.0968597
-1.04808e-05
0.0968496
-1.03194e-05
0.0968397
-1.01679e-05
0.0968299
-1.00239e-05
0.0968203
-9.88516e-06
0.0968108
-9.74981e-06
0.0968014
-9.61665e-06
0.0967922
-9.48509e-06
0.0967831
-9.35519e-06
-9.22741e-06
0.0967741
0.0988505
3.99501e-09
0.0988402
4.31055e-09
0.09883
4.19026e-09
0.09882
3.76368e-09
0.0988101
3.21521e-09
0.0988004
2.71521e-09
0.0987908
2.41705e-09
0.0987813
2.39045e-09
0.0987719
2.65655e-09
3.16023e-09
0.0987627
0.0988505
1.04891e-05
0.0988402
1.03281e-05
0.09883
1.01761e-05
0.09882
1.00311e-05
0.0988101
9.89117e-06
0.0988004
9.75482e-06
0.0987908
9.62108e-06
0.0987813
9.48955e-06
0.0987719
9.36023e-06
9.23352e-06
0.0987627
0.0968597
2.07238e-05
0.0968496
2.04029e-05
0.0968397
2.00996e-05
0.0968299
1.98099e-05
0.0968203
1.953e-05
0.0968108
1.92569e-05
0.0968014
1.89888e-05
0.0967922
1.87248e-05
0.0967831
1.84651e-05
1.82104e-05
0.0967741
0.0928792
3.03683e-05
0.0928698
2.98859e-05
0.0928604
2.94281e-05
0.0928513
2.89892e-05
0.0928422
2.8564e-05
0.0928334
2.81483e-05
0.0928246
2.77399e-05
0.092816
2.73377e-05
0.0928075
2.6942e-05
2.65541e-05
0.0927992
0.0869142
3.87584e-05
0.086906
3.81011e-05
0.086898
3.74737e-05
0.0868901
3.68694e-05
0.0868824
3.62821e-05
0.0868748
3.57074e-05
0.0868674
3.51427e-05
0.0868602
3.45873e-05
0.0868531
3.40416e-05
3.35072e-05
0.0868461
0.0789833
4.44153e-05
0.0789778
4.35623e-05
0.0789726
4.27446e-05
0.0789675
4.19549e-05
0.0789626
4.11871e-05
0.0789579
4.0437e-05
0.0789533
3.97023e-05
0.0789489
3.89824e-05
0.0789447
3.82779e-05
3.75905e-05
0.0789406
0.0691399
4.47341e-05
0.0691398
4.37185e-05
0.0691398
4.27452e-05
0.0691399
4.18073e-05
0.0691402
4.0899e-05
0.0691406
4.00165e-05
0.0691412
3.91576e-05
0.0691418
3.83218e-05
0.0691426
3.75094e-05
3.67215e-05
0.0691435
0.0574937
3.73409e-05
0.0575011
3.63466e-05
0.0575084
3.53978e-05
0.0575158
3.44881e-05
0.057523
3.36127e-05
0.0575303
3.27681e-05
0.0575375
3.19524e-05
0.0575446
3.11646e-05
0.0575517
3.04044e-05
2.96721e-05
0.0575588
0.0441875
2.33761e-05
0.0442012
2.2681e-05
0.0442145
2.20202e-05
0.0442276
2.13895e-05
0.0442404
2.07857e-05
0.044253
2.02063e-05
0.0442653
1.96499e-05
0.0442774
1.91155e-05
0.0442892
1.86027e-05
1.8111e-05
0.0443007
0.0293158
8.5667e-06
0.0293302
8.29549e-06
0.0293441
8.03818e-06
0.0293577
7.79311e-06
0.0293709
7.55924e-06
0.0293838
7.33554e-06
0.0293963
7.12155e-06
0.0294085
6.9167e-06
0.0294204
6.72085e-06
6.53361e-06
0.029432
0.0128761
0.0128844
0.0128924
0.0129002
0.0129078
0.0129151
0.0129222
0.0129292
0.0129359
0.0129424
0.0129488
-6.35568e-06
0.0129549
-6.18533e-06
0.012961
-6.02251e-06
0.0129668
-5.86685e-06
0.0129726
-5.7179e-06
0.0129781
-5.57529e-06
0.0129836
-5.43854e-06
0.0129889
-5.30731e-06
0.0129941
-5.18113e-06
0.0129991
-5.05973e-06
0.0130041
-4.94271e-06
0.0130089
-4.82989e-06
0.0130136
-4.72093e-06
0.0130182
-4.61574e-06
0.0130227
-4.51406e-06
0.0130272
-4.41583e-06
0.0130315
-4.32086e-06
0.0130357
-4.22909e-06
0.0130398
-4.14036e-06
0.0130439
-4.05462e-06
0.0130479
-3.97171e-06
0.0130518
-3.89158e-06
0.0130556
-3.81405e-06
0.0130593
-3.7391e-06
0.013063
-3.66652e-06
0.0130666
-3.5963e-06
0.0130701
-3.52826e-06
0.0130736
-3.46241e-06
0.013077
-3.39858e-06
0.0130803
-3.33682e-06
0.0130836
-3.27699e-06
0.0130868
-3.21919e-06
0.01309
-3.16333e-06
0.0130931
-3.10954e-06
-3.05782e-06
0.0130961
0.0294433
-1.76401e-05
0.0294543
-1.71909e-05
0.029465
-1.6761e-05
0.0294755
-1.63495e-05
0.0294857
-1.59552e-05
0.0294957
-1.55771e-05
0.0295055
-1.5214e-05
0.0295151
-1.48648e-05
0.0295244
-1.45285e-05
0.0295336
-1.42042e-05
0.0295425
-1.38911e-05
0.0295513
-1.35884e-05
0.0295598
-1.32957e-05
0.0295682
-1.30124e-05
0.0295765
-1.27383e-05
0.0295845
-1.2473e-05
0.0295924
-1.22161e-05
0.0296002
-1.19676e-05
0.0296077
-1.1727e-05
0.0296152
-1.14943e-05
0.0296225
-1.12689e-05
0.0296296
-1.10508e-05
0.0296367
-1.08396e-05
0.0296436
-1.06351e-05
0.0296503
-1.04368e-05
0.029657
-1.02446e-05
0.0296635
-1.00582e-05
0.0296699
-9.8774e-06
0.0296762
-9.70197e-06
0.0296824
-9.53181e-06
0.0296885
-9.36678e-06
0.0296945
-9.20688e-06
0.0297004
-9.0521e-06
0.0297062
-8.90259e-06
-8.75849e-06
0.0297119
0.044312
-2.89656e-05
0.0443231
-2.82905e-05
0.044334
-2.76423e-05
0.0443447
-2.70201e-05
0.0443552
-2.64225e-05
0.0443654
-2.5848e-05
0.0443755
-2.52949e-05
0.0443854
-2.47615e-05
0.0443951
-2.42464e-05
0.0444047
-2.3748e-05
0.044414
-2.32652e-05
0.0444232
-2.27971e-05
0.0444323
-2.23429e-05
0.0444412
-2.1902e-05
0.0444499
-2.1474e-05
0.0444585
-2.10585e-05
0.0444669
-2.06553e-05
0.0444752
-2.0264e-05
0.0444834
-1.98845e-05
0.0444914
-1.95164e-05
0.0444993
-1.91594e-05
0.0445071
-1.88131e-05
0.0445147
-1.8477e-05
0.0445222
-1.81509e-05
0.0445296
-1.78342e-05
0.0445369
-1.75266e-05
0.0445441
-1.72276e-05
0.0445511
-1.6937e-05
0.0445581
-1.66545e-05
0.0445649
-1.63798e-05
0.0445717
-1.61128e-05
0.0445783
-1.58535e-05
0.0445849
-1.5602e-05
0.0445913
-1.53583e-05
-1.51229e-05
0.0445977
0.0575658
-3.5955e-05
0.0575727
-3.52199e-05
0.0575796
-3.45113e-05
0.0575864
-3.38286e-05
0.0575931
-3.31708e-05
0.0575998
-3.25363e-05
0.0576065
-3.19236e-05
0.057613
-3.13307e-05
0.0576195
-3.07558e-05
0.057626
-3.01975e-05
0.0576324
-2.96543e-05
0.0576387
-2.91252e-05
0.057645
-2.86094e-05
0.0576512
-2.81064e-05
0.0576573
-2.7616e-05
0.0576634
-2.7138e-05
0.0576694
-2.66722e-05
0.0576754
-2.62186e-05
0.0576812
-2.57771e-05
0.0576871
-2.53475e-05
0.0576928
-2.49296e-05
0.0576986
-2.4523e-05
0.0577042
-2.41275e-05
0.0577098
-2.37426e-05
0.0577153
-2.33678e-05
0.0577208
-2.30028e-05
0.0577262
-2.26471e-05
0.0577316
-2.23004e-05
0.0577369
-2.19623e-05
0.0577422
-2.16327e-05
0.0577474
-2.13115e-05
0.0577525
-2.09987e-05
0.0577576
-2.06944e-05
0.0577626
-2.03989e-05
-2.01127e-05
0.0577676
0.0691444
-3.69163e-05
0.0691454
-3.62681e-05
0.0691466
-3.56411e-05
0.0691478
-3.50355e-05
0.0691491
-3.44507e-05
0.0691504
-3.38857e-05
0.0691518
-3.33389e-05
0.0691533
-3.28085e-05
0.0691549
-3.22927e-05
0.0691564
-3.17899e-05
0.0691581
-3.12987e-05
0.0691598
-3.08181e-05
0.0691615
-3.03473e-05
0.0691633
-2.98861e-05
0.0691651
-2.94341e-05
0.069167
-2.89916e-05
0.0691689
-2.85585e-05
0.0691708
-2.8135e-05
0.0691727
-2.77213e-05
0.0691747
-2.73174e-05
0.0691767
-2.69233e-05
0.0691787
-2.65387e-05
0.0691807
-2.61635e-05
0.0691828
-2.57974e-05
0.0691849
-2.54399e-05
0.0691869
-2.50908e-05
0.069189
-2.47496e-05
0.0691912
-2.4416e-05
0.0691933
-2.40899e-05
0.0691954
-2.37709e-05
0.0691976
-2.34591e-05
0.0691997
-2.31546e-05
0.0692019
-2.28575e-05
0.0692041
-2.25684e-05
-2.22878e-05
0.0692062
0.0789366
-3.29798e-05
0.0789328
-3.24727e-05
0.0789292
-3.19818e-05
0.0789256
-3.15078e-05
0.0789222
-3.10504e-05
0.078919
-3.06089e-05
0.0789158
-3.0182e-05
0.0789128
-2.97679e-05
0.0789098
-2.93651e-05
0.078907
-2.89718e-05
0.0789043
-2.85869e-05
0.0789017
-2.82091e-05
0.0788992
-2.78378e-05
0.0788968
-2.74727e-05
0.0788945
-2.71136e-05
0.0788922
-2.67607e-05
0.0788901
-2.64142e-05
0.078888
-2.60744e-05
0.078886
-2.57416e-05
0.0788841
-2.54159e-05
0.0788823
-2.50974e-05
0.0788806
-2.47861e-05
0.0788789
-2.44819e-05
0.0788773
-2.41845e-05
0.0788757
-2.38937e-05
0.0788742
-2.36091e-05
0.0788728
-2.33304e-05
0.0788715
-2.30573e-05
0.0788702
-2.27897e-05
0.0788689
-2.25274e-05
0.0788677
-2.22704e-05
0.0788666
-2.20189e-05
0.0788655
-2.1773e-05
0.0788645
-2.15333e-05
-2.13004e-05
0.0788635
0.0868393
-2.61688e-05
0.0868326
-2.57998e-05
0.0868261
-2.54429e-05
0.0868197
-2.5099e-05
0.0868134
-2.47681e-05
0.0868072
-2.44497e-05
0.0868012
-2.41428e-05
0.0867953
-2.38459e-05
0.0867895
-2.35577e-05
0.0867838
-2.32766e-05
0.0867782
-2.30015e-05
0.0867727
-2.27313e-05
0.0867673
-2.24655e-05
0.0867621
-2.22035e-05
0.0867569
-2.19455e-05
0.0867518
-2.16915e-05
0.0867469
-2.14416e-05
0.086742
-2.11964e-05
0.0867372
-2.09559e-05
0.0867325
-2.07205e-05
0.0867279
-2.04902e-05
0.0867234
-2.02651e-05
0.0867189
-2.00451e-05
0.0867146
-1.98301e-05
0.0867103
-1.96198e-05
0.0867061
-1.94139e-05
0.086702
-1.92123e-05
0.0866979
-1.90146e-05
0.086694
-1.88206e-05
0.0866901
-1.86304e-05
0.0866863
-1.84438e-05
0.0866825
-1.8261e-05
0.0866788
-1.80822e-05
0.0866752
-1.79078e-05
-1.77385e-05
0.0866716
0.0927909
-1.79548e-05
0.0927828
-1.77121e-05
0.0927749
-1.74777e-05
0.092767
-1.72523e-05
0.0927593
-1.70361e-05
0.0927517
-1.68288e-05
0.0927442
-1.66296e-05
0.0927368
-1.64376e-05
0.0927294
-1.62517e-05
0.0927222
-1.60708e-05
0.0927151
-1.58939e-05
0.0927081
-1.57204e-05
0.0927012
-1.55495e-05
0.0926944
-1.53812e-05
0.0926877
-1.52152e-05
0.092681
-1.50517e-05
0.0926745
-1.48909e-05
0.092668
-1.47331e-05
0.0926616
-1.45784e-05
0.0926553
-1.4427e-05
0.0926491
-1.42791e-05
0.092643
-1.41347e-05
0.0926369
-1.39938e-05
0.092631
-1.38563e-05
0.0926251
-1.37219e-05
0.0926192
-1.35905e-05
0.0926135
-1.34618e-05
0.0926078
-1.33358e-05
0.0926022
-1.32122e-05
0.0925967
-1.3091e-05
0.0925912
-1.29721e-05
0.0925858
-1.28557e-05
0.0925805
-1.27419e-05
0.0925752
-1.2631e-05
-1.25234e-05
0.09257
0.0967653
-9.10247e-06
0.0967565
-8.98114e-06
0.0967479
-8.86407e-06
0.0967394
-8.7517e-06
0.096731
-8.64415e-06
0.0967227
-8.54131e-06
0.0967145
-8.44281e-06
0.0967064
-8.34813e-06
0.0966985
-8.25665e-06
0.0966906
-8.16777e-06
0.0966827
-8.08095e-06
0.096675
-7.99576e-06
0.0966674
-7.91189e-06
0.0966598
-7.82919e-06
0.0966524
-7.74762e-06
0.096645
-7.66724e-06
0.0966377
-7.58816e-06
0.0966305
-7.51055e-06
0.0966233
-7.43453e-06
0.0966162
-7.36025e-06
0.0966092
-7.28776e-06
0.0966023
-7.21711e-06
0.0965955
-7.14826e-06
0.0965887
-7.08117e-06
0.096582
-7.01572e-06
0.0965754
-6.95181e-06
0.0965688
-6.88931e-06
0.0965623
-6.82812e-06
0.0965558
-6.76815e-06
0.0965495
-6.70933e-06
0.0965431
-6.65166e-06
0.0965369
-6.59519e-06
0.0965307
-6.53999e-06
0.0965245
-6.48625e-06
-6.43422e-06
0.0965184
0.0987536
3.81447e-09
0.0987446
4.51124e-09
0.0987357
5.14452e-09
0.0987269
5.63797e-09
0.0987183
5.93814e-09
0.0987097
6.04049e-09
0.0987013
5.96408e-09
0.0986929
5.76311e-09
0.0986847
5.50001e-09
0.0986765
5.24154e-09
0.0986684
5.04737e-09
0.0986604
4.95811e-09
0.0986525
5.00198e-09
0.0986447
5.17951e-09
0.0986369
5.48139e-09
0.0986293
5.87562e-09
0.0986217
6.32909e-09
0.0986141
6.80111e-09
0.0986067
7.25913e-09
0.0985993
7.67509e-09
0.098592
8.03088e-09
0.0985848
8.31884e-09
0.0985777
8.54016e-09
0.0985706
8.70652e-09
0.0985635
8.83449e-09
0.0985566
8.94522e-09
0.0985497
9.05993e-09
0.0985428
9.19773e-09
0.0985361
9.37624e-09
0.0985293
9.60559e-09
0.0985227
9.89539e-09
0.0985161
1.02443e-08
0.0985095
1.06509e-08
0.098503
1.11044e-08
1.16033e-08
0.0984966
0.0987536
9.10993e-06
0.0987446
8.99001e-06
0.0987357
8.87421e-06
0.0987269
8.76281e-06
0.0987183
8.65586e-06
0.0987098
8.55322e-06
0.0987013
8.45458e-06
0.098693
8.3595e-06
0.0986847
8.26752e-06
0.0986765
8.17814e-06
0.0986684
8.09094e-06
0.0986604
8.00557e-06
0.0986525
7.92178e-06
0.0986447
7.83942e-06
0.0986369
7.75842e-06
0.0986293
7.67879e-06
0.0986217
7.60058e-06
0.0986142
7.52386e-06
0.0986067
7.44873e-06
0.0985993
7.37524e-06
0.098592
7.30344e-06
0.0985848
7.23335e-06
0.0985777
7.16495e-06
0.0985706
7.09819e-06
0.0985635
7.03301e-06
0.0985566
6.96934e-06
0.0985497
6.90709e-06
0.0985429
6.84618e-06
0.0985361
6.78657e-06
0.0985294
6.72821e-06
0.0985227
6.67111e-06
0.0985161
6.61532e-06
0.0985095
6.56091e-06
0.098503
6.50805e-06
6.45698e-06
0.0984966
0.0967653
1.79618e-05
0.0967565
1.77205e-05
0.0967479
1.74874e-05
0.0967394
1.72629e-05
0.096731
1.70473e-05
0.0967227
1.68401e-05
0.0967145
1.66408e-05
0.0967065
1.64485e-05
0.0966985
1.62622e-05
0.0966906
1.60808e-05
0.0966828
1.59036e-05
0.096675
1.57299e-05
0.0966674
1.55591e-05
0.0966598
1.5391e-05
0.0966524
1.52256e-05
0.096645
1.50627e-05
0.0966377
1.49027e-05
0.0966305
1.47456e-05
0.0966233
1.45916e-05
0.0966163
1.4441e-05
0.0966093
1.42937e-05
0.0966023
1.41498e-05
0.0965955
1.40093e-05
0.0965887
1.38721e-05
0.096582
1.3738e-05
0.0965754
1.36069e-05
0.0965688
1.34786e-05
0.0965623
1.33529e-05
0.0965559
1.32297e-05
0.0965495
1.31089e-05
0.0965432
1.29906e-05
0.0965369
1.28747e-05
0.0965307
1.27616e-05
0.0965246
1.26515e-05
1.25448e-05
0.0965185
0.0927909
2.61754e-05
0.0927828
2.58075e-05
0.0927749
2.54516e-05
0.092767
2.51085e-05
0.0927593
2.4778e-05
0.0927517
2.44598e-05
0.0927442
2.41528e-05
0.0927368
2.38557e-05
0.0927295
2.35672e-05
0.0927223
2.32859e-05
0.0927152
2.30105e-05
0.0927081
2.27403e-05
0.0927012
2.24745e-05
0.0926944
2.22128e-05
0.0926877
2.19552e-05
0.092681
2.17016e-05
0.0926745
2.14523e-05
0.092668
2.12076e-05
0.0926617
2.09677e-05
0.0926554
2.07328e-05
0.0926491
2.0503e-05
0.092643
2.02784e-05
0.092637
2.00588e-05
0.092631
1.98441e-05
0.0926251
1.96342e-05
0.0926193
1.94286e-05
0.0926135
1.92273e-05
0.0926079
1.903e-05
0.0926023
1.88365e-05
0.0925967
1.86466e-05
0.0925912
1.84605e-05
0.0925858
1.82783e-05
0.0925805
1.81001e-05
0.0925752
1.79264e-05
1.77578e-05
0.09257
0.0868393
3.29859e-05
0.0868326
3.24794e-05
0.0868261
3.19891e-05
0.0868197
3.15154e-05
0.0868134
3.10582e-05
0.0868073
3.06168e-05
0.0868012
3.01899e-05
0.0867953
2.97759e-05
0.0867895
2.93731e-05
0.0867838
2.89799e-05
0.0867782
2.8595e-05
0.0867727
2.82174e-05
0.0867674
2.78463e-05
0.0867621
2.74813e-05
0.0867569
2.71225e-05
0.0867519
2.67698e-05
0.0867469
2.64236e-05
0.086742
2.60841e-05
0.0867372
2.57515e-05
0.0867325
2.54261e-05
0.0867279
2.5108e-05
0.0867234
2.4797e-05
0.086719
2.44932e-05
0.0867146
2.41961e-05
0.0867104
2.39057e-05
0.0867062
2.36214e-05
0.086702
2.33432e-05
0.086698
2.30705e-05
0.086694
2.28033e-05
0.0866901
2.25415e-05
0.0866863
2.22849e-05
0.0866826
2.20338e-05
0.0866789
2.17885e-05
0.0866753
2.15492e-05
2.13169e-05
0.0866717
0.0789366
3.69218e-05
0.0789328
3.62734e-05
0.0789292
3.56461e-05
0.0789257
3.50404e-05
0.0789223
3.44556e-05
0.078919
3.38908e-05
0.0789158
3.33442e-05
0.0789128
3.28142e-05
0.0789099
3.22989e-05
0.0789071
3.17965e-05
0.0789043
3.13058e-05
0.0789017
3.08256e-05
0.0788992
3.03551e-05
0.0788968
2.9894e-05
0.0788945
2.94421e-05
0.0788923
2.89995e-05
0.0788901
2.85663e-05
0.0788881
2.81428e-05
0.0788861
2.77291e-05
0.0788842
2.73253e-05
0.0788824
2.69312e-05
0.0788806
2.65469e-05
0.0788789
2.6172e-05
0.0788773
2.58062e-05
0.0788758
2.54491e-05
0.0788743
2.51005e-05
0.0788729
2.47597e-05
0.0788715
2.44266e-05
0.0788702
2.41008e-05
0.078869
2.37823e-05
0.0788678
2.34709e-05
0.0788667
2.31667e-05
0.0788656
2.287e-05
0.0788646
2.25812e-05
2.23009e-05
0.0788636
0.0691444
3.59592e-05
0.0691455
3.52232e-05
0.0691466
3.45137e-05
0.0691478
3.38306e-05
0.0691491
3.31727e-05
0.0691504
3.25385e-05
0.0691519
3.19264e-05
0.0691533
3.13343e-05
0.0691549
3.07603e-05
0.0691565
3.02028e-05
0.0691581
2.96603e-05
0.0691598
2.91317e-05
0.0691616
2.86161e-05
0.0691633
2.81132e-05
0.0691652
2.76226e-05
0.069167
2.71443e-05
0.0691689
2.66782e-05
0.0691708
2.62243e-05
0.0691728
2.57825e-05
0.0691747
2.53528e-05
0.0691767
2.49348e-05
0.0691788
2.45284e-05
0.0691808
2.41331e-05
0.0691828
2.37486e-05
0.0691849
2.33742e-05
0.069187
2.30096e-05
0.0691891
2.26544e-05
0.0691912
2.23081e-05
0.0691934
2.19704e-05
0.0691955
2.16412e-05
0.0691977
2.13203e-05
0.0691998
2.10077e-05
0.069202
2.07036e-05
0.0692042
2.04083e-05
2.01222e-05
0.0692063
0.0575658
2.89677e-05
0.0575727
2.82912e-05
0.0575796
2.76422e-05
0.0575864
2.70195e-05
0.0575932
2.64221e-05
0.0575999
2.58481e-05
0.0576065
2.52959e-05
0.0576131
2.47636e-05
0.0576196
2.42495e-05
0.057626
2.37521e-05
0.0576324
2.32701e-05
0.0576387
2.28023e-05
0.057645
2.23482e-05
0.0576512
2.19072e-05
0.0576573
2.14788e-05
0.0576634
2.10628e-05
0.0576694
2.06592e-05
0.0576754
2.02674e-05
0.0576813
1.98876e-05
0.0576871
1.95192e-05
0.0576929
1.91622e-05
0.0576986
1.88159e-05
0.0577043
1.84802e-05
0.0577099
1.81543e-05
0.0577154
1.78381e-05
0.0577209
1.75308e-05
0.0577263
1.72323e-05
0.0577317
1.69421e-05
0.057737
1.66599e-05
0.0577422
1.63854e-05
0.0577474
1.61186e-05
0.0577526
1.58594e-05
0.0577577
1.5608e-05
0.0577627
1.53643e-05
1.51289e-05
0.0577677
0.0443121
1.76403e-05
0.0443232
1.719e-05
0.044334
1.67595e-05
0.0443447
1.63477e-05
0.0443552
1.59538e-05
0.0443655
1.55763e-05
0.0443755
1.52142e-05
0.0443854
1.48659e-05
0.0443952
1.45306e-05
0.0444047
1.42069e-05
0.0444141
1.38943e-05
0.0444233
1.35918e-05
0.0444323
1.3299e-05
0.0444412
1.30155e-05
0.04445
1.2741e-05
0.0444585
1.24752e-05
0.044467
1.2218e-05
0.0444753
1.1969e-05
0.0444834
1.17283e-05
0.0444915
1.14953e-05
0.0444994
1.127e-05
0.0445071
1.10519e-05
0.0445148
1.0841e-05
0.0445223
1.06366e-05
0.0445297
1.04387e-05
0.044537
1.02468e-05
0.0445441
1.00607e-05
0.0445512
9.88008e-06
0.0445582
9.70491e-06
0.044565
9.53481e-06
0.0445718
9.36993e-06
0.0445784
9.21e-06
0.044585
9.0553e-06
0.0445914
8.90569e-06
8.76163e-06
0.0445978
0.0294433
6.35487e-06
0.0294543
6.18419e-06
0.029465
6.02138e-06
0.0294755
5.86584e-06
0.0294858
5.71729e-06
0.0294958
5.57507e-06
0.0295055
5.43883e-06
0.0295151
5.30796e-06
0.0295244
5.18216e-06
0.0295336
5.06091e-06
0.0295425
4.94403e-06
0.0295513
4.8311e-06
0.0295599
4.72209e-06
0.0295683
4.61664e-06
0.0295765
4.51481e-06
0.0295846
4.41632e-06
0.0295925
4.32123e-06
0.0296002
4.22928e-06
0.0296078
4.14054e-06
0.0296152
4.05474e-06
0.0296225
3.97194e-06
0.0296297
3.89184e-06
0.0296367
3.8145e-06
0.0296436
3.73961e-06
0.0296504
3.66723e-06
0.029657
3.59706e-06
0.0296636
3.5292e-06
0.02967
3.46336e-06
0.0296763
3.39966e-06
0.0296825
3.33786e-06
0.0296886
3.27813e-06
0.0296946
3.22027e-06
0.0297005
3.16448e-06
0.0297062
3.11062e-06
3.05897e-06
0.029712
0.0129488
0.012955
0.012961
0.0129668
0.0129726
0.0129781
0.0129836
0.0129889
0.0129941
0.0129991
0.0130041
0.0130089
0.0130136
0.0130182
0.0130228
0.0130272
0.0130315
0.0130357
0.0130399
0.0130439
0.0130479
0.0130518
0.0130556
0.0130593
0.013063
0.0130666
0.0130701
0.0130736
0.013077
0.0130803
0.0130836
0.0130868
0.01309
0.0130931
0.0130962
0.0130991
-3.00839e-06
0.0131021
-2.9613e-06
0.013105
-2.91688e-06
0.0131079
-2.87505e-06
0.0131107
-2.83592e-06
0.0131135
-2.79942e-06
0.0131163
-2.75e-06
0.013119
-2.7466e-06
0.0131216
-2.5338e-06
-3.03786e-06
0.0297175
-8.62014e-06
0.029723
-8.48788e-06
0.0297285
-8.36213e-06
0.0297338
-8.24347e-06
0.0297391
-8.13147e-06
0.0297444
-8.02818e-06
0.0297495
-7.91981e-06
0.0297546
-7.84354e-06
0.0297597
-7.65145e-06
-7.85398e-06
0.044604
-1.48963e-05
0.0446102
-1.46789e-05
0.0446163
-1.44718e-05
0.0446223
-1.42758e-05
0.0446283
-1.40922e-05
0.0446342
-1.39217e-05
0.04464
-1.37657e-05
0.0446458
-1.36225e-05
0.0446516
-1.35021e-05
-1.3357e-05
0.0577726
-1.98365e-05
0.0577775
-1.95712e-05
0.0577823
-1.93181e-05
0.0577871
-1.90787e-05
0.0577919
-1.88564e-05
0.0577966
-1.865e-05
0.0578013
-1.84778e-05
0.057806
-1.82959e-05
0.0578108
-1.82773e-05
-1.78917e-05
0.0692084
-2.20165e-05
0.0692106
-2.17559e-05
0.0692128
-2.15075e-05
0.069215
-2.12733e-05
0.0692172
-2.10578e-05
0.0692194
-2.08595e-05
0.0692216
-2.07055e-05
0.0692239
-2.05338e-05
0.0692262
-2.05907e-05
-2.01292e-05
0.0788625
-2.10753e-05
0.0788617
-2.08593e-05
0.0788608
-2.06541e-05
0.07886
-2.04616e-05
0.0788592
-2.02873e-05
0.0788585
-2.01286e-05
0.0788578
-2.00163e-05
0.0788571
-1.98801e-05
0.0788565
-1.99785e-05
-1.95725e-05
0.0866681
-1.75751e-05
0.0866647
-1.74188e-05
0.0866613
-1.72712e-05
0.086658
-1.7134e-05
0.0866547
-1.70118e-05
0.0866515
-1.69033e-05
0.0866483
-1.6832e-05
0.0866452
-1.67462e-05
0.086642
-1.68376e-05
-1.65537e-05
0.0925648
-1.24199e-05
0.0925597
-1.23213e-05
0.0925547
-1.22289e-05
0.0925497
-1.21438e-05
0.0925447
-1.20695e-05
0.0925398
-1.20049e-05
0.092535
-1.19666e-05
0.0925301
-1.19184e-05
0.0925253
-1.19851e-05
-1.18207e-05
0.0965124
-6.38424e-06
0.0965064
-6.33676e-06
0.0965005
-6.29245e-06
0.0964946
-6.25197e-06
0.0964887
-6.21707e-06
0.0964829
-6.18735e-06
0.0964771
-6.17082e-06
0.0964714
-6.15031e-06
0.0964656
-6.18454e-06
-6.11179e-06
0.0984902
1.21391e-08
0.0984838
1.27163e-08
0.0984775
1.33516e-08
0.0984713
1.39795e-08
0.098465
1.46836e-08
0.0984588
1.51468e-08
0.0984527
1.57533e-08
0.0984465
1.49549e-08
0.0984403
1.61107e-08
1.50347e-08
0.0984902
6.40803e-06
0.0984839
6.36166e-06
0.0984776
6.31853e-06
0.0984713
6.27936e-06
0.0984651
6.24558e-06
0.0984589
6.21712e-06
0.0984527
6.20055e-06
0.0984465
6.18222e-06
0.0984403
6.21262e-06
6.1417e-06
0.0965124
1.24423e-05
0.0965065
1.23446e-05
0.0965005
1.22532e-05
0.0964946
1.21692e-05
0.0964888
1.20959e-05
0.096483
1.20321e-05
0.0964772
1.19947e-05
0.0964714
1.19456e-05
0.0964656
1.20138e-05
1.18481e-05
0.0925649
1.75951e-05
0.0925598
1.74396e-05
0.0925547
1.72927e-05
0.0925497
1.71564e-05
0.0925448
1.70349e-05
0.0925399
1.6927e-05
0.092535
1.6856e-05
0.0925302
1.67711e-05
0.0925254
1.68615e-05
1.65782e-05
0.0866682
2.10923e-05
0.0866648
2.08767e-05
0.0866614
2.0672e-05
0.0866581
2.04801e-05
0.0866548
2.0306e-05
0.0866516
2.01477e-05
0.0866484
2.00357e-05
0.0866453
1.99006e-05
0.0866421
1.99982e-05
1.95931e-05
0.0788626
2.203e-05
0.0788618
2.17695e-05
0.0788609
2.15214e-05
0.0788601
2.12872e-05
0.0788593
2.10719e-05
0.0788586
2.08735e-05
0.0788579
2.07204e-05
0.0788573
2.05471e-05
0.0788567
2.06078e-05
2.01453e-05
0.0692085
1.98461e-05
0.0692107
1.95808e-05
0.0692129
1.93277e-05
0.0692151
1.90882e-05
0.0692173
1.88656e-05
0.0692195
1.86594e-05
0.0692218
1.84862e-05
0.069224
1.83077e-05
0.0692263
1.82864e-05
1.79036e-05
0.0577727
1.49022e-05
0.0577776
1.46848e-05
0.0577824
1.44774e-05
0.0577872
1.42811e-05
0.057792
1.40974e-05
0.0577967
1.3926e-05
0.0578014
1.37721e-05
0.0578061
1.36256e-05
0.0578109
1.351e-05
1.33645e-05
0.0446041
8.62312e-06
0.0446103
8.49081e-06
0.0446164
8.36462e-06
0.0446224
8.24577e-06
0.0446284
8.13272e-06
0.0446343
8.03047e-06
0.0446401
7.91996e-06
0.0446459
7.84599e-06
0.0446517
7.65346e-06
7.85842e-06
0.0297176
3.00944e-06
0.0297231
2.96233e-06
0.0297285
2.91742e-06
0.0297339
2.87545e-06
0.0297392
2.83544e-06
0.0297444
2.79893e-06
0.0297496
2.74832e-06
0.0297547
2.74747e-06
0.0297598
2.5335e-06
3.04162e-06
0.0130992
0.0131021
0.0131051
0.0131079
0.0131108
0.0131136
0.0131163
0.0131191
0.0131216
)
;

boundaryField
{
    inlet
    {
        type            calculated;
        value           nonuniform List<scalar> 
20
(
-0.00975
-0.02775
-0.04375
-0.05775
-0.06975
-0.07975
-0.08775
-0.09375
-0.09775
-0.09975
-0.09975
-0.09775
-0.09375
-0.08775
-0.07975
-0.06975
-0.05775
-0.04375
-0.02775
-0.00975
)
;
    }
    outlet
    {
        type            calculated;
        value           nonuniform List<scalar> 
20
(
0.0131246
0.0297646
0.0446571
0.0578153
0.0692284
0.078856
0.086639
0.0925206
0.0964599
0.0984342
0.0984342
0.0964599
0.0925206
0.0866391
0.0788561
0.0692286
0.0578154
0.0446573
0.0297646
0.0131246
)
;
    }
    upperWall
    {
        type            calculated;
        value           uniform 0;
    }
    lowerWall
    {
        type            calculated;
        value           uniform 0;
    }
    frontAndBack
    {
        type            empty;
    }
}


// ************************************************************************* //
