/*--------------------------------*- C++ -*----------------------------------*\
| =========                 |                                                 |
| \\      /  F ield         | OpenFOAM: The Open Source CFD Toolbox           |
|  \\    /   O peration     | Version:  2406                                  |
|   \\  /    A nd           | Website:  www.openfoam.com                      |
|    \\/     M anipulation  |                                                 |
\*---------------------------------------------------------------------------*/
FoamFile
{
    version     2.0;
    format      ascii;
    arch        "LSB;label=32;scalar=64";
    class       volVectorField;
    location    "89";
    object      U;
}
// * * * * * * * * * * * * * * * * * * * * * * * * * * * * * * * * * * * * * //

dimensions      [0 1 -1 0 0 0 0];

internalField   nonuniform List<vector> 
2000
(
(0.39012 -0.00201204 0)
(0.395117 -0.00228588 0)
(0.399039 -0.00136185 0)
(0.401412 -0.000760296 0)
(0.403093 -0.000495196 0)
(0.404443 -0.000335581 0)
(0.405499 -0.000216955 0)
(0.406301 -0.000142664 0)
(0.406923 -0.000103051 0)
(0.407423 -8.07707e-05 0)
(1.10681 -0.00249806 0)
(1.10694 -0.00443615 0)
(1.1081 -0.00408285 0)
(1.10883 -0.00324669 0)
(1.10965 -0.00259418 0)
(1.11069 -0.0020872 0)
(1.11177 -0.00165577 0)
(1.11275 -0.00130861 0)
(1.11362 -0.00105071 0)
(1.11439 -0.000862379 0)
(1.74773 -0.00127191 0)
(1.74771 -0.00270373 0)
(1.7479 -0.00298989 0)
(1.74732 -0.00283843 0)
(1.74686 -0.00265041 0)
(1.74683 -0.0024471 0)
(1.74705 -0.00220152 0)
(1.74735 -0.00194404 0)
(1.74769 -0.00170947 0)
(1.74806 -0.00150715 0)
(2.30825 -0.000690541 0)
(2.30845 -0.00173709 0)
(2.30874 -0.0022107 0)
(2.30812 -0.00231268 0)
(2.30739 -0.00229253 0)
(2.30697 -0.00222144 0)
(2.30677 -0.00209773 0)
(2.30663 -0.00194047 0)
(2.30654 -0.00177905 0)
(2.3065 -0.00162837 0)
(2.78853 -0.000435509 0)
(2.78882 -0.00118581 0)
(2.78925 -0.0016299 0)
(2.78879 -0.00180324 0)
(2.78811 -0.00184977 0)
(2.78764 -0.00184115 0)
(2.78734 -0.00178622 0)
(2.78708 -0.00169504 0)
(2.78683 -0.00158837 0)
(2.78663 -0.00148121 0)
(3.1887 -0.000290897 0)
(3.18902 -0.000818166 0)
(3.18952 -0.00117952 0)
(3.1892 -0.00136445 0)
(3.18859 -0.00144455 0)
(3.18814 -0.0014704 0)
(3.18783 -0.00145419 0)
(3.18754 -0.00140344 0)
(3.18725 -0.00133302 0)
(3.18699 -0.00125609 0)
(3.50881 -0.000196037 0)
(3.50914 -0.000561072 0)
(3.50967 -0.000834672 0)
(3.50943 -0.000997753 0)
(3.50889 -0.00108243 0)
(3.50847 -0.00111998 0)
(3.50816 -0.00112216 0)
(3.50786 -0.00109561 0)
(3.50756 -0.00105069 0)
(3.50728 -0.00099736 0)
(3.74888 -0.000127131 0)
(3.74921 -0.000367463 0)
(3.74975 -0.000557055 0)
(3.74957 -0.000680189 0)
(3.74908 -0.000750571 0)
(3.74867 -0.000785931 0)
(3.74837 -0.00079498 0)
(3.74808 -0.000782844 0)
(3.74777 -0.000756272 0)
(3.74747 -0.000721995 0)
(3.90892 -7.18705e-05 0)
(3.90925 -0.000208795 0)
(3.9098 -0.000319854 0)
(3.90964 -0.00039553 0)
(3.90918 -0.000441267 0)
(3.9088 -0.000465833 0)
(3.9085 -0.000474219 0)
(3.9082 -0.00046958 0)
(3.9079 -0.000455777 0)
(3.90759 -0.000436713 0)
(3.98894 -2.32841e-05 0)
(3.98926 -6.77886e-05 0)
(3.98982 -0.000104334 0)
(3.98968 -0.00012979 0)
(3.98923 -0.000145581 0)
(3.98885 -0.00015431 0)
(3.98856 -0.000157574 0)
(3.98827 -0.00015644 0)
(3.98796 -0.000152179 0)
(3.98765 -0.000146074 0)
(3.98894 2.32885e-05 0)
(3.98926 6.77984e-05 0)
(3.98982 0.000104355 0)
(3.98968 0.00012982 0)
(3.98923 0.000145615 0)
(3.98885 0.000154345 0)
(3.98856 0.000157608 0)
(3.98827 0.000156472 0)
(3.98796 0.000152215 0)
(3.98765 0.000146114 0)
(3.90892 7.18754e-05 0)
(3.90925 0.000208805 0)
(3.9098 0.000319873 0)
(3.90964 0.000395557 0)
(3.90918 0.0004413 0)
(3.9088 0.000465862 0)
(3.9085 0.000474244 0)
(3.9082 0.000469607 0)
(3.9079 0.000455814 0)
(3.90759 0.000436761 0)
(3.74888 0.000127137 0)
(3.74921 0.000367475 0)
(3.74975 0.000557079 0)
(3.74957 0.000680216 0)
(3.74908 0.000750597 0)
(3.74867 0.000785963 0)
(3.74837 0.000795017 0)
(3.74808 0.000782877 0)
(3.74777 0.000756299 0)
(3.74747 0.000722025 0)
(3.50881 0.000196041 0)
(3.50914 0.00056108 0)
(3.50967 0.000834686 0)
(3.50943 0.000997773 0)
(3.50889 0.00108245 0)
(3.50847 0.00112002 0)
(3.50816 0.0011222 0)
(3.50786 0.00109565 0)
(3.50756 0.00105072 0)
(3.50728 0.000997389 0)
(3.1887 0.000290902 0)
(3.18902 0.000818176 0)
(3.18952 0.00117954 0)
(3.1892 0.00136447 0)
(3.18859 0.00144457 0)
(3.18814 0.00147043 0)
(3.18783 0.00145423 0)
(3.18754 0.00140347 0)
(3.18725 0.00133304 0)
(3.18699 0.00125609 0)
(2.78853 0.000435514 0)
(2.78882 0.00118582 0)
(2.78925 0.00162992 0)
(2.78879 0.00180326 0)
(2.78811 0.0018498 0)
(2.78764 0.00184119 0)
(2.78734 0.00178626 0)
(2.78708 0.00169508 0)
(2.78683 0.0015884 0)
(2.78663 0.00148122 0)
(2.30825 0.000690546 0)
(2.30845 0.0017371 0)
(2.30874 0.00221071 0)
(2.30812 0.0023127 0)
(2.30738 0.00229255 0)
(2.30697 0.00222147 0)
(2.30677 0.00209775 0)
(2.30663 0.0019405 0)
(2.30654 0.00177909 0)
(2.3065 0.0016284 0)
(1.74773 0.00127192 0)
(1.74771 0.00270374 0)
(1.7479 0.00298992 0)
(1.74732 0.00283845 0)
(1.74686 0.00265043 0)
(1.74683 0.00244713 0)
(1.74705 0.00220155 0)
(1.74735 0.00194408 0)
(1.74769 0.00170951 0)
(1.74806 0.00150717 0)
(1.10681 0.00249806 0)
(1.10694 0.00443615 0)
(1.1081 0.00408286 0)
(1.10883 0.00324672 0)
(1.10965 0.00259421 0)
(1.11069 0.00208723 0)
(1.11177 0.00165579 0)
(1.11275 0.00130866 0)
(1.11362 0.00105075 0)
(1.11439 0.00086241 0)
(0.39012 0.00201204 0)
(0.395117 0.00228588 0)
(0.399039 0.00136186 0)
(0.401412 0.000760313 0)
(0.403093 0.000495207 0)
(0.404442 0.00033559 0)
(0.405499 0.000216974 0)
(0.406301 0.000142676 0)
(0.406922 0.000103052 0)
(0.407423 8.07826e-05 0)
(0.407837 -6.57906e-05 0)
(0.408186 -5.49334e-05 0)
(0.408484 -4.70564e-05 0)
(0.408742 -4.11874e-05 0)
(0.408968 -3.65819e-05 0)
(0.409169 -3.28058e-05 0)
(0.409349 -2.96055e-05 0)
(0.40951 -2.68248e-05 0)
(0.409657 -2.43934e-05 0)
(0.40979 -2.23056e-05 0)
(0.409912 -2.05556e-05 0)
(0.410025 -1.90951e-05 0)
(0.410129 -1.78412e-05 0)
(0.410226 -1.67068e-05 0)
(0.410317 -1.56374e-05 0)
(0.410401 -1.46205e-05 0)
(0.410481 -1.36728e-05 0)
(0.410556 -1.28212e-05 0)
(0.410626 -1.2081e-05 0)
(0.410692 -1.14486e-05 0)
(0.410755 -1.09038e-05 0)
(0.410815 -1.04168e-05 0)
(0.410872 -9.96094e-06 0)
(0.410926 -9.51733e-06 0)
(0.410978 -9.07932e-06 0)
(0.411027 -8.64995e-06 0)
(0.411074 -8.238e-06 0)
(0.41112 -7.85328e-06 0)
(0.411163 -7.50283e-06 0)
(0.411204 -7.18879e-06 0)
(0.411244 -6.90893e-06 0)
(0.411283 -6.6569e-06 0)
(0.41132 -6.42554e-06 0)
(0.411355 -6.20719e-06 0)
(0.411389 -5.99662e-06 0)
(1.11508 -0.000720773 0)
(1.11569 -0.000611297 0)
(1.11623 -0.000525621 0)
(1.11671 -0.000457949 0)
(1.11715 -0.000403691 0)
(1.11754 -0.000359337 0)
(1.1179 -0.000322391 0)
(1.11822 -0.000291174 0)
(1.11852 -0.000264575 0)
(1.1188 -0.000241818 0)
(1.11905 -0.000222287 0)
(1.11928 -0.000205428 0)
(1.1195 -0.000190732 0)
(1.1197 -0.000177765 0)
(1.1199 -0.000166184 0)
(1.12008 -0.000155745 0)
(1.12025 -0.000146295 0)
(1.12041 -0.000137735 0)
(1.12056 -0.000129993 0)
(1.1207 -0.000123002 0)
(1.12084 -0.000116686 0)
(1.12097 -0.000110953 0)
(1.12109 -0.000105712 0)
(1.12121 -0.000100875 0)
(1.12132 -9.6372e-05 0)
(1.12143 -9.21516e-05 0)
(1.12153 -8.81844e-05 0)
(1.12163 -8.44544e-05 0)
(1.12173 -8.09563e-05 0)
(1.12182 -7.7685e-05 0)
(1.12191 -7.46341e-05 0)
(1.122 -7.17913e-05 0)
(1.12208 -6.91399e-05 0)
(1.12216 -6.66596e-05 0)
(1.12223 -6.43287e-05 0)
(1.74844 -0.00133283 0)
(1.74882 -0.00118206 0)
(1.74918 -0.00105252 0)
(1.74953 -0.000942116 0)
(1.74987 -0.000848129 0)
(1.75019 -0.000767622 0)
(1.75049 -0.000698035 0)
(1.75077 -0.000637473 0)
(1.75104 -0.000584635 0)
(1.75129 -0.000538552 0)
(1.75153 -0.000498343 0)
(1.75175 -0.000463124 0)
(1.75197 -0.00043203 0)
(1.75217 -0.000404308 0)
(1.75237 -0.000379377 0)
(1.75255 -0.00035681 0)
(1.75273 -0.000336319 0)
(1.75289 -0.000317707 0)
(1.75305 -0.0003008 0)
(1.75321 -0.000285434 0)
(1.75336 -0.000271441 0)
(1.7535 -0.000258644 0)
(1.75363 -0.000246877 0)
(1.75376 -0.000235988 0)
(1.75389 -0.00022585 0)
(1.75401 -0.000216366 0)
(1.75413 -0.00020747 0)
(1.75424 -0.000199115 0)
(1.75435 -0.000191269 0)
(1.75445 -0.00018391 0)
(1.75456 -0.000177011 0)
(1.75465 -0.000170545 0)
(1.75475 -0.000164478 0)
(1.75484 -0.000158775 0)
(1.75493 -0.000153398 0)
(2.30651 -0.00149045 0)
(2.30655 -0.00136446 0)
(2.30662 -0.00125056 0)
(2.30669 -0.00114898 0)
(2.30678 -0.00105903 0)
(2.30688 -0.000979185 0)
(2.30698 -0.000907768 0)
(2.30709 -0.000843534 0)
(2.3072 -0.00078576 0)
(2.30731 -0.000734007 0)
(2.30742 -0.000687818 0)
(2.30753 -0.000646562 0)
(2.30764 -0.000609475 0)
(2.30775 -0.000575813 0)
(2.30786 -0.000544993 0)
(2.30796 -0.000516624 0)
(2.30807 -0.000490475 0)
(2.30817 -0.000466417 0)
(2.30827 -0.00044433 0)
(2.30837 -0.000424065 0)
(2.30847 -0.000405443 0)
(2.30856 -0.000388259 0)
(2.30865 -0.000372308 0)
(2.30874 -0.000357413 0)
(2.30883 -0.000343432 0)
(2.30892 -0.000330261 0)
(2.309 -0.000317832 0)
(2.30909 -0.000306099 0)
(2.30917 -0.00029503 0)
(2.30925 -0.000284596 0)
(2.30932 -0.000274766 0)
(2.3094 -0.000265504 0)
(2.30947 -0.000256767 0)
(2.30955 -0.000248509 0)
(2.30962 -0.000240681 0)
(2.78646 -0.00137866 0)
(2.78632 -0.00128187 0)
(2.78621 -0.00119197 0)
(2.78611 -0.00111014 0)
(2.78603 -0.00103665 0)
(2.78596 -0.000970723 0)
(2.7859 -0.000911106 0)
(2.78586 -0.000856791 0)
(2.78582 -0.000807281 0)
(2.7858 -0.000762422 0)
(2.78577 -0.000722046 0)
(2.78576 -0.000685762 0)
(2.78575 -0.00065294 0)
(2.78575 -0.00062288 0)
(2.78575 -0.000595015 0)
(2.78575 -0.000568997 0)
(2.78576 -0.000544669 0)
(2.78577 -0.000521997 0)
(2.78578 -0.000500968 0)
(2.7858 -0.000481516 0)
(2.78582 -0.000463513 0)
(2.78584 -0.000446775 0)
(2.78586 -0.000431102 0)
(2.78588 -0.000416319 0)
(2.78591 -0.000402287 0)
(2.78593 -0.000388921 0)
(2.78596 -0.000376175 0)
(2.78599 -0.000364028 0)
(2.78602 -0.000352476 0)
(2.78604 -0.000341508 0)
(2.78607 -0.00033111 0)
(2.7861 -0.000321253 0)
(2.78613 -0.000311899 0)
(2.78616 -0.000303003 0)
(2.78619 -0.000294518 0)
(3.18676 -0.00117893 0)
(3.18655 -0.00110389 0)
(3.18637 -0.0010327 0)
(3.18619 -0.000966998 0)
(3.18604 -0.000907571 0)
(3.18589 -0.000854138 0)
(3.18576 -0.000805787 0)
(3.18563 -0.000761657 0)
(3.18552 -0.000721328 0)
(3.18541 -0.000684748 0)
(3.18532 -0.000651904 0)
(3.18523 -0.00062256 0)
(3.18514 -0.0005962 0)
(3.18506 -0.000572167 0)
(3.18499 -0.000549897 0)
(3.18492 -0.000529025 0)
(3.18486 -0.000509394 0)
(3.1848 -0.000491 0)
(3.18474 -0.000473885 0)
(3.18469 -0.000458041 0)
(3.18465 -0.000443389 0)
(3.1846 -0.000429779 0)
(3.18456 -0.000417019 0)
(3.18452 -0.000404931 0)
(3.18449 -0.000393374 0)
(3.18446 -0.000382263 0)
(3.18443 -0.000371564 0)
(3.1844 -0.000361279 0)
(3.18437 -0.000351425 0)
(3.18435 -0.000342017 0)
(3.18433 -0.000333057 0)
(3.18431 -0.000324529 0)
(3.18429 -0.000316404 0)
(3.18427 -0.00030864 0)
(3.18426 -0.000301192 0)
(3.50702 -0.000941328 0)
(3.50678 -0.0008852 0)
(3.50656 -0.000830828 0)
(3.50636 -0.00077991 0)
(3.50617 -0.000733469 0)
(3.50599 -0.000691559 0)
(3.50582 -0.000653576 0)
(3.50566 -0.000618841 0)
(3.50552 -0.000587024 0)
(3.50537 -0.000558134 0)
(3.50524 -0.000532244 0)
(3.50511 -0.000509252 0)
(3.50499 -0.000488797 0)
(3.50488 -0.000470333 0)
(3.50477 -0.000453331 0)
(3.50466 -0.000437433 0)
(3.50456 -0.000422469 0)
(3.50446 -0.000408432 0)
(3.50437 -0.000395388 0)
(3.50428 -0.000383365 0)
(3.5042 -0.000372325 0)
(3.50412 -0.000362157 0)
(3.50404 -0.00035269 0)
(3.50396 -0.000343751 0)
(3.50389 -0.000335198 0)
(3.50382 -0.000326939 0)
(3.50375 -0.00031894 0)
(3.50369 -0.000311209 0)
(3.50363 -0.000303773 0)
(3.50357 -0.000296661 0)
(3.50351 -0.000289888 0)
(3.50345 -0.000283448 0)
(3.5034 -0.000277315 0)
(3.50335 -0.000271451 0)
(3.5033 -0.000265812 0)
(3.7472 -0.000684317 0)
(3.74695 -0.000645506 0)
(3.74671 -0.000607198 0)
(3.74649 -0.000570857 0)
(3.74628 -0.000537435 0)
(3.74608 -0.000507131 0)
(3.7459 -0.000479582 0)
(3.74572 -0.000454313 0)
(3.74555 -0.000431086 0)
(3.7454 -0.000409943 0)
(3.74525 -0.000390983 0)
(3.7451 -0.00037419 0)
(3.74497 -0.00035935 0)
(3.74483 -0.00034606 0)
(3.74471 -0.000333889 0)
(3.74458 -0.000322537 0)
(3.74447 -0.000311853 0)
(3.74435 -0.000301823 0)
(3.74424 -0.000292513 0)
(3.74414 -0.000283968 0)
(3.74403 -0.00027618 0)
(3.74393 -0.000269073 0)
(3.74383 -0.000262519 0)
(3.74374 -0.000256373 0)
(3.74365 -0.000250513 0)
(3.74356 -0.000244853 0)
(3.74347 -0.00023936 0)
(3.74339 -0.000234039 0)
(3.7433 -0.000228915 0)
(3.74322 -0.000224021 0)
(3.74315 -0.000219375 0)
(3.74307 -0.000214978 0)
(3.743 -0.00021081 0)
(3.74292 -0.000206838 0)
(3.74285 -0.000203024 0)
(3.90731 -0.000415048 0)
(3.90705 -0.000392297 0)
(3.9068 -0.000369558 0)
(3.90657 -0.000347792 0)
(3.90635 -0.000327642 0)
(3.90614 -0.000309293 0)
(3.90594 -0.000292575 0)
(3.90576 -0.000277211 0)
(3.90558 -0.000263044 0)
(3.90541 -0.000250106 0)
(3.90526 -0.000238494 0)
(3.9051 -0.000228217 0)
(3.90496 -0.000219156 0)
(3.90482 -0.000211077 0)
(3.90468 -0.000203711 0)
(3.90455 -0.000196853 0)
(3.90443 -0.0001904 0)
(3.90431 -0.000184337 0)
(3.90419 -0.000178704 0)
(3.90407 -0.00017354 0)
(3.90396 -0.000168851 0)
(3.90385 -0.000164595 0)
(3.90375 -0.000160695 0)
(3.90365 -0.000157061 0)
(3.90355 -0.000153611 0)
(3.90345 -0.000150285 0)
(3.90335 -0.000147058 0)
(3.90326 -0.000143929 0)
(3.90317 -0.000140916 0)
(3.90308 -0.000138042 0)
(3.90299 -0.000135322 0)
(3.9029 -0.000132758 0)
(3.90282 -0.00013034 0)
(3.90273 -0.000128045 0)
(3.90265 -0.000125847 0)
(3.98736 -0.000139022 0)
(3.9871 -0.00013155 0)
(3.98684 -0.000124037 0)
(3.9866 -0.000116801 0)
(3.98638 -0.000110063 0)
(3.98617 -0.000103908 0)
(3.98597 -9.83029e-05 0)
(3.98578 -9.31585e-05 0)
(3.98559 -8.8413e-05 0)
(3.98542 -8.40701e-05 0)
(3.98526 -8.01554e-05 0)
(3.98511 -7.66718e-05 0)
(3.98496 -7.35941e-05 0)
(3.98481 -7.08606e-05 0)
(3.98467 -6.8385e-05 0)
(3.98454 -6.60948e-05 0)
(3.98441 -6.39471e-05 0)
(3.98429 -6.19266e-05 0)
(3.98417 -6.0041e-05 0)
(3.98405 -5.83029e-05 0)
(3.98393 -5.67174e-05 0)
(3.98382 -5.52766e-05 0)
(3.98371 -5.39596e-05 0)
(3.98361 -5.27392e-05 0)
(3.9835 -5.15886e-05 0)
(3.9834 -5.04863e-05 0)
(3.9833 -4.94206e-05 0)
(3.98321 -4.83881e-05 0)
(3.98311 -4.73923e-05 0)
(3.98302 -4.64391e-05 0)
(3.98293 -4.5534e-05 0)
(3.98284 -4.46791e-05 0)
(3.98275 -4.38719e-05 0)
(3.98266 -4.31066e-05 0)
(3.98258 -4.23748e-05 0)
(3.98736 0.000139052 0)
(3.9871 0.000131552 0)
(3.98684 0.000124011 0)
(3.9866 0.000116787 0)
(3.98638 0.000110105 0)
(3.98617 0.000104012 0)
(3.98597 9.84239e-05 0)
(3.98578 9.32348e-05 0)
(3.98559 8.84147e-05 0)
(3.98542 8.40218e-05 0)
(3.98526 8.01189e-05 0)
(3.98511 7.67031e-05 0)
(3.98496 7.37092e-05 0)
(3.98481 7.10345e-05 0)
(3.98467 6.85707e-05 0)
(3.98454 6.62481e-05 0)
(3.98441 6.40481e-05 0)
(3.98429 6.19845e-05 0)
(3.98417 6.00847e-05 0)
(3.98405 5.83669e-05 0)
(3.98393 5.68281e-05 0)
(3.98382 5.54453e-05 0)
(3.98371 5.41819e-05 0)
(3.98361 5.29995e-05 0)
(3.9835 5.18664e-05 0)
(3.9834 5.07642e-05 0)
(3.9833 4.96882e-05 0)
(3.98321 4.86448e-05 0)
(3.98311 4.76457e-05 0)
(3.98302 4.67023e-05 0)
(3.98293 4.5821e-05 0)
(3.98284 4.50015e-05 0)
(3.98275 4.42367e-05 0)
(3.98266 4.35156e-05 0)
(3.98258 4.2826e-05 0)
(3.90731 0.000415093 0)
(3.90705 0.000392316 0)
(3.9068 0.000369549 0)
(3.90657 0.000347786 0)
(3.90635 0.000327679 0)
(3.90614 0.000309378 0)
(3.90594 0.000292669 0)
(3.90576 0.000277263 0)
(3.90558 0.000263036 0)
(3.90541 0.000250071 0)
(3.90526 0.000238481 0)
(3.9051 0.000228266 0)
(3.90496 0.000219275 0)
(3.90482 0.000211241 0)
(3.90468 0.000203875 0)
(3.90455 0.000196984 0)
(3.90443 0.000190487 0)
(3.90431 0.000184393 0)
(3.90419 0.000178756 0)
(3.90407 0.000173619 0)
(3.90396 0.000168974 0)
(3.90385 0.000164769 0)
(3.90375 0.000160913 0)
(3.90365 0.000157306 0)
(3.90355 0.000153866 0)
(3.90345 0.000150538 0)
(3.90335 0.000147304 0)
(3.90326 0.00014417 0)
(3.90317 0.000141162 0)
(3.90308 0.000138304 0)
(3.90299 0.00013561 0)
(3.9029 0.000133081 0)
(3.90282 0.000130702 0)
(3.90273 0.000128445 0)
(3.90265 0.000126283 0)
(3.7472 0.000684349 0)
(3.74695 0.000645522 0)
(3.74671 0.000607193 0)
(3.74649 0.000570856 0)
(3.74628 0.000537465 0)
(3.74608 0.000507191 0)
(3.74589 0.000479644 0)
(3.74572 0.000454349 0)
(3.74555 0.000431094 0)
(3.7454 0.000409943 0)
(3.74525 0.00039101 0)
(3.7451 0.000374265 0)
(3.74497 0.000359463 0)
(3.74483 0.000346186 0)
(3.74471 0.000334004 0)
(3.74458 0.000322628 0)
(3.74447 0.000311923 0)
(3.74435 0.000301887 0)
(3.74424 0.00029259 0)
(3.74414 0.000284075 0)
(3.74403 0.000276323 0)
(3.74393 0.000269249 0)
(3.74383 0.000262717 0)
(3.74374 0.000256583 0)
(3.74365 0.000250725 0)
(3.74356 0.000245064 0)
(3.74347 0.000239573 0)
(3.74339 0.000234259 0)
(3.7433 0.000229151 0)
(3.74322 0.00022428 0)
(3.74315 0.000219662 0)
(3.74307 0.000215295 0)
(3.743 0.000211158 0)
(3.74292 0.000207214 0)
(3.74285 0.000203427 0)
(3.50702 0.000941356 0)
(3.50678 0.000885219 0)
(3.50656 0.000830838 0)
(3.50636 0.000779927 0)
(3.50617 0.000733504 0)
(3.50599 0.000691603 0)
(3.50582 0.000653609 0)
(3.50566 0.000618857 0)
(3.50552 0.000587037 0)
(3.50537 0.000558169 0)
(3.50524 0.000532308 0)
(3.50511 0.000509334 0)
(3.50499 0.000488881 0)
(3.50488 0.000470404 0)
(3.50477 0.000453387 0)
(3.50466 0.000437485 0)
(3.50456 0.000422532 0)
(3.50446 0.000408518 0)
(3.50437 0.000395501 0)
(3.50428 0.000383503 0)
(3.5042 0.000372481 0)
(3.50412 0.000362319 0)
(3.50404 0.00035285 0)
(3.50396 0.000343908 0)
(3.50389 0.000335355 0)
(3.50382 0.000327103 0)
(3.50375 0.00031912 0)
(3.50369 0.000311411 0)
(3.50363 0.000304 0)
(3.50357 0.000296914 0)
(3.50351 0.000290164 0)
(3.50345 0.000283745 0)
(3.5034 0.00027763 0)
(3.50335 0.000271783 0)
(3.5033 0.000266161 0)
(3.18676 0.00117894 0)
(3.18655 0.00110392 0)
(3.18637 0.00103275 0)
(3.18619 0.000967043 0)
(3.18604 0.000907601 0)
(3.18589 0.00085414 0)
(3.18576 0.000805772 0)
(3.18563 0.000761656 0)
(3.18552 0.000721368 0)
(3.18541 0.000684831 0)
(3.18532 0.000652004 0)
(3.18523 0.00062264 0)
(3.18514 0.000596239 0)
(3.18506 0.000572174 0)
(3.18499 0.000549899 0)
(3.18492 0.000529054 0)
(3.18486 0.000509469 0)
(3.1848 0.000491123 0)
(3.18474 0.000474038 0)
(3.18469 0.0004582 0)
(3.18465 0.000443535 0)
(3.1846 0.000429901 0)
(3.18456 0.000417121 0)
(3.18452 0.000405024 0)
(3.18449 0.000393476 0)
(3.18446 0.000382387 0)
(3.18443 0.00037172 0)
(3.1844 0.000361468 0)
(3.18437 0.000351642 0)
(3.18435 0.000342255 0)
(3.18433 0.000333308 0)
(3.18431 0.000324788 0)
(3.18429 0.000316667 0)
(3.18428 0.000308908 0)
(3.18426 0.000301469 0)
(2.78646 0.00137868 0)
(2.78632 0.0012819 0)
(2.78621 0.00119202 0)
(2.78611 0.00111019 0)
(2.78603 0.00103667 0)
(2.78596 0.00097069 0)
(2.7859 0.000911061 0)
(2.78586 0.000856794 0)
(2.78582 0.000807358 0)
(2.7858 0.000762545 0)
(2.78577 0.00072216 0)
(2.78576 0.000685819 0)
(2.78575 0.00065293 0)
(2.78575 0.000622835 0)
(2.78575 0.000594985 0)
(2.78575 0.000569022 0)
(2.78576 0.000544761 0)
(2.78577 0.000522142 0)
(2.78579 0.000501132 0)
(2.7858 0.000481664 0)
(2.78582 0.000463624 0)
(2.78584 0.000446846 0)
(2.78586 0.000431148 0)
(2.78588 0.000416362 0)
(2.78591 0.00040235 0)
(2.78593 0.000389018 0)
(2.78596 0.00037631 0)
(2.78599 0.000364198 0)
(2.78602 0.000352669 0)
(2.78604 0.000341713 0)
(2.78607 0.000331317 0)
(2.7861 0.000321455 0)
(2.78613 0.000312097 0)
(2.78616 0.000303198 0)
(2.78619 0.000294717 0)
(2.30651 0.00149047 0)
(2.30655 0.00136451 0)
(2.30661 0.00125063 0)
(2.30669 0.00114903 0)
(2.30678 0.00105902 0)
(2.30688 0.000979123 0)
(2.30698 0.000907725 0)
(2.30709 0.000843569 0)
(2.3072 0.000785873 0)
(2.30731 0.00073414 0)
(2.30742 0.000687902 0)
(2.30753 0.000646566 0)
(2.30764 0.000609418 0)
(2.30775 0.000575747 0)
(2.30786 0.000544971 0)
(2.30796 0.00051667 0)
(2.30807 0.000490583 0)
(2.30817 0.000466556 0)
(2.30827 0.000444462 0)
(2.30837 0.000424164 0)
(2.30847 0.0004055 0)
(2.30856 0.000388283 0)
(2.30865 0.000372319 0)
(2.30874 0.000357434 0)
(2.30883 0.000343479 0)
(2.30892 0.000330341 0)
(2.309 0.000317944 0)
(2.30909 0.000306234 0)
(2.30917 0.000295176 0)
(2.30925 0.000284744 0)
(2.30933 0.000274908 0)
(2.3094 0.000265638 0)
(2.30948 0.000256893 0)
(2.30955 0.000248633 0)
(2.30962 0.000240808 0)
(1.74844 0.00133285 0)
(1.74882 0.00118212 0)
(1.74918 0.00105261 0)
(1.74953 0.000942156 0)
(1.74987 0.000848092 0)
(1.75019 0.000767552 0)
(1.75049 0.000698013 0)
(1.75077 0.000637538 0)
(1.75104 0.000584755 0)
(1.75129 0.000538655 0)
(1.75153 0.000498377 0)
(1.75175 0.000463085 0)
(1.75197 0.00043196 0)
(1.75217 0.000404259 0)
(1.75237 0.000379381 0)
(1.75255 0.000356872 0)
(1.75273 0.000336417 0)
(1.75289 0.000317807 0)
(1.75305 0.000300878 0)
(1.75321 0.000285478 0)
(1.75336 0.000271456 0)
(1.7535 0.000258644 0)
(1.75363 0.000246878 0)
(1.75376 0.000236002 0)
(1.75389 0.000225884 0)
(1.75401 0.000216422 0)
(1.75413 0.000207542 0)
(1.75424 0.000199197 0)
(1.75435 0.000191354 0)
(1.75445 0.000183992 0)
(1.75456 0.000177087 0)
(1.75466 0.000170616 0)
(1.75475 0.000164545 0)
(1.75484 0.000158842 0)
(1.75493 0.000153467 0)
(1.11508 0.000720805 0)
(1.11569 0.000611357 0)
(1.11623 0.000525683 0)
(1.11671 0.000457964 0)
(1.11715 0.00040365 0)
(1.11754 0.00035929 0)
(1.1179 0.000322392 0)
(1.11822 0.000291233 0)
(1.11852 0.000264653 0)
(1.1188 0.000241869 0)
(1.11905 0.000222287 0)
(1.11928 0.000205389 0)
(1.1195 0.000190688 0)
(1.11971 0.000177744 0)
(1.1199 0.0001662 0)
(1.12008 0.000155791 0)
(1.12025 0.000146352 0)
(1.12041 0.000137786 0)
(1.12056 0.000130027 0)
(1.1207 0.000123017 0)
(1.12084 0.000116687 0)
(1.12097 0.000110949 0)
(1.12109 0.00010571 0)
(1.12121 0.000100881 0)
(1.12132 9.63878e-05 0)
(1.12143 9.21762e-05 0)
(1.12153 8.82152e-05 0)
(1.12163 8.44885e-05 0)
(1.12173 8.09906e-05 0)
(1.12182 7.77175e-05 0)
(1.12191 7.46638e-05 0)
(1.122 7.1818e-05 0)
(1.12208 6.91647e-05 0)
(1.12216 6.66832e-05 0)
(1.12223 6.43531e-05 0)
(0.407837 6.58188e-05 0)
(0.408186 5.49521e-05 0)
(0.408484 4.70485e-05 0)
(0.408742 4.11674e-05 0)
(0.408968 3.65733e-05 0)
(0.409169 3.28154e-05 0)
(0.409349 2.96222e-05 0)
(0.40951 2.68349e-05 0)
(0.409657 2.43944e-05 0)
(0.40979 2.23026e-05 0)
(0.409912 2.05548e-05 0)
(0.410025 1.90999e-05 0)
(0.410129 1.7849e-05 0)
(0.410226 1.67146e-05 0)
(0.410317 1.56426e-05 0)
(0.410402 1.46223e-05 0)
(0.410481 1.3673e-05 0)
(0.410556 1.2822e-05 0)
(0.410626 1.20837e-05 0)
(0.410692 1.14541e-05 0)
(0.410755 1.09109e-05 0)
(0.410815 1.04246e-05 0)
(0.410872 9.96733e-06 0)
(0.410926 9.52148e-06 0)
(0.410978 9.08049e-06 0)
(0.411027 8.6488e-06 0)
(0.411075 8.23533e-06 0)
(0.41112 7.85066e-06 0)
(0.411163 7.50111e-06 0)
(0.411205 7.18913e-06 0)
(0.411245 6.91108e-06 0)
(0.411283 6.66104e-06 0)
(0.41132 6.43043e-06 0)
(0.411355 6.21245e-06 0)
(0.41139 6.00089e-06 0)
(0.411422 -5.79029e-06 0)
(0.411454 -5.58749e-06 0)
(0.411485 -5.38892e-06 0)
(0.411515 -5.19665e-06 0)
(0.411544 -5.01269e-06 0)
(0.411572 -4.83908e-06 0)
(0.411599 -4.67659e-06 0)
(0.411625 -4.52568e-06 0)
(0.41165 -4.38534e-06 0)
(0.411675 -4.25465e-06 0)
(1.12231 -6.21272e-05 0)
(1.12238 -6.00377e-05 0)
(1.12245 -5.80466e-05 0)
(1.12252 -5.61448e-05 0)
(1.12258 -5.43261e-05 0)
(1.12264 -5.25878e-05 0)
(1.1227 -5.09278e-05 0)
(1.12276 -4.93455e-05 0)
(1.12282 -4.7839e-05 0)
(1.12288 -4.64064e-05 0)
(1.75502 -0.000148311 0)
(1.7551 -0.000143482 0)
(1.75519 -0.000138885 0)
(1.75526 -0.000134499 0)
(1.75534 -0.000130309 0)
(1.75542 -0.000126306 0)
(1.75549 -0.00012248 0)
(1.75556 -0.000118826 0)
(1.75563 -0.000115338 0)
(1.7557 -0.000112009 0)
(2.30969 -0.00023324 0)
(2.30976 -0.000226146 0)
(2.30982 -0.000219367 0)
(2.30989 -0.000212878 0)
(2.30995 -0.000206662 0)
(2.31001 -0.000200707 0)
(2.31008 -0.000195002 0)
(2.31013 -0.00018954 0)
(2.31019 -0.000184312 0)
(2.31025 -0.000179308 0)
(2.78622 -0.000286399 0)
(2.78625 -0.000278606 0)
(2.78628 -0.000271109 0)
(2.78631 -0.000263887 0)
(2.78634 -0.000256927 0)
(2.78637 -0.00025022 0)
(2.7864 -0.000243762 0)
(2.78643 -0.000237551 0)
(2.78646 -0.000231581 0)
(2.78649 -0.000225844 0)
(3.18425 -0.000294019 0)
(3.18423 -0.000287086 0)
(3.18422 -0.000280367 0)
(3.18421 -0.000273847 0)
(3.1842 -0.000267518 0)
(3.1842 -0.00026138 0)
(3.18419 -0.000255433 0)
(3.18418 -0.000249682 0)
(3.18418 -0.000244125 0)
(3.18417 -0.000238762 0)
(3.50325 -0.000260359 0)
(3.5032 -0.000255059 0)
(3.50316 -0.000249892 0)
(3.50311 -0.000244848 0)
(3.50307 -0.000239924 0)
(3.50303 -0.000235124 0)
(3.50299 -0.000230453 0)
(3.50295 -0.000225917 0)
(3.50292 -0.000221517 0)
(3.50288 -0.000217254 0)
(3.74278 -0.00019933 0)
(3.74272 -0.000195731 0)
(3.74265 -0.000192208 0)
(3.74259 -0.000188757 0)
(3.74252 -0.000185378 0)
(3.74246 -0.000182078 0)
(3.7424 -0.000178861 0)
(3.74234 -0.000175733 0)
(3.74229 -0.000172695 0)
(3.74223 -0.000169747 0)
(3.90257 -0.000123721 0)
(3.9025 -0.000121647 0)
(3.90242 -0.000119614 0)
(3.90234 -0.000117619 0)
(3.90227 -0.000115665 0)
(3.9022 -0.000113755 0)
(3.90213 -0.000111896 0)
(3.90206 -0.000110089 0)
(3.90199 -0.000108336 0)
(3.90192 -0.000106634 0)
(3.98249 -4.16685e-05 0)
(3.98241 -4.09807e-05 0)
(3.98233 -4.03073e-05 0)
(3.98225 -3.96466e-05 0)
(3.98217 -3.89991e-05 0)
(3.98209 -3.83662e-05 0)
(3.98202 -3.77494e-05 0)
(3.98194 -3.71497e-05 0)
(3.98187 -3.65671e-05 0)
(3.9818 -3.60006e-05 0)
(3.98249 4.21573e-05 0)
(3.98241 4.15024e-05 0)
(3.98233 4.08582e-05 0)
(3.98225 4.0225e-05 0)
(3.98217 3.9605e-05 0)
(3.98209 3.90014e-05 0)
(3.98202 3.84167e-05 0)
(3.98194 3.78525e-05 0)
(3.98187 3.73088e-05 0)
(3.9818 3.67846e-05 0)
(3.90257 0.000124189 0)
(3.9025 0.000122144 0)
(3.90242 0.000120138 0)
(3.90234 0.00011817 0)
(3.90227 0.000116242 0)
(3.9022 0.000114362 0)
(3.90213 0.000112534 0)
(3.90206 0.000110763 0)
(3.90199 0.000109049 0)
(3.90192 0.00010739 0)
(3.74278 0.000199758 0)
(3.74272 0.000196182 0)
(3.74265 0.000192683 0)
(3.74259 0.000189256 0)
(3.74252 0.000185904 0)
(3.74246 0.000182632 0)
(3.7424 0.000179447 0)
(3.74234 0.000176355 0)
(3.74229 0.000173356 0)
(3.74223 0.000170448 0)
(3.50325 0.000260726 0)
(3.5032 0.000255445 0)
(3.50316 0.0002503 0)
(3.50311 0.000245279 0)
(3.50307 0.000240382 0)
(3.50303 0.00023561 0)
(3.50299 0.000230971 0)
(3.50296 0.000226468 0)
(3.50292 0.000222103 0)
(3.50288 0.000217876 0)
(3.18425 0.000294309 0)
(3.18423 0.000287394 0)
(3.18422 0.000280696 0)
(3.18421 0.000274201 0)
(3.1842 0.000267899 0)
(3.1842 0.000261788 0)
(3.18419 0.000255869 0)
(3.18418 0.000250146 0)
(3.18418 0.000244617 0)
(3.18417 0.00023928 0)
(2.78622 0.000286608 0)
(2.78625 0.000278832 0)
(2.78628 0.000271356 0)
(2.78631 0.000264158 0)
(2.78634 0.000257222 0)
(2.78638 0.000250539 0)
(2.78641 0.000244102 0)
(2.78644 0.00023791 0)
(2.78647 0.000231957 0)
(2.7865 0.000226238 0)
(2.30969 0.000233377 0)
(2.30976 0.000226298 0)
(2.30982 0.000219536 0)
(2.30989 0.000213066 0)
(2.30995 0.000206868 0)
(2.31002 0.000200927 0)
(2.31008 0.000195235 0)
(2.31014 0.000189784 0)
(2.3102 0.000184565 0)
(2.31025 0.00017957 0)
(1.75502 0.000148386 0)
(1.7551 0.000143566 0)
(1.75519 0.000138979 0)
(1.75527 0.000134602 0)
(1.75534 0.000130422 0)
(1.75542 0.000126425 0)
(1.75549 0.000122607 0)
(1.75556 0.000118958 0)
(1.75563 0.000115475 0)
(1.7557 0.000112151 0)
(1.12231 6.2153e-05 0)
(1.12238 6.00663e-05 0)
(1.12245 5.80783e-05 0)
(1.12252 5.61802e-05 0)
(1.12258 5.43648e-05 0)
(1.12264 5.26298e-05 0)
(1.1227 5.09726e-05 0)
(1.12276 4.93929e-05 0)
(1.12282 4.78885e-05 0)
(1.12288 4.6458e-05 0)
(0.411423 5.79341e-06 0)
(0.411455 5.58873e-06 0)
(0.411485 5.38881e-06 0)
(0.411515 5.19518e-06 0)
(0.411544 5.01092e-06 0)
(0.411572 4.83718e-06 0)
(0.411599 4.67566e-06 0)
(0.411625 4.52559e-06 0)
(0.411651 4.3868e-06 0)
(0.411675 4.25705e-06 0)
(0.411699 -4.13167e-06 0)
(0.411722 -4.01511e-06 0)
(0.411744 -3.90323e-06 0)
(0.411766 -3.7952e-06 0)
(0.411788 -3.69007e-06 0)
(0.411808 -3.58777e-06 0)
(0.411828 -3.48804e-06 0)
(0.411848 -3.39133e-06 0)
(0.411867 -3.29769e-06 0)
(0.411886 -3.20769e-06 0)
(0.411904 -3.12127e-06 0)
(0.411921 -3.03884e-06 0)
(0.411939 -2.96006e-06 0)
(0.411955 -2.88509e-06 0)
(0.411972 -2.81337e-06 0)
(0.411988 -2.74488e-06 0)
(0.412003 -2.67899e-06 0)
(0.412018 -2.61567e-06 0)
(0.412033 -2.55434e-06 0)
(0.412048 -2.49508e-06 0)
(0.412062 -2.43744e-06 0)
(0.412076 -2.3816e-06 0)
(0.412089 -2.32727e-06 0)
(0.412102 -2.27471e-06 0)
(0.412115 -2.22368e-06 0)
(0.412128 -2.17451e-06 0)
(0.41214 -2.12691e-06 0)
(0.412153 -2.08124e-06 0)
(0.412164 -2.03715e-06 0)
(0.412176 -1.99498e-06 0)
(0.412187 -1.95435e-06 0)
(0.412199 -1.9156e-06 0)
(0.412209 -1.87833e-06 0)
(0.41222 -1.84296e-06 0)
(0.412231 -1.80914e-06 0)
(1.12293 -4.5044e-05 0)
(1.12298 -4.37476e-05 0)
(1.12303 -4.25121e-05 0)
(1.12308 -4.13322e-05 0)
(1.12313 -4.02026e-05 0)
(1.12318 -3.91188e-05 0)
(1.12323 -3.80767e-05 0)
(1.12327 -3.70734e-05 0)
(1.12331 -3.61063e-05 0)
(1.12336 -3.51739e-05 0)
(1.1234 -3.42749e-05 0)
(1.12344 -3.34084e-05 0)
(1.12348 -3.25731e-05 0)
(1.12352 -3.17684e-05 0)
(1.12356 -3.09929e-05 0)
(1.12359 -3.02455e-05 0)
(1.12363 -2.95247e-05 0)
(1.12366 -2.88292e-05 0)
(1.1237 -2.81576e-05 0)
(1.12373 -2.75088e-05 0)
(1.12376 -2.68815e-05 0)
(1.1238 -2.62748e-05 0)
(1.12383 -2.56879e-05 0)
(1.12386 -2.512e-05 0)
(1.12389 -2.45705e-05 0)
(1.12392 -2.40388e-05 0)
(1.12395 -2.35242e-05 0)
(1.12397 -2.30264e-05 0)
(1.124 -2.25446e-05 0)
(1.12403 -2.20786e-05 0)
(1.12405 -2.16278e-05 0)
(1.12408 -2.11922e-05 0)
(1.12411 -2.07714e-05 0)
(1.12413 -2.03661e-05 0)
(1.12416 -1.99764e-05 0)
(1.75576 -0.000108832 0)
(1.75583 -0.000105798 0)
(1.75589 -0.000102898 0)
(1.75595 -0.000100121 0)
(1.75601 -9.74577e-05 0)
(1.75607 -9.49002e-05 0)
(1.75612 -9.24402e-05 0)
(1.75618 -9.00716e-05 0)
(1.75623 -8.77889e-05 0)
(1.75629 -8.55881e-05 0)
(1.75634 -8.34653e-05 0)
(1.75639 -8.14178e-05 0)
(1.75644 -7.94425e-05 0)
(1.75648 -7.75365e-05 0)
(1.75653 -7.56968e-05 0)
(1.75658 -7.39206e-05 0)
(1.75662 -7.22046e-05 0)
(1.75667 -7.05461e-05 0)
(1.75671 -6.8942e-05 0)
(1.75675 -6.739e-05 0)
(1.75679 -6.58876e-05 0)
(1.75683 -6.44328e-05 0)
(1.75687 -6.30237e-05 0)
(1.75691 -6.16588e-05 0)
(1.75695 -6.03364e-05 0)
(1.75699 -5.90552e-05 0)
(1.75702 -5.78136e-05 0)
(1.75706 -5.66106e-05 0)
(1.75709 -5.54446e-05 0)
(1.75713 -5.43149e-05 0)
(1.75716 -5.32201e-05 0)
(1.75719 -5.21602e-05 0)
(1.75723 -5.11345e-05 0)
(1.75726 -5.01438e-05 0)
(1.75729 -4.91889e-05 0)
(2.31031 -0.000174517 0)
(2.31036 -0.000169926 0)
(2.31042 -0.000165522 0)
(2.31047 -0.00016129 0)
(2.31052 -0.00015722 0)
(2.31057 -0.000153298 0)
(2.31062 -0.000149517 0)
(2.31067 -0.000145868 0)
(2.31072 -0.000142344 0)
(2.31076 -0.000138941 0)
(2.31081 -0.000135653 0)
(2.31086 -0.000132476 0)
(2.3109 -0.000129407 0)
(2.31094 -0.00012644 0)
(2.31099 -0.00012357 0)
(2.31103 -0.000120794 0)
(2.31107 -0.000118107 0)
(2.31111 -0.000115505 0)
(2.31115 -0.000112983 0)
(2.31119 -0.000110537 0)
(2.31122 -0.000108166 0)
(2.31126 -0.000105865 0)
(2.3113 -0.000103633 0)
(2.31133 -0.000101467 0)
(2.31137 -9.93647e-05 0)
(2.3114 -9.73242e-05 0)
(2.31144 -9.53435e-05 0)
(2.31147 -9.34207e-05 0)
(2.3115 -9.15539e-05 0)
(2.31154 -8.97415e-05 0)
(2.31157 -8.79824e-05 0)
(2.3116 -8.62757e-05 0)
(2.31163 -8.46213e-05 0)
(2.31166 -8.30197e-05 0)
(2.31169 -8.14727e-05 0)
(2.78652 -0.000220332 0)
(2.78655 -0.000215029 0)
(2.78658 -0.000209923 0)
(2.78661 -0.000204998 0)
(2.78664 -0.000200241 0)
(2.78667 -0.000195639 0)
(2.7867 -0.000191182 0)
(2.78672 -0.000186863 0)
(2.78675 -0.000182676 0)
(2.78678 -0.000178615 0)
(2.78681 -0.000174679 0)
(2.78683 -0.000170863 0)
(2.78686 -0.000167164 0)
(2.78689 -0.000163579 0)
(2.78691 -0.000160103 0)
(2.78694 -0.000156732 0)
(2.78696 -0.000153461 0)
(2.78699 -0.000150285 0)
(2.78701 -0.0001472 0)
(2.78704 -0.000144202 0)
(2.78706 -0.000141287 0)
(2.78709 -0.000138451 0)
(2.78711 -0.000135692 0)
(2.78713 -0.000133007 0)
(2.78716 -0.000130393 0)
(2.78718 -0.00012785 0)
(2.7872 -0.000125374 0)
(2.78722 -0.000122964 0)
(2.78724 -0.000120618 0)
(2.78727 -0.000118335 0)
(2.78729 -0.000116115 0)
(2.78731 -0.000113955 0)
(2.78733 -0.000111858 0)
(2.78735 -0.000109823 0)
(2.78737 -0.000107854 0)
(3.18417 -0.000233584 0)
(3.18416 -0.000228582 0)
(3.18416 -0.000223745 0)
(3.18416 -0.00021906 0)
(3.18416 -0.000214513 0)
(3.18416 -0.000210094 0)
(3.18416 -0.000205794 0)
(3.18416 -0.000201606 0)
(3.18416 -0.000197525 0)
(3.18416 -0.000193548 0)
(3.18416 -0.000189673 0)
(3.18416 -0.0001859 0)
(3.18416 -0.000182226 0)
(3.18416 -0.000178651 0)
(3.18417 -0.000175172 0)
(3.18417 -0.000171786 0)
(3.18417 -0.000168491 0)
(3.18418 -0.000165283 0)
(3.18418 -0.000162157 0)
(3.18418 -0.00015911 0)
(3.18419 -0.000156138 0)
(3.18419 -0.000153238 0)
(3.18419 -0.000150407 0)
(3.1842 -0.000147643 0)
(3.1842 -0.000144943 0)
(3.18421 -0.000142305 0)
(3.18421 -0.000139728 0)
(3.18421 -0.000137211 0)
(3.18422 -0.000134753 0)
(3.18422 -0.000132353 0)
(3.18423 -0.000130012 0)
(3.18423 -0.00012773 0)
(3.18424 -0.000125507 0)
(3.18424 -0.000123346 0)
(3.18425 -0.000121249 0)
(3.50285 -0.000213122 0)
(3.50282 -0.000209114 0)
(3.50279 -0.000205222 0)
(3.50275 -0.000201437 0)
(3.50272 -0.000197749 0)
(3.5027 -0.000194148 0)
(3.50267 -0.000190629 0)
(3.50264 -0.000187187 0)
(3.50262 -0.000183816 0)
(3.50259 -0.000180515 0)
(3.50257 -0.000177284 0)
(3.50254 -0.000174121 0)
(3.50252 -0.000171027 0)
(3.5025 -0.000168002 0)
(3.50248 -0.000165046 0)
(3.50245 -0.000162157 0)
(3.50243 -0.000159335 0)
(3.50241 -0.000156578 0)
(3.5024 -0.000153883 0)
(3.50238 -0.000151248 0)
(3.50236 -0.00014867 0)
(3.50234 -0.000146147 0)
(3.50232 -0.000143675 0)
(3.50231 -0.000141252 0)
(3.50229 -0.000138876 0)
(3.50228 -0.000136547 0)
(3.50226 -0.000134261 0)
(3.50225 -0.00013202 0)
(3.50223 -0.000129823 0)
(3.50222 -0.000127671 0)
(3.50221 -0.000125563 0)
(3.50219 -0.000123502 0)
(3.50218 -0.000121489 0)
(3.50217 -0.000119527 0)
(3.50215 -0.000117618 0)
(3.74217 -0.000166883 0)
(3.74212 -0.000164097 0)
(3.74207 -0.000161384 0)
(3.74202 -0.000158736 0)
(3.74197 -0.000156148 0)
(3.74192 -0.000153613 0)
(3.74187 -0.000151128 0)
(3.74182 -0.000148689 0)
(3.74178 -0.000146293 0)
(3.74173 -0.00014394 0)
(3.74169 -0.000141626 0)
(3.74165 -0.000139353 0)
(3.7416 -0.00013712 0)
(3.74156 -0.000134927 0)
(3.74152 -0.000132775 0)
(3.74148 -0.000130664 0)
(3.74144 -0.000128594 0)
(3.74141 -0.000126565 0)
(3.74137 -0.000124575 0)
(3.74133 -0.000122624 0)
(3.7413 -0.000120711 0)
(3.74126 -0.000118832 0)
(3.74123 -0.000116985 0)
(3.74119 -0.00011517 0)
(3.74116 -0.000113384 0)
(3.74113 -0.000111626 0)
(3.7411 -0.000109895 0)
(3.74106 -0.00010819 0)
(3.74103 -0.000106512 0)
(3.741 -0.000104862 0)
(3.74097 -0.000103241 0)
(3.74094 -0.000101651 0)
(3.74092 -0.000100093 0)
(3.74089 -9.85695e-05 0)
(3.74086 -9.70849e-05 0)
(3.90185 -0.00010498 0)
(3.90179 -0.000103368 0)
(3.90173 -0.000101796 0)
(3.90166 -0.000100257 0)
(3.9016 -9.87497e-05 0)
(3.90154 -9.72705e-05 0)
(3.90148 -9.58176e-05 0)
(3.90142 -9.43894e-05 0)
(3.90136 -9.29842e-05 0)
(3.90131 -9.16011e-05 0)
(3.90125 -9.02388e-05 0)
(3.90119 -8.88967e-05 0)
(3.90114 -8.75743e-05 0)
(3.90109 -8.62716e-05 0)
(3.90103 -8.49886e-05 0)
(3.90098 -8.37259e-05 0)
(3.90093 -8.24836e-05 0)
(3.90088 -8.12621e-05 0)
(3.90083 -8.00613e-05 0)
(3.90078 -7.88808e-05 0)
(3.90074 -7.77199e-05 0)
(3.90069 -7.65776e-05 0)
(3.90064 -7.54524e-05 0)
(3.9006 -7.43433e-05 0)
(3.90055 -7.32489e-05 0)
(3.90051 -7.21682e-05 0)
(3.90047 -7.11006e-05 0)
(3.90042 -7.0046e-05 0)
(3.90038 -6.90044e-05 0)
(3.90034 -6.79765e-05 0)
(3.9003 -6.69632e-05 0)
(3.90026 -6.5966e-05 0)
(3.90022 -6.49865e-05 0)
(3.90018 -6.40267e-05 0)
(3.90014 -6.30892e-05 0)
(3.98173 -3.54489e-05 0)
(3.98166 -3.49101e-05 0)
(3.98159 -3.43825e-05 0)
(3.98152 -3.38647e-05 0)
(3.98145 -3.3356e-05 0)
(3.98139 -3.28555e-05 0)
(3.98132 -3.2363e-05 0)
(3.98126 -3.18781e-05 0)
(3.98119 -3.14004e-05 0)
(3.98113 -3.09295e-05 0)
(3.98107 -3.04649e-05 0)
(3.98101 -3.0006e-05 0)
(3.98095 -2.95526e-05 0)
(3.98089 -2.91042e-05 0)
(3.98083 -2.86609e-05 0)
(3.98078 -2.82226e-05 0)
(3.98072 -2.77894e-05 0)
(3.98066 -2.73616e-05 0)
(3.98061 -2.69394e-05 0)
(3.98056 -2.65226e-05 0)
(3.9805 -2.61113e-05 0)
(3.98045 -2.57051e-05 0)
(3.9804 -2.53038e-05 0)
(3.98035 -2.49069e-05 0)
(3.9803 -2.4514e-05 0)
(3.98025 -2.41246e-05 0)
(3.9802 -2.37385e-05 0)
(3.98015 -2.33556e-05 0)
(3.9801 -2.29759e-05 0)
(3.98005 -2.25997e-05 0)
(3.98001 -2.22273e-05 0)
(3.97996 -2.18595e-05 0)
(3.97992 -2.14969e-05 0)
(3.97987 -2.11404e-05 0)
(3.97983 -2.07912e-05 0)
(3.98173 3.62782e-05 0)
(3.98166 3.57874e-05 0)
(3.98159 3.53104e-05 0)
(3.98152 3.48454e-05 0)
(3.98145 3.4391e-05 0)
(3.98139 3.39463e-05 0)
(3.98132 3.35105e-05 0)
(3.98126 3.3083e-05 0)
(3.9812 3.26635e-05 0)
(3.98113 3.22516e-05 0)
(3.98107 3.1847e-05 0)
(3.98101 3.14497e-05 0)
(3.98095 3.10597e-05 0)
(3.98089 3.06771e-05 0)
(3.98083 3.03021e-05 0)
(3.98078 2.9935e-05 0)
(3.98072 2.95758e-05 0)
(3.98066 2.92246e-05 0)
(3.98061 2.88815e-05 0)
(3.98056 2.8546e-05 0)
(3.9805 2.8218e-05 0)
(3.98045 2.7897e-05 0)
(3.9804 2.75824e-05 0)
(3.98035 2.72737e-05 0)
(3.9803 2.69706e-05 0)
(3.98025 2.66726e-05 0)
(3.9802 2.63796e-05 0)
(3.98015 2.60915e-05 0)
(3.9801 2.58083e-05 0)
(3.98006 2.55301e-05 0)
(3.98001 2.52573e-05 0)
(3.97996 2.49901e-05 0)
(3.97992 2.4729e-05 0)
(3.97987 2.44742e-05 0)
(3.97983 2.42266e-05 0)
(3.90186 0.000105781 0)
(3.90179 0.000104217 0)
(3.90173 0.000102693 0)
(3.90166 0.000101204 0)
(3.9016 9.97474e-05 0)
(3.90154 9.83198e-05 0)
(3.90148 9.69192e-05 0)
(3.90142 9.55442e-05 0)
(3.90136 9.41936e-05 0)
(3.90131 9.28664e-05 0)
(3.90125 9.15619e-05 0)
(3.9012 9.02796e-05 0)
(3.90114 8.90192e-05 0)
(3.90109 8.77807e-05 0)
(3.90104 8.65644e-05 0)
(3.90098 8.53706e-05 0)
(3.90093 8.41994e-05 0)
(3.90088 8.30512e-05 0)
(3.90084 8.19256e-05 0)
(3.90079 8.08222e-05 0)
(3.90074 7.97401e-05 0)
(3.90069 7.86782e-05 0)
(3.90065 7.76351e-05 0)
(3.9006 7.66098e-05 0)
(3.90056 7.56007e-05 0)
(3.90051 7.46072e-05 0)
(3.90047 7.36284e-05 0)
(3.90043 7.26642e-05 0)
(3.90038 7.17145e-05 0)
(3.90034 7.078e-05 0)
(3.9003 6.98612e-05 0)
(3.90026 6.89595e-05 0)
(3.90022 6.80758e-05 0)
(3.90018 6.7212e-05 0)
(3.90015 6.637e-05 0)
(3.74218 0.000167627 0)
(3.74212 0.000164885 0)
(3.74207 0.000162216 0)
(3.74202 0.000159613 0)
(3.74197 0.000157068 0)
(3.74192 0.000154579 0)
(3.74187 0.000152139 0)
(3.74183 0.000149747 0)
(3.74178 0.0001474 0)
(3.74174 0.000145098 0)
(3.74169 0.000142838 0)
(3.74165 0.000140621 0)
(3.74161 0.000138446 0)
(3.74157 0.000136313 0)
(3.74152 0.000134223 0)
(3.74149 0.000132176 0)
(3.74145 0.000130171 0)
(3.74141 0.000128208 0)
(3.74137 0.000126286 0)
(3.74134 0.000124405 0)
(3.7413 0.000122561 0)
(3.74126 0.000120755 0)
(3.74123 0.000118982 0)
(3.7412 0.000117243 0)
(3.74116 0.000115534 0)
(3.74113 0.000113854 0)
(3.7411 0.000112203 0)
(3.74107 0.000110581 0)
(3.74104 0.000108986 0)
(3.74101 0.00010742 0)
(3.74098 0.000105884 0)
(3.74095 0.000104378 0)
(3.74092 0.000102905 0)
(3.7409 0.000101467 0)
(3.74087 0.000100067 0)
(3.50285 0.00021378 0)
(3.50282 0.000209809 0)
(3.50279 0.000205954 0)
(3.50276 0.000202205 0)
(3.50273 0.000198553 0)
(3.5027 0.00019499 0)
(3.50267 0.00019151 0)
(3.50264 0.000188107 0)
(3.50262 0.00018478 0)
(3.50259 0.000181524 0)
(3.50257 0.000178341 0)
(3.50255 0.000175227 0)
(3.50252 0.000172185 0)
(3.5025 0.000169213 0)
(3.50248 0.00016631 0)
(3.50246 0.000163477 0)
(3.50244 0.00016071 0)
(3.50242 0.00015801 0)
(3.5024 0.000155373 0)
(3.50238 0.000152796 0)
(3.50236 0.000150279 0)
(3.50235 0.000147816 0)
(3.50233 0.000145408 0)
(3.50231 0.000143049 0)
(3.5023 0.00014074 0)
(3.50228 0.000138477 0)
(3.50227 0.00013626 0)
(3.50225 0.000134089 0)
(3.50224 0.000131962 0)
(3.50223 0.000129879 0)
(3.50221 0.000127843 0)
(3.5022 0.000125852 0)
(3.50219 0.00012391 0)
(3.50218 0.000122017 0)
(3.50216 0.000120177 0)
(3.18417 0.000234129 0)
(3.18417 0.000229154 0)
(3.18416 0.000224345 0)
(3.18416 0.000219687 0)
(3.18416 0.00021517 0)
(3.18416 0.000210782 0)
(3.18416 0.000206515 0)
(3.18416 0.000202361 0)
(3.18416 0.000198316 0)
(3.18416 0.000194377 0)
(3.18416 0.000190541 0)
(3.18416 0.000186808 0)
(3.18417 0.000183176 0)
(3.18417 0.000179643 0)
(3.18417 0.000176207 0)
(3.18417 0.000172865 0)
(3.18418 0.000169614 0)
(3.18418 0.000166451 0)
(3.18418 0.000163371 0)
(3.18419 0.000160371 0)
(3.18419 0.000157448 0)
(3.1842 0.000154597 0)
(3.1842 0.000151817 0)
(3.1842 0.000149104 0)
(3.18421 0.000146456 0)
(3.18421 0.000143871 0)
(3.18422 0.000141348 0)
(3.18422 0.000138885 0)
(3.18423 0.000136481 0)
(3.18423 0.000134136 0)
(3.18424 0.000131848 0)
(3.18424 0.00012962 0)
(3.18425 0.00012745 0)
(3.18425 0.000125341 0)
(3.18426 0.000123295 0)
(2.78653 0.000220742 0)
(2.78656 0.000215458 0)
(2.78658 0.000210371 0)
(2.78661 0.000205468 0)
(2.78664 0.000200734 0)
(2.78667 0.000196157 0)
(2.7867 0.000191726 0)
(2.78673 0.000187435 0)
(2.78676 0.000183275 0)
(2.78678 0.000179243 0)
(2.78681 0.000175335 0)
(2.78684 0.000171548 0)
(2.78686 0.000167879 0)
(2.78689 0.000164324 0)
(2.78692 0.000160878 0)
(2.78694 0.000157539 0)
(2.78697 0.0001543 0)
(2.78699 0.000151159 0)
(2.78702 0.000148108 0)
(2.78704 0.000145145 0)
(2.78707 0.000142265 0)
(2.78709 0.000139466 0)
(2.78712 0.000136744 0)
(2.78714 0.000134096 0)
(2.78716 0.00013152 0)
(2.78719 0.000129014 0)
(2.78721 0.000126575 0)
(2.78723 0.000124203 0)
(2.78725 0.000121894 0)
(2.78728 0.000119649 0)
(2.7873 0.000117464 0)
(2.78732 0.000115342 0)
(2.78734 0.000113279 0)
(2.78736 0.00011128 0)
(2.78738 0.000109342 0)
(2.31031 0.000174789 0)
(2.31036 0.000170209 0)
(2.31042 0.000165818 0)
(2.31047 0.000161602 0)
(2.31052 0.000157549 0)
(2.31057 0.000153645 0)
(2.31062 0.000149882 0)
(2.31067 0.000146251 0)
(2.31072 0.000142746 0)
(2.31077 0.000139361 0)
(2.31081 0.000136091 0)
(2.31086 0.000132933 0)
(2.3109 0.000129882 0)
(2.31095 0.000126933 0)
(2.31099 0.000124084 0)
(2.31103 0.000121329 0)
(2.31107 0.000118663 0)
(2.31111 0.000116083 0)
(2.31115 0.000113583 0)
(2.31119 0.000111161 0)
(2.31123 0.000108813 0)
(2.31127 0.000106536 0)
(2.3113 0.000104327 0)
(2.31134 0.000102183 0)
(2.31138 0.000100104 0)
(2.31141 9.80863e-05 0)
(2.31145 9.61283e-05 0)
(2.31148 9.42274e-05 0)
(2.31151 9.23827e-05 0)
(2.31155 9.05916e-05 0)
(2.31158 8.88539e-05 0)
(2.31161 8.71673e-05 0)
(2.31164 8.55327e-05 0)
(2.31167 8.39494e-05 0)
(2.3117 8.24196e-05 0)
(1.75577 0.00010898 0)
(1.75583 0.000105952 0)
(1.75589 0.000103059 0)
(1.75595 0.00010029 0)
(1.75601 9.76368e-05 0)
(1.75607 9.50882e-05 0)
(1.75613 9.26384e-05 0)
(1.75618 9.02789e-05 0)
(1.75624 8.80063e-05 0)
(1.75629 8.58145e-05 0)
(1.75634 8.3702e-05 0)
(1.75639 8.16637e-05 0)
(1.75644 7.9699e-05 0)
(1.75649 7.7803e-05 0)
(1.75654 7.59747e-05 0)
(1.75658 7.42092e-05 0)
(1.75663 7.25053e-05 0)
(1.75667 7.0858e-05 0)
(1.75671 6.92663e-05 0)
(1.75676 6.77255e-05 0)
(1.7568 6.62353e-05 0)
(1.75684 6.47916e-05 0)
(1.75688 6.33945e-05 0)
(1.75692 6.20402e-05 0)
(1.75695 6.07295e-05 0)
(1.75699 5.94585e-05 0)
(1.75703 5.82283e-05 0)
(1.75706 5.7035e-05 0)
(1.7571 5.58798e-05 0)
(1.75713 5.4759e-05 0)
(1.75717 5.36742e-05 0)
(1.7572 5.2622e-05 0)
(1.75723 5.16047e-05 0)
(1.75727 5.06198e-05 0)
(1.7573 4.9671e-05 0)
(1.12293 4.50974e-05 0)
(1.12298 4.38034e-05 0)
(1.12304 4.257e-05 0)
(1.12309 4.13928e-05 0)
(1.12313 4.02658e-05 0)
(1.12318 3.91852e-05 0)
(1.12323 3.81461e-05 0)
(1.12327 3.71463e-05 0)
(1.12332 3.61825e-05 0)
(1.12336 3.5254e-05 0)
(1.1234 3.43585e-05 0)
(1.12344 3.3496e-05 0)
(1.12348 3.26646e-05 0)
(1.12352 3.18641e-05 0)
(1.12356 3.10926e-05 0)
(1.12359 3.03494e-05 0)
(1.12363 2.96324e-05 0)
(1.12367 2.89411e-05 0)
(1.1237 2.82731e-05 0)
(1.12373 2.76281e-05 0)
(1.12377 2.70042e-05 0)
(1.1238 2.64012e-05 0)
(1.12383 2.58175e-05 0)
(1.12386 2.52532e-05 0)
(1.12389 2.47068e-05 0)
(1.12392 2.41785e-05 0)
(1.12395 2.36668e-05 0)
(1.12398 2.31722e-05 0)
(1.12401 2.26929e-05 0)
(1.12403 2.22295e-05 0)
(1.12406 2.17804e-05 0)
(1.12409 2.13465e-05 0)
(1.12411 2.09263e-05 0)
(1.12414 2.05214e-05 0)
(1.12416 2.01308e-05 0)
(0.411699 4.13532e-06 0)
(0.411722 4.01909e-06 0)
(0.411745 3.90768e-06 0)
(0.411767 3.79926e-06 0)
(0.411788 3.69399e-06 0)
(0.411809 3.59092e-06 0)
(0.411829 3.49094e-06 0)
(0.411849 3.39358e-06 0)
(0.411868 3.30003e-06 0)
(0.411886 3.20982e-06 0)
(0.411905 3.12398e-06 0)
(0.411922 3.04178e-06 0)
(0.41194 2.96391e-06 0)
(0.411956 2.88936e-06 0)
(0.411973 2.81859e-06 0)
(0.411989 2.75041e-06 0)
(0.412004 2.68525e-06 0)
(0.41202 2.62197e-06 0)
(0.412034 2.56108e-06 0)
(0.412049 2.50159e-06 0)
(0.412063 2.44417e-06 0)
(0.412077 2.38796e-06 0)
(0.412091 2.33378e-06 0)
(0.412104 2.28083e-06 0)
(0.412117 2.23e-06 0)
(0.41213 2.18048e-06 0)
(0.412142 2.13316e-06 0)
(0.412154 2.08714e-06 0)
(0.412166 2.04332e-06 0)
(0.412178 2.00071e-06 0)
(0.412189 1.96023e-06 0)
(0.412201 1.92083e-06 0)
(0.412212 1.88347e-06 0)
(0.412222 1.8471e-06 0)
(0.412233 1.81287e-06 0)
(0.412241 -1.77741e-06 0)
(0.412251 -1.74737e-06 0)
(0.412261 -1.72039e-06 0)
(0.412271 -1.69775e-06 0)
(0.41228 -1.68396e-06 0)
(0.41229 -1.67957e-06 0)
(0.412299 -1.65609e-06 0)
(0.412309 -1.80283e-06 0)
(0.412317 -1.42285e-06 0)
(0.41233 -3.51397e-06 0)
(1.12418 -1.96037e-05 0)
(1.1242 -1.92492e-05 0)
(1.12423 -1.89153e-05 0)
(1.12425 -1.86066e-05 0)
(1.12427 -1.8327e-05 0)
(1.12429 -1.80874e-05 0)
(1.12431 -1.78667e-05 0)
(1.12434 -1.77861e-05 0)
(1.12436 -1.72664e-05 0)
(1.12438 -1.94876e-05 0)
(1.75732 -4.82721e-05 0)
(1.75735 -4.73962e-05 0)
(1.75738 -4.65657e-05 0)
(1.75741 -4.57872e-05 0)
(1.75744 -4.50671e-05 0)
(1.75746 -4.44179e-05 0)
(1.75749 -4.38134e-05 0)
(1.75752 -4.33692e-05 0)
(1.75754 -4.26197e-05 0)
(1.75758 -4.32694e-05 0)
(2.31172 -7.99831e-05 0)
(2.31175 -7.85552e-05 0)
(2.31177 -7.71953e-05 0)
(2.3118 -7.59117e-05 0)
(2.31183 -7.47146e-05 0)
(2.31186 -7.3614e-05 0)
(2.31188 -7.26194e-05 0)
(2.31191 -7.17217e-05 0)
(2.31193 -7.09869e-05 0)
(2.31197 -6.99e-05 0)
(2.78739 -0.000105953 0)
(2.78741 -0.000104126 0)
(2.78743 -0.000102381 0)
(2.78745 -0.000100726 0)
(2.78746 -9.91804e-05 0)
(2.78748 -9.77445e-05 0)
(2.7875 -9.6486e-05 0)
(2.78752 -9.52321e-05 0)
(2.78754 -9.47154e-05 0)
(2.78756 -9.2247e-05 0)
(3.18425 -0.000119221 0)
(3.18426 -0.000117267 0)
(3.18426 -0.000115397 0)
(3.18427 -0.000113621 0)
(3.18427 -0.00011196 0)
(3.18428 -0.000110411 0)
(3.18428 -0.000109091 0)
(3.18429 -0.000107706 0)
(3.18429 -0.000107468 0)
(3.1843 -0.000104278 0)
(3.50214 -0.000115768 0)
(3.50213 -0.000113982 0)
(3.50212 -0.000112271 0)
(3.50211 -0.000110643 0)
(3.5021 -0.000109122 0)
(3.50209 -0.000107703 0)
(3.50208 -0.000106524 0)
(3.50207 -0.000105241 0)
(3.50206 -0.000105246 0)
(3.50204 -0.000102051 0)
(3.74083 -9.56431e-05 0)
(3.74081 -9.42493e-05 0)
(3.74078 -9.29118e-05 0)
(3.74076 -9.1639e-05 0)
(3.74073 -9.04527e-05 0)
(3.74071 -8.93461e-05 0)
(3.74068 -8.84471e-05 0)
(3.74066 -8.74481e-05 0)
(3.74064 -8.75882e-05 0)
(3.7406 -8.49678e-05 0)
(3.9001 -6.2177e-05 0)
(3.90007 -6.12941e-05 0)
(3.90003 -6.0446e-05 0)
(3.89999 -5.96386e-05 0)
(3.89996 -5.8887e-05 0)
(3.89992 -5.81869e-05 0)
(3.89989 -5.76275e-05 0)
(3.89985 -5.70001e-05 0)
(3.89982 -5.71381e-05 0)
(3.89977 -5.54612e-05 0)
(3.97978 -2.04505e-05 0)
(3.97974 -2.01198e-05 0)
(3.9797 -1.98014e-05 0)
(3.97966 -1.94974e-05 0)
(3.97962 -1.92137e-05 0)
(3.97958 -1.89491e-05 0)
(3.97954 -1.87366e-05 0)
(3.97949 -1.85052e-05 0)
(3.97946 -1.85492e-05 0)
(3.9794 -1.79698e-05 0)
(3.97979 2.39868e-05 0)
(3.97974 2.3756e-05 0)
(3.9797 2.35356e-05 0)
(3.97966 2.33275e-05 0)
(3.97962 2.31365e-05 0)
(3.97958 2.29596e-05 0)
(3.97954 2.28259e-05 0)
(3.9795 2.26566e-05 0)
(3.97946 2.27497e-05 0)
(3.97941 2.21827e-05 0)
(3.90011 6.55527e-05 0)
(3.90007 6.47631e-05 0)
(3.90004 6.40067e-05 0)
(3.9 6.32884e-05 0)
(3.89996 6.26227e-05 0)
(3.89993 6.20031e-05 0)
(3.89989 6.15159e-05 0)
(3.89986 6.09462e-05 0)
(3.89983 6.11325e-05 0)
(3.89978 5.94646e-05 0)
(3.74084 9.87083e-05 0)
(3.74082 9.7396e-05 0)
(3.74079 9.6138e-05 0)
(3.74076 9.49416e-05 0)
(3.74074 9.38283e-05 0)
(3.74072 9.27893e-05 0)
(3.74069 9.1951e-05 0)
(3.74067 9.10007e-05 0)
(3.74065 9.1179e-05 0)
(3.74061 8.85783e-05 0)
(3.50215 0.000118394 0)
(3.50214 0.000116675 0)
(3.50213 0.000115025 0)
(3.50212 0.000113457 0)
(3.50211 0.000111993 0)
(3.5021 0.000110624 0)
(3.50209 0.000109489 0)
(3.50208 0.000108245 0)
(3.50207 0.000108283 0)
(3.50206 0.000105103 0)
(3.18426 0.000121317 0)
(3.18427 0.00011941 0)
(3.18428 0.000117584 0)
(3.18428 0.000115849 0)
(3.18429 0.000114224 0)
(3.18429 0.000112708 0)
(3.1843 0.000111416 0)
(3.1843 0.000110056 0)
(3.18431 0.000109836 0)
(3.18432 0.000106676 0)
(2.7874 0.000107473 0)
(2.78742 0.000105674 0)
(2.78744 0.000103956 0)
(2.78746 0.000102323 0)
(2.78748 0.000100796 0)
(2.7875 9.93734e-05 0)
(2.78752 9.8128e-05 0)
(2.78754 9.6886e-05 0)
(2.78755 9.63779e-05 0)
(2.78758 9.3948e-05 0)
(2.31173 8.09449e-05 0)
(2.31176 7.95301e-05 0)
(2.31179 7.81797e-05 0)
(2.31182 7.6903e-05 0)
(2.31184 7.57089e-05 0)
(2.31187 7.46095e-05 0)
(2.3119 7.36144e-05 0)
(2.31193 7.27245e-05 0)
(2.31195 7.19911e-05 0)
(2.31199 7.09548e-05 0)
(1.75733 4.8757e-05 0)
(1.75736 4.78836e-05 0)
(1.75739 4.70514e-05 0)
(1.75742 4.62701e-05 0)
(1.75745 4.55432e-05 0)
(1.75748 4.48879e-05 0)
(1.7575 4.42807e-05 0)
(1.75753 4.38401e-05 0)
(1.75756 4.30876e-05 0)
(1.75759 4.38179e-05 0)
(1.12419 1.97568e-05 0)
(1.12421 1.93992e-05 0)
(1.12423 1.90611e-05 0)
(1.12426 1.87457e-05 0)
(1.12428 1.84589e-05 0)
(1.1243 1.82118e-05 0)
(1.12432 1.7989e-05 0)
(1.12434 1.79068e-05 0)
(1.12436 1.73997e-05 0)
(1.12439 1.96976e-05 0)
(0.412243 1.77975e-06 0)
(0.412253 1.74888e-06 0)
(0.412263 1.71908e-06 0)
(0.412273 1.69443e-06 0)
(0.412283 1.67902e-06 0)
(0.412292 1.67045e-06 0)
(0.412302 1.64423e-06 0)
(0.412311 1.80385e-06 0)
(0.41232 1.41621e-06 0)
(0.412333 3.57903e-06 0)
)
;

boundaryField
{
    inlet
    {
        type            fixedProfile;
        profile         csvFile;
        profileCoeffs
        {
            nHeaderLine     0;
            refColumn       0;
            componentColumns 3(1 2 3);
            separator       ",";
            mergeSeparators 0;
            file            "0/Uprofile.csv";
        }
        direction       (0 1 0);
        origin          -1;
        value           nonuniform List<vector> 
20
(
(0.39 0 0)
(1.11 0 0)
(1.75 0 0)
(2.31 0 0)
(2.79 0 0)
(3.19 0 0)
(3.51 0 0)
(3.75 0 0)
(3.91 0 0)
(3.99 0 0)
(3.99 0 0)
(3.91 0 0)
(3.75 0 0)
(3.51 0 0)
(3.19 0 0)
(2.79 0 0)
(2.31 0 0)
(1.75 0 0)
(1.11 0 0)
(0.39 0 0)
)
;
    }
    outlet
    {
        type            zeroGradient;
    }
    upperWall
    {
        type            noSlip;
    }
    lowerWall
    {
        type            noSlip;
    }
    frontAndBack
    {
        type            empty;
    }
}


// ************************************************************************* //
