/*--------------------------------*- C++ -*----------------------------------*\
| =========                 |                                                 |
| \\      /  F ield         | OpenFOAM: The Open Source CFD Toolbox           |
|  \\    /   O peration     | Version:  2406                                  |
|   \\  /    A nd           | Website:  www.openfoam.com                      |
|    \\/     M anipulation  |                                                 |
\*---------------------------------------------------------------------------*/
FoamFile
{
    version     2.0;
    format      ascii;
    arch        "LSB;label=32;scalar=64";
    class       surfaceScalarField;
    location    "84";
    object      phi;
}
// * * * * * * * * * * * * * * * * * * * * * * * * * * * * * * * * * * * * * //

dimensions      [0 3 -1 0 0 0 0];

oriented        oriented;

internalField   nonuniform List<scalar> 
3698
(
0.00992593
-0.000175919
0.0101082
-0.000182242
0.0102339
-0.000125673
0.0103202
-8.62609e-05
0.0103825
-6.22861e-05
0.0104282
-4.56092e-05
0.0104618
-3.3656e-05
0.0104873
-2.54656e-05
0.0105073
-1.98929e-05
0.0105232
-1.59304e-05
0.0105362
-1.29684e-05
0.0105469
-1.06788e-05
0.0105558
-8.85341e-06
0.0105632
-7.34167e-06
0.0105692
-6.03364e-06
0.0105741
-4.8511e-06
0.0105779
-3.72714e-06
0.0105805
-2.5975e-06
0.0105819
-1.39051e-06
0.010582
-2.80071e-08
0.0105804
1.57977e-06
0.0105769
3.53899e-06
0.010571
5.99208e-06
0.0105619
9.12334e-06
0.0105488
1.31769e-05
0.0105304
1.84693e-05
0.010505
2.54168e-05
0.0104705
3.45586e-05
0.010424
4.65967e-05
0.0103616
6.24315e-05
0.0102785
8.32107e-05
0.0101682
0.000110367
0.0100226
0.000145654
0.00983154
0.000191143
0.00958245
0.000249174
0.00926036
0.000322185
0.00884806
0.000412393
0.00832696
0.0005212
0.00767879
0.000648266
0.00688874
0.000790164
0.00595019
0.000938657
0.00487156
0.00107874
0.00368428
0.00118737
0.00245182
0.00123254
0.0012827
0.00116924
0.000392646
0.000890248
0.000392689
0.0276769
-0.000102799
0.027679
-0.000184318
0.027727
-0.000173587
0.0277868
-0.000145994
0.0278464
-0.000121807
0.0279011
-0.000100262
0.027949
-8.14385e-05
0.0279898
-6.62521e-05
0.0280244
-5.4485e-05
0.0280539
-4.5286e-05
0.0280789
-3.79286e-05
0.0281002
-3.19393e-05
0.0281184
-2.69735e-05
0.0281338
-2.27456e-05
0.0281469
-1.90228e-05
0.0281577
-1.56176e-05
0.0281664
-1.23651e-05
0.0281729
-9.09809e-06
0.0281773
-5.63317e-06
0.0281791
-1.76164e-06
0.0281779
2.76278e-06
0.0281733
8.24464e-06
0.0281643
1.50729e-05
0.0281498
2.37566e-05
0.0281281
3.49644e-05
0.0280971
4.95771e-05
0.0280539
6.87523e-05
0.0279945
9.4011e-05
0.0279139
0.000127345
0.0278051
0.000171351
0.0276591
0.000229391
0.0274639
0.000305775
0.0272037
0.000405951
0.0268584
0.000536671
0.0264016
0.00070609
0.0258003
0.000923674
0.0250132
0.00119976
0.0239901
0.00154449
0.0226728
0.00196573
0.0209978
0.00246543
0.0189028
0.00303392
0.01634
0.00364168
0.0132973
0.00423031
0.00982821
0.0047018
0.00608898
0.00490879
0.00247035
0.00450922
0.00286312
0.0437031
-5.58529e-05
0.0436489
-0.000130132
0.0436237
-0.000148303
0.0436208
-0.000143076
0.043632
-0.000132952
0.0436521
-0.000120272
0.0436766
-0.000105924
0.0437024
-9.19564e-05
0.0437275
-7.9557e-05
0.0437511
-6.88294e-05
0.0437727
-5.95389e-05
0.0437923
-5.14718e-05
0.0438098
-4.44239e-05
0.0438253
-3.81668e-05
0.0438388
-3.24693e-05
0.0438503
-2.71168e-05
0.0438599
-2.1898e-05
0.0438674
-1.65812e-05
0.0438727
-1.08941e-05
0.0438755
-4.51315e-06
0.0438754
2.95482e-06
0.0438717
1.20017e-05
0.0438636
2.32623e-05
0.0438499
3.75688e-05
0.0438289
5.60206e-05
0.0437985
8.00711e-05
0.0437557
0.000111643
0.0436965
0.000153276
0.0436156
0.000208326
0.0435059
0.000281212
0.0433577
0.000377734
0.0431581
0.000505459
0.04289
0.000674183
0.0425304
0.000896448
0.0420486
0.00118808
0.0414038
0.00156863
0.0405422
0.00206154
0.0393932
0.00269365
0.0378657
0.00349335
0.035845
0.00448637
0.0331914
0.00568766
0.0297466
0.00708659
0.0253505
0.0086265
0.0198827
0.0101697
0.0133211
0.0114706
0.00600833
0.0118225
0.0088715
0.0577274
-3.32275e-05
0.0576838
-8.65044e-05
0.0576465
-0.000110985
0.0576204
-0.000116883
0.0576035
-0.000116054
0.0575948
-0.000111512
0.0575928
-0.000103834
0.0575954
-9.45778e-05
0.0576011
-8.51859e-05
0.0576086
-7.6253e-05
0.057617
-6.79064e-05
0.0576257
-6.01742e-05
0.0576343
-5.3033e-05
0.0576426
-4.63813e-05
0.0576502
-4.00641e-05
0.0576571
-3.39051e-05
0.0576629
-2.77056e-05
0.0576676
-2.12211e-05
0.0576709
-1.41418e-05
0.0576725
-6.07806e-06
0.0576721
3.45793e-06
0.057669
1.50888e-05
0.0576627
2.96255e-05
0.0576522
4.81405e-05
0.0576362
7.20574e-05
0.0576131
0.00010327
0.0575805
0.000144294
0.0575354
0.000198476
0.0574736
0.000270267
0.0573893
0.000365582
0.0572749
0.000492276
0.0571197
0.000660751
0.0569093
0.000884735
0.0566236
0.00118227
0.0562349
0.00157689
0.0557046
0.00209905
0.0549787
0.00278764
0.0539811
0.00369138
0.052605
0.00486954
0.0507007
0.00639085
0.0480597
0.00832872
0.0443993
0.0107471
0.0393482
0.0136777
0.0324626
0.0170554
0.023251
0.0206826
0.0115189
0.0235548
0.0203906
0.0697379
-2.11321e-05
0.0697097
-5.82495e-05
0.0696792
-8.04427e-05
0.0696521
-8.97536e-05
0.0696289
-9.27822e-05
0.0696097
-9.2299e-05
0.0695947
-8.88407e-05
0.0695836
-8.3365e-05
0.0695755
-7.70288e-05
0.0695697
-7.04938e-05
0.0695659
-6.40068e-05
0.0695634
-5.76799e-05
0.069562
-5.15637e-05
0.0695613
-4.56255e-05
0.069561
-3.97632e-05
0.069561
-3.38358e-05
0.0695609
-2.76668e-05
0.0695608
-2.10224e-05
0.0695603
-1.35882e-05
0.0695592
-4.95424e-06
0.0695573
5.40632e-06
0.0695543
1.8174e-05
0.0695497
3.42437e-05
0.0695431
5.4805e-05
0.0695338
8.14469e-05
0.0695208
0.000116292
0.069503
0.000162175
0.0694787
0.000222887
0.0694455
0.000303501
0.0694004
0.000410816
0.0693388
0.000553949
0.0692545
0.00074513
0.0691386
0.00100077
0.0689781
0.00134291
0.068754
0.00180109
0.0684383
0.00241493
0.0679885
0.00323748
0.0673405
0.00433949
0.0663953
0.00581485
0.0649997
0.00778665
0.0629143
0.0104141
0.0597683
0.0138931
0.054984
0.018462
0.0477084
0.0243312
0.0366277
0.0317633
0.020201
0.0399827
0.0405918
0.0797428
-1.39302e-05
0.0797242
-3.96114e-05
0.079701
-5.71992e-05
0.0796777
-6.63856e-05
0.0796555
-7.05251e-05
0.0796348
-7.1652e-05
0.0796163
-7.031e-05
0.0796001
-6.71096e-05
0.079586
-6.28795e-05
0.0795737
-5.81977e-05
0.0795631
-5.33313e-05
0.0795539
-4.84088e-05
0.0795458
-4.34953e-05
0.0795388
-3.85812e-05
0.0795327
-3.35898e-05
0.0795273
-2.84017e-05
0.0795225
-2.28594e-05
0.0795183
-1.67473e-05
0.0795145
-9.7692e-06
0.0795111
-1.53018e-06
0.0795081
8.48213e-06
0.0795054
2.09348e-05
0.079503
3.67076e-05
0.0795008
5.69747e-05
0.079499
8.33095e-05
0.0794976
0.000117822
0.0794965
0.000163341
0.0794958
0.000223668
0.0794954
0.000303916
0.0794953
0.000410983
0.0794952
0.000554202
0.0794942
0.000746231
0.0794908
0.00100429
0.0794819
0.00135192
0.0794617
0.00182139
0.0794195
0.00245724
0.0793358
0.00332128
0.0791755
0.00449989
0.0788756
0.00611487
0.0783234
0.00833894
0.0773166
0.011421
0.0754947
0.0157151
0.0721983
0.0217585
0.0662973
0.0302321
0.0555385
0.0425229
0.0358691
0.0596521
0.076461
0.0877452
-9.12357e-06
0.087732
-2.63467e-05
0.0877139
-3.90597e-05
0.0876941
-4.65415e-05
0.087674
-5.03939e-05
0.0876542
-5.18923e-05
0.0876355
-5.14907e-05
0.087618
-4.95964e-05
0.0876019
-4.6766e-05
0.0875872
-4.34409e-05
0.0875737
-3.98569e-05
0.0875615
-3.61341e-05
0.0875504
-3.23329e-05
0.0875403
-2.84526e-05
0.0875311
-2.44349e-05
0.087523
-2.01824e-05
0.0875157
-1.55628e-05
0.0875094
-1.03928e-05
0.0875041
-4.41795e-06
0.0874999
2.70346e-06
0.087497
1.1418e-05
0.0874957
2.23078e-05
0.0874963
3.61419e-05
0.0874993
5.39475e-05
0.0875056
7.71039e-05
0.087516
0.000107465
0.0875319
0.000147524
0.087555
0.000200641
0.0875876
0.000271357
0.0876329
0.000365832
0.0876947
0.000492456
0.0877783
0.00066271
0.0878903
0.000892394
0.088039
0.00120339
0.0882342
0.00162626
0.0884875
0.00220408
0.0888106
0.00299827
0.0892129
0.00409761
0.0896954
0.0056325
0.0902366
0.00779781
0.090764
0.0108937
0.0910907
0.0153885
0.0907577
0.0220916
0.0886631
0.0323269
0.0817552
0.0494306
0.0622222
0.0791855
0.138683
0.0937464
-5.52363e-06
0.0937362
-1.60651e-05
0.0937213
-2.41615e-05
0.093704
-2.92392e-05
0.0936857
-3.20186e-05
0.093667
-3.31995e-05
0.0936487
-3.30879e-05
0.093631
-3.19403e-05
0.0936144
-3.00959e-05
0.0935988
-2.78437e-05
0.0935844
-2.53541e-05
0.093571
-2.2718e-05
0.0935587
-1.99807e-05
0.0935474
-1.71433e-05
0.0935372
-1.41655e-05
0.093528
-1.09771e-05
0.0935199
-7.48084e-06
0.0935131
-3.54155e-06
0.0935077
1.02904e-06
0.093504
6.4848e-06
0.0935023
1.3158e-05
0.0935031
2.14821e-05
0.0935073
3.20294e-05
0.0935157
4.55642e-05
0.0935298
6.31129e-05
0.0935512
8.60571e-05
0.0935826
0.000116257
0.0936271
0.000156227
0.0936891
0.000209372
0.0937747
0.000280331
0.0938918
0.000375452
0.0940511
0.00050348
0.0942671
0.000676546
0.0945589
0.00091162
0.0949526
0.00123269
0.0954827
0.00167409
0.0961954
0.00228564
0.0971523
0.00314084
0.0984347
0.00435008
0.10015
0.00608256
0.102441
0.00860295
0.105493
0.0123363
0.109616
0.0179692
0.115303
0.0266399
0.12478
0.039953
0.14498
0.0589856
0.0871342
0.196529
0.097747
-2.5342e-06
0.0977384
-7.38753e-06
0.0977254
-1.11521e-05
0.0977097
-1.35391e-05
0.0976926
-1.48209e-05
0.0976747
-1.52965e-05
0.0976568
-1.51137e-05
0.0976393
-1.43962e-05
0.0976225
-1.33021e-05
0.0976066
-1.19711e-05
0.0975918
-1.04894e-05
0.097578
-8.90344e-06
0.0975653
-7.23479e-06
0.0975537
-5.48214e-06
0.0975432
-3.62231e-06
0.0975338
-1.61569e-06
0.0975258
5.92583e-07
0.0975192
3.07777e-06
0.0975143
5.94391e-06
0.0975115
9.3302e-06
0.0975113
1.34186e-05
0.0975144
1.84456e-05
0.0975218
2.47224e-05
0.0975347
3.2663e-05
0.097555
4.28228e-05
0.0975852
5.59473e-05
0.0976285
7.30412e-05
0.0976893
9.54603e-05
0.0977737
0.000125045
0.0978898
0.000164304
0.0980487
0.00021668
0.0982653
0.000286933
0.0985603
0.000381695
0.0989617
0.000510298
0.0995085
0.00068603
0.100255
0.000928061
0.101276
0.00126447
0.10268
0.0017371
0.104621
0.00240915
0.107325
0.00337786
0.111137
0.00479145
0.116593
0.00688082
0.124615
0.00994673
0.136815
0.01444
0.156321
0.0204466
0.187693
0.0276136
0.0400183
0.234808
0.0997473
1.90995e-07
0.0997394
5.79144e-07
0.0997273
9.80747e-07
0.0997124
1.37676e-06
0.0996958
1.77193e-06
0.0996784
2.17459e-06
0.0996607
2.58852e-06
0.0996433
3.01789e-06
0.0996266
3.46702e-06
0.0996107
3.94045e-06
0.0995958
4.44322e-06
0.0995819
4.98127e-06
0.0995692
5.56068e-06
0.0995576
6.1878e-06
0.0995471
6.86919e-06
0.0995379
7.61253e-06
0.0995301
8.42621e-06
0.0995239
9.31964e-06
0.0995196
1.03026e-05
0.0995176
1.13862e-05
0.0995184
1.25823e-05
0.099523
1.39048e-05
0.0995324
1.53688e-05
0.0995481
1.69919e-05
0.0995722
1.87934e-05
0.0996074
2.07961e-05
0.0996575
2.30261e-05
0.0997275
2.55149e-05
0.0998243
2.83e-05
0.0999573
3.14278e-05
0.100139
3.49569e-05
0.100387
3.89631e-05
0.100725
4.35476e-05
0.101187
4.88493e-05
0.101818
5.50644e-05
0.102684
6.24786e-05
0.103877
7.15207e-05
0.105531
8.28541e-05
0.107843
9.75379e-05
0.111103
0.00011731
0.11575
0.000145131
0.122445
0.000186109
0.132142
0.000249258
0.146231
0.000351078
0.166163
0.000514083
0.192976
0.000800695
0.00122076
0.231773
0.0997473
2.91173e-06
0.0997394
8.53052e-06
0.0997273
1.30881e-05
0.0997125
1.62566e-05
0.0996959
1.83179e-05
0.0996786
1.95874e-05
0.099661
2.02206e-05
0.0996437
2.03491e-05
0.099627
2.014e-05
0.0996112
1.97416e-05
0.0995965
1.92502e-05
0.0995828
1.87236e-05
0.0995702
1.8196e-05
0.0995587
1.76782e-05
0.0995484
1.71601e-05
0.0995395
1.6617e-05
0.0995319
1.60108e-05
0.099526
1.52844e-05
0.099522
1.43536e-05
0.0995203
1.31003e-05
0.0995216
1.13667e-05
0.0995266
8.94269e-06
0.0995364
5.54735e-06
0.0995527
8.00266e-07
0.0995773
-5.81534e-06
0.0996132
-1.50015e-05
0.099664
-2.77115e-05
0.0997348
-4.52415e-05
0.0998326
-6.93593e-05
0.0999665
-0.000102486
0.10015
-0.000147954
0.100399
-0.000210382
0.100739
-0.000296214
0.101202
-0.00041453
0.101836
-0.000578264
0.102704
-0.000806082
0.103901
-0.00112532
0.105561
-0.00157668
0.10788
-0.00222161
0.111152
-0.00315452
0.115816
-0.00451892
0.12254
-0.00653789
0.132287
-0.00949706
0.146459
-0.0138213
0.166517
-0.0195443
0.19349
-0.026173
-0.0378672
0.232578
0.097747
5.88548e-06
0.0977384
1.71627e-05
0.0977255
2.60213e-05
0.09771
3.1849e-05
0.097693
3.53755e-05
0.0976753
3.73165e-05
0.0976575
3.79852e-05
0.0976403
3.7646e-05
0.0976238
3.66465e-05
0.0976083
3.52842e-05
0.0975938
3.37395e-05
0.0975805
3.21139e-05
0.0975682
3.04644e-05
0.0975571
2.88036e-05
0.0975472
2.71046e-05
0.0975386
2.53109e-05
0.0975313
2.33415e-05
0.0975255
2.10781e-05
0.0975215
1.83513e-05
0.0975198
1.49273e-05
0.0975207
1.04969e-05
0.097525
4.65118e-06
0.0975337
-3.1533e-06
0.0975482
-1.36499e-05
0.0975703
-2.78292e-05
0.0976024
-4.7033e-05
0.0976478
-7.30755e-05
0.0977111
-0.000108417
0.0977982
-0.000156399
0.0979174
-0.000221587
0.0980797
-0.000310236
0.0983004
-0.00043098
0.0986001
-0.000595803
0.0990072
-0.000821491
0.0995608
-0.00113179
0.100315
-0.00156069
0.101348
-0.00215755
0.102766
-0.00299525
0.104728
-0.0041833
0.107463
-0.00588969
0.111322
-0.00837745
0.116854
-0.0120698
0.125008
-0.0176507
0.137445
-0.0262584
0.157387
-0.0394871
0.189551
-0.0583363
-0.0863705
0.238054
0.0937464
9.46109e-06
0.0937363
2.73694e-05
0.0937215
4.0794e-05
0.0937044
4.89739e-05
0.0936863
5.35198e-05
0.0936679
5.57223e-05
0.0936499
5.60422e-05
0.0936327
5.48942e-05
0.0936165
5.28429e-05
0.0936015
5.03377e-05
0.0935877
4.76237e-05
0.093575
4.48305e-05
0.0935635
4.20296e-05
0.0935531
3.92308e-05
0.0935438
3.63885e-05
0.0935357
3.34178e-05
0.0935289
3.02014e-05
0.0935234
2.65711e-05
0.0935195
2.22901e-05
0.0935175
1.70348e-05
0.0935176
1.03798e-05
0.0935206
1.76492e-06
0.093527
-9.55288e-06
0.093538
-2.45737e-05
0.0935549
-4.4645e-05
0.0935795
-7.1587e-05
0.0936143
-0.000107853
0.0936627
-0.000156761
0.0937292
-0.000222802
0.0938198
-0.000312079
0.0939426
-0.000432918
0.0941084
-0.000596728
0.0943319
-0.000819223
0.0946327
-0.00112219
0.0950371
-0.00153608
0.0955803
-0.00210385
0.0963097
-0.00288683
0.0972882
-0.00397374
0.0986
-0.00549507
0.100357
-0.00764615
0.102708
-0.0107285
0.105852
-0.0152137
0.110121
-0.0219202
0.116052
-0.032189
0.125995
-0.0494306
0.147194
-0.0795354
-0.140495
0.201319
0.0877452
1.42328e-05
0.0877321
4.05316e-05
0.0877142
5.87607e-05
0.0876946
6.85739e-05
0.0876748
7.33326e-05
0.0876555
7.50865e-05
0.0876372
7.43847e-05
0.0876203
7.18458e-05
0.0876048
6.83037e-05
0.0875909
6.43464e-05
0.0875783
6.02465e-05
0.087567
5.61439e-05
0.0875569
5.21099e-05
0.0875481
4.81483e-05
0.0875403
4.41901e-05
0.0875336
4.01308e-05
0.087528
3.5822e-05
0.0875236
3.10655e-05
0.0875203
2.55758e-05
0.0875184
1.89789e-05
0.0875181
1.07755e-05
0.0875196
3.23117e-07
0.0875233
-1.32417e-05
0.0875298
-3.10648e-05
0.08754
-5.46995e-05
0.0875547
-8.62225e-05
0.0875753
-0.000128439
0.0876037
-0.000185112
0.0876423
-0.000261327
0.0876943
-0.000363941
0.0877637
-0.00050226
0.087856
-0.000688904
0.0879779
-0.000941081
0.0881381
-0.00128231
0.088347
-0.00174489
0.0886167
-0.00237345
0.0889599
-0.00323
0.0893876
-0.00440132
0.0899026
-0.00600998
0.0904867
-0.00823017
0.0910719
-0.0113136
0.0914774
-0.0156191
0.0912514
-0.0216942
0.0892955
-0.030233
0.0825286
-0.0426637
0.0630277
-0.0600342
-0.0774672
0.0797429
2.13922e-05
0.0797244
5.90413e-05
0.0797014
8.17883e-05
0.0796784
9.16351e-05
0.0796565
9.519e-05
0.0796364
9.52361e-05
0.0796185
9.2317e-05
0.079603
8.73951e-05
0.0795897
8.16349e-05
0.0795784
7.57039e-05
0.0795688
6.98567e-05
0.0795608
6.42113e-05
0.0795541
5.88274e-05
0.0795486
5.36797e-05
0.0795442
4.86774e-05
0.0795406
4.36873e-05
0.0795379
3.85451e-05
0.079536
3.30261e-05
0.0795348
2.68307e-05
0.0795343
1.95599e-05
0.0795344
1.07042e-05
0.0795352
-4.04001e-07
0.0795366
-1.46396e-05
0.0795388
-3.31774e-05
0.0795417
-5.75838e-05
0.0795455
-8.99644e-05
0.0795503
-0.000133131
0.0795561
-0.000190857
0.0795631
-0.000268194
0.0795711
-0.000371931
0.0795801
-0.000511174
0.0795895
-0.000698163
0.0795978
-0.000949338
0.0796024
-0.00128679
0.0795978
-0.00174021
0.0795739
-0.00234942
0.0795118
-0.00316785
0.0793774
-0.0042669
0.079109
-0.00574149
0.0785954
-0.00771645
0.0776357
-0.0103538
0.0758704
-0.0138536
0.0726378
-0.0184615
0.0668011
-0.0243962
0.0560763
-0.0319386
0.0363618
-0.0403193
-0.0411053
0.069738
3.34362e-05
0.0697099
8.71459e-05
0.0696796
0.000112077
0.0696529
0.000118401
0.0696302
0.000117989
0.0696116
0.000113861
0.0695973
0.000106603
0.069587
9.77752e-05
0.0695798
8.88291e-05
0.0695752
8.03601e-05
0.0695726
7.2507e-05
0.0695715
6.52963e-05
0.0695717
5.87183e-05
0.0695727
5.26709e-05
0.0695744
4.70153e-05
0.0695766
4.15736e-05
0.069579
3.61645e-05
0.0695815
3.05417e-05
0.069584
2.44159e-05
0.0695862
1.73965e-05
0.069588
9.01865e-06
0.0695889
-1.34131e-06
0.0695888
-1.44691e-05
0.0695871
-3.14379e-05
0.0695833
-5.36444e-05
0.0695764
-8.29835e-05
0.0695653
-0.000121945
0.0695484
-0.000173881
0.0695235
-0.000243222
0.0694875
-0.000335902
0.0694362
-0.000459771
0.0693634
-0.000625281
0.0692604
-0.000846205
0.0691144
-0.0011407
0.0689068
-0.00153247
0.0686097
-0.00205226
0.0681813
-0.00273937
0.0675577
-0.00364319
0.0666402
-0.00482397
0.0652758
-0.0063519
0.0632245
-0.00830242
0.0601132
-0.0107422
0.0553582
-0.0137064
0.0480949
-0.0171328
0.0369835
-0.0208269
0.0204452
-0.0237806
-0.0206599
0.0577274
5.60047e-05
0.057684
0.000130605
0.057647
0.000149105
0.0576213
0.000144185
0.057605
0.000134351
0.0575969
0.00012196
0.0575956
0.000107899
0.0575992
9.42263e-05
0.057606
8.21264e-05
0.0576147
7.17176e-05
0.0576244
6.27569e-05
0.0576347
5.50472e-05
0.0576451
4.83744e-05
0.0576553
4.25313e-05
0.0576651
3.72755e-05
0.0576743
3.24154e-05
0.0576828
2.77259e-05
0.0576904
2.3001e-05
0.0576969
1.79538e-05
0.057702
1.22901e-05
0.0577055
5.60032e-06
0.0577068
-2.57528e-06
0.0577053
-1.28895e-05
0.0577
-2.61403e-05
0.0576899
-4.3447e-05
0.0576732
-6.62284e-05
0.0576478
-9.6431e-05
0.0576106
-0.000136565
0.0575574
-0.000190018
0.0574828
-0.000261191
0.0573791
-0.000355939
0.0572358
-0.00048184
0.0570384
-0.000648792
0.0567673
-0.000869414
0.0563946
-0.00115974
0.055882
-0.00153953
0.0551753
-0.00203265
0.0541986
-0.0026664
0.0528447
-0.00346992
0.0509627
-0.00446984
0.0483427
-0.00568225
0.0446983
-0.00709766
0.0396523
-0.0086603
0.0327518
-0.0102321
0.0234915
-0.0115662
0.0116612
-0.0119498
-0.00899864
0.0437031
0.00010289
0.0436492
0.000184612
0.0436242
0.000174082
0.0436218
0.000146662
0.0436335
0.000122639
0.0436543
0.000101252
0.0436796
8.25877e-05
0.0437063
6.75589e-05
0.0437326
5.5957e-05
0.0437574
4.69264e-05
0.0437804
3.97507e-05
0.0438016
3.39495e-05
0.0438208
2.91905e-05
0.0438382
2.51813e-05
0.0438538
2.17029e-05
0.0438677
1.85592e-05
0.0438799
1.56002e-05
0.0438903
1.26493e-05
0.0438987
9.54012e-06
0.043905
6.05293e-06
0.0439087
1.96016e-06
0.0439093
-3.05435e-06
0.0439058
-9.36023e-06
0.0438972
-1.74789e-05
0.0438819
-2.80591e-05
0.0438577
-4.19968e-05
0.0438218
-6.04319e-05
0.0437703
-8.4906e-05
0.0436978
-0.000117399
0.0435972
-0.00016054
0.0434591
-0.000217694
0.0432706
-0.000293227
0.0430145
-0.000392622
0.0426679
-0.000522735
0.0422001
-0.000691821
0.0415702
-0.000909536
0.0407241
-0.00118642
0.0395907
-0.00153294
0.0380782
-0.0019573
0.0360703
-0.00246186
0.0334255
-0.00303729
0.0299823
-0.00365425
0.0255762
-0.00425408
0.0200821
-0.00473773
0.0134726
-0.00495633
0.00608789
-0.00456453
-0.00291066
0.0276769
0.000175956
0.0276792
0.000182367
0.0277275
0.000125867
0.0277877
8.65109e-05
0.0278477
6.25873e-05
0.0279031
4.59606e-05
0.0279516
3.40576e-05
0.0279933
2.59174e-05
0.0280289
2.03968e-05
0.0280594
1.64886e-05
0.0280856
1.35845e-05
0.0281082
1.13559e-05
0.0281279
9.59623e-06
0.0281449
8.15537e-06
0.0281597
6.92565e-06
0.0281725
5.8286e-06
0.0281833
4.79953e-06
0.0281923
3.77406e-06
0.0281992
2.68346e-06
0.0282038
1.45015e-06
0.0282058
-1.63661e-08
0.0282047
-1.82428e-06
0.0281995
-4.11016e-06
0.0281891
-7.05823e-06
0.028172
-1.09107e-05
0.0281461
-1.59863e-05
0.0281085
-2.27006e-05
0.0280552
-3.15972e-05
0.0279813
-4.33808e-05
0.0278798
-5.89607e-05
0.0277417
-7.9494e-05
0.0275551
-0.000106432
0.0273041
-0.000141553
0.0269684
-0.000186965
0.0265218
-0.000245053
0.0259306
-0.000318322
0.0251533
-0.000409062
0.0241393
-0.000518764
0.0228292
-0.000647174
0.0211584
-0.000790925
0.0190631
-0.000941786
0.0164936
-0.00108464
0.0134358
-0.00119617
0.00994225
-0.00124388
0.00616874
-0.00118233
0.00250799
-0.000903299
-0.000402598
0.00992596
0.0101083
0.0102342
0.0103207
0.0103833
0.0104293
0.0104633
0.0104893
0.0105097
0.0105262
0.0105398
0.0105511
0.0105607
0.0105689
0.0105758
0.0105817
0.0105865
0.0105902
0.0105929
0.0105944
0.0105944
0.0105926
0.0105885
0.0105814
0.0105705
0.0105546
0.0105319
0.0105003
0.0104569
0.010398
0.0103185
0.0102121
0.0100706
0.00988362
0.00963859
0.00932028
0.00891123
0.00839248
0.00774533
0.00695443
0.00601267
0.00492805
0.00373191
0.00248808
0.00130583
0.000402598
0.143089
0.0534391
0.117446
0.0256431
0.103199
0.0142467
0.0949075
0.0082917
0.0898705
0.0050358
0.00289161
0.086979
0.254371
0.0338767
0.259167
0.0208462
0.258302
0.0151117
0.254271
0.0123221
0.248707
0.0106002
0.0102012
0.241398
0.263622
0.00202728
0.281208
0.00326049
0.2916
0.00471979
0.29754
0.0063821
0.299747
0.00839287
0.0109116
0.299037
0.264589
-0.0299843
0.282277
-0.0144269
0.293063
-0.0060669
0.299985
-0.000540084
0.303854
0.00452394
0.00935602
0.305411
0.259053
-0.0509842
0.266416
-0.0217897
0.269758
-0.00940909
0.27119
-0.00197287
0.272169
0.00354558
0.00895732
0.272568
0.150334
0.128545
0.119135
0.117163
0.120708
0.129666
-0.00037303
0.000372704
-0.00117971
0.000806039
-0.00210018
0.000920127
-0.00297124
0.000871075
-0.00375072
0.000779782
-0.0044347
0.000684497
-0.00502867
0.000594613
-0.00553962
0.000511664
-0.00597423
0.000435345
-0.0063385
0.000365016
-0.00663773
0.000299957
-0.00687651
0.000239477
-0.00705888
0.000183017
-0.00718859
0.000130316
-0.00726948
8.14187e-05
-0.00730566
3.66396e-05
-0.0073019
-3.39556e-06
-0.00726387
-3.77594e-05
-0.00719797
-6.57467e-05
-0.00711102
-8.69126e-05
-0.00701003
-0.000101091
-0.00690185
-0.000108424
-0.00679292
-0.00010932
-0.00668908
-0.000104338
-0.0065955
-9.41511e-05
-0.00651665
-7.94587e-05
-0.00645632
-6.09617e-05
-0.00641764
-3.92996e-05
-0.00640313
-1.50845e-05
-0.00641481
1.11599e-05
-0.00645421
3.89567e-05
-0.00652238
6.78097e-05
-0.00661972
9.70705e-05
-0.00674598
0.000126059
-0.00690004
0.000153926
-0.0070797
0.000179563
-0.00728103
0.000201332
-0.00749826
0.000217271
-0.0077241
0.000225911
-0.00795034
0.000226295
-0.00816672
0.000216611
-0.00835951
0.000192795
-0.00851372
0.000152761
-0.00861785
0.000101513
-0.0086664
4.65179e-05
-0.00867796
8.7871e-06
1.73506e-05
-0.00124939
0.00162134
-0.00335171
0.00290653
-0.00555671
0.0031244
-0.0075881
0.00290274
-0.00937513
0.00256778
-0.0109178
0.00222858
-0.0122357
0.00191422
-0.0133514
0.00162928
-0.014286
0.00137181
-0.0150576
0.00113855
-0.0156822
0.000926333
-0.0161733
0.000732359
-0.0165433
0.000554667
-0.0168037
0.000392117
-0.0169657
0.000244646
-0.0170409
0.000112852
-0.0170416
-1.85753e-06
-0.0169811
-9.77573e-05
-0.0168733
-0.000173371
-0.0167324
-0.000227837
-0.0165729
-0.000261092
-0.0164081
-0.00027392
-0.0162508
-0.000267736
-0.0161121
-0.000244379
-0.0160018
-0.000205931
-0.0159283
-0.000154554
-0.0158984
-9.24121e-05
-0.0159177
-2.15761e-05
-0.0159902
5.60043e-05
-0.016119
0.000138602
-0.0163056
0.000224492
-0.0165504
0.000311721
-0.0168521
0.000398067
-0.0172074
0.000480875
-0.0176108
0.00055706
-0.0180542
0.000622798
-0.0185264
0.000673497
-0.0190132
0.000704217
-0.019498
0.000710746
-0.0199615
0.000689938
-0.0203835
0.000638755
-0.0207471
0.00055553
-0.0210413
0.000444022
-0.0212602
0.000315191
-0.021408
0.000188528
-0.0215102
0.000109803
0.000125436
-0.00210135
0.00372156
-0.00521175
0.00601541
-0.00822599
0.00613807
-0.0108884
0.00556549
-0.013179
0.00485933
-0.0151327
0.00418364
-0.0167941
0.00357731
-0.0182038
0.00304075
-0.0193947
0.00256445
-0.0203925
0.00213817
-0.0212177
0.00175319
-0.0218866
0.00140285
-0.0224131
0.00108256
-0.0228098
0.000790093
-0.0230891
0.000524987
-0.023264
0.000288623
-0.0233486
8.33784e-05
-0.0233582
-8.77157e-05
-0.0233093
-0.000222206
-0.023219
-0.00031827
-0.0231049
-0.000375677
-0.0229839
-0.000395674
-0.022872
-0.00038076
-0.0227834
-0.000334292
-0.0227307
-0.000260055
-0.0227245
-0.000162171
-0.0227737
-4.47508e-05
-0.0228847
8.79845e-05
-0.0230623
0.000232317
-0.0233096
0.00038474
-0.0236277
0.000541598
-0.0240156
0.000698805
-0.0244699
0.000851831
-0.0249848
0.000995357
-0.0255513
0.00112333
-0.0261574
0.00122874
-0.0267878
0.00130388
-0.0274244
0.00134088
-0.0280468
0.00133315
-0.0286329
0.00127603
-0.0291619
0.00116772
-0.0296186
0.00101111
-0.0299948
0.000817012
-0.0302877
0.000604381
-0.0305034
0.000402888
-0.0306547
0.000259871
0.000253633
-0.00280128
0.00652189
-0.00640587
0.00961811
-0.00953142
0.00926308
-0.0121436
0.0081781
-0.0143502
0.0070669
-0.016236
0.00607089
-0.0178671
0.00521007
-0.0192926
0.00446797
-0.0205457
0.00381937
-0.0216482
0.00324251
-0.0226144
0.00272107
-0.0234535
0.00224359
-0.0241723
0.00180287
-0.0247765
0.00139552
-0.0252717
0.00102131
-0.0256649
0.000682702
-0.0259652
0.0003843
-0.0261843
0.000131666
-0.0263358
-7.0662e-05
-0.0264349
-0.00021945
-0.0264982
-0.000313027
-0.0265427
-0.000352033
-0.0265854
-0.000339352
-0.0266415
-0.000279472
-0.0267252
-0.000177838
-0.0268481
-4.06911e-05
-0.0270198
0.00012549
-0.0272473
0.000314124
-0.0275356
0.000519301
-0.0278872
0.000735335
-0.0283026
0.000956013
-0.0287795
0.00117513
-0.0293137
0.00138547
-0.0298979
0.00157931
-0.0305224
0.0017476
-0.0311745
0.00188086
-0.0318393
0.00196875
-0.0324999
0.00200163
-0.0331377
0.00197101
-0.0337334
0.00187183
-0.0342695
0.00170367
-0.0347327
0.00147339
-0.0351139
0.00119586
-0.0354071
0.000895498
-0.0356117
0.00060507
-0.0357301
0.000379584
0.000331781
-0.00319525
0.00971609
-0.00622568
0.012647
-0.00828247
0.0113194
-0.00989253
0.00978864
-0.0113169
0.00849242
-0.0126392
0.00739475
-0.0139041
0.00647676
-0.0151389
0.00570476
-0.0163532
0.00503573
-0.0175446
0.00443587
-0.0187045
0.00388298
-0.0198217
0.00336256
-0.0208835
0.00286643
-0.0218779
0.00239129
-0.0227936
0.00193833
-0.023622
0.00151201
-0.0243581
0.00112109
-0.0250021
0.000775936
-0.0255589
0.000486144
-0.0260373
0.000258718
-0.0264494
9.83971e-05
-0.0268089
6.67225e-06
-0.0271313
-1.80062e-05
-0.0274324
2.0445e-05
-0.0277275
0.000116104
-0.0280302
0.000260669
-0.0283513
0.000445396
-0.0286996
0.000661186
-0.0290809
0.000899613
-0.0294987
0.00115201
-0.0299535
0.00141008
-0.0304441
0.00166503
-0.030967
0.00190792
-0.0315168
0.00212866
-0.0320859
0.00231666
-0.0326657
0.00246039
-0.0332454
0.00254854
-0.0338139
0.00257007
-0.0343586
0.00251573
-0.0348664
0.00237941
-0.0353241
0.00216115
-0.0357203
0.00186847
-0.0360444
0.00151808
-0.0362891
0.00113751
-0.0364472
0.000764778
-0.0365199
0.00045382
0.000363851
-0.00236365
0.0120783
-0.00215455
0.0124361
-0.00124153
0.0104062
-0.000748321
0.00929614
-0.00076233
0.00850772
-0.00117992
0.00781402
-0.00193426
0.00723301
-0.00297501
0.00674761
-0.00425059
0.00631341
-0.0057093
0.00589676
-0.00730229
0.00547801
-0.00898347
0.00504585
-0.0107097
0.00459461
-0.0124406
0.00412402
-0.0141389
0.00363822
-0.0157707
0.0031451
-0.0173072
0.00265851
-0.018728
0.0021973
-0.0200209
0.00177926
-0.0211808
0.00141851
-0.0222099
0.00112702
-0.0231166
0.000912592
-0.0239137
0.0007781
-0.0246169
0.000722541
-0.025244
0.000741895
-0.0258123
0.000827649
-0.0263371
0.000968906
-0.026831
0.00115382
-0.0273035
0.00137093
-0.0277613
0.00160875
-0.0282086
0.0018565
-0.0286474
0.00210324
-0.0290783
0.00233837
-0.0295004
0.00255051
-0.0299121
0.00272821
-0.0303111
0.00285932
-0.0306949
0.00293234
-0.0310607
0.00293589
-0.0314054
0.00286029
-0.0317244
0.00269821
-0.0320119
0.00244847
-0.0322609
0.00211658
-0.0324624
0.00171816
-0.0326079
0.0012826
-0.0326939
0.000850931
-0.032714
0.000475373
0.000350355
0.0100619
0.00201568
0.0174781
0.00501986
0.0217797
0.00610508
0.0242263
0.00685032
0.025291
0.00744398
0.025272
0.00783423
0.0244168
0.00808958
0.0229066
0.00825928
0.0208778
0.00834376
0.0184443
0.00833189
0.0157067
0.00821743
0.0127555
0.00799885
0.00967366
0.00767844
0.00653649
0.00726317
0.00341167
0.00676499
0.000356616
0.0062019
-0.00258108
0.00559769
-0.00535697
0.00497436
-0.00793132
0.00435438
-0.0102766
0.00376416
-0.0123787
0.00322891
-0.0142356
0.00276873
-0.0158545
0.00239585
-0.0172504
0.00211721
-0.0184465
0.00193632
-0.0194677
0.00184733
-0.0203374
0.00183687
-0.0210763
0.00189136
-0.0217029
0.00199593
-0.0222317
0.0021366
-0.0226754
0.00229897
-0.0230429
0.00247036
-0.0233428
0.00263761
-0.0235813
0.00278898
-0.0237653
0.00291183
-0.0239006
0.00299485
-0.0239947
0.00302625
-0.0240546
0.00299601
-0.0240887
0.002894
-0.0241036
0.0027132
-0.0241055
0.00244993
-0.0240969
0.00210817
-0.0240783
0.00169822
-0.0240453
0.00124697
-0.0239977
0.000801925
-0.0239385
0.000413638
0.000234481
0.0864066
0.0025886
0.0869988
0.0044283
0.086892
0.00621263
0.0859061
0.00783696
0.0840038
0.00934701
0.081178
0.0106608
0.0775339
0.0117345
0.0732147
0.0125794
0.0683524
0.013207
0.0630681
0.0136172
0.0574771
0.0138095
0.0516884
0.0137887
0.0458042
0.013564
0.0399198
0.0131489
0.0341244
0.0125618
0.0285009
0.0118267
0.0231272
0.0109728
0.0180701
0.0100328
0.0133819
0.00904359
0.00910084
0.00804593
0.00524925
0.00708069
0.00183229
0.00618522
-0.00116015
0.00538737
-0.00374514
0.00470069
-0.00594204
0.00413166
-0.00777904
0.00368225
-0.00929041
0.00334636
-0.0105122
0.00311084
-0.0114776
0.00295955
-0.0122176
0.00287444
-0.0127581
0.00283806
-0.0131226
0.00283333
-0.0133308
0.00284504
-0.0134014
0.00285854
-0.0133507
0.00286086
-0.013196
0.0028395
-0.0129537
0.0027838
-0.0126421
0.00268379
-0.0122794
0.00253112
-0.0118852
0.0023184
-0.0114774
0.00204247
-0.0110746
0.0017049
-0.0106927
0.00131443
-0.0103432
0.000893108
-0.0100319
0.000482681
-0.00978743
0.000162074
-0.00011793
0.232699
0.0112884
0.223715
0.0134126
0.214293
0.015636
0.204463
0.0176675
0.194271
0.019539
0.183724
0.0212082
0.172853
0.0226057
0.161725
0.0237087
0.150418
0.0245145
0.13902
0.0250159
0.127624
0.025206
0.116328
0.0250854
0.10523
0.0246626
0.0944271
0.0239531
0.0840103
0.0229795
0.0740661
0.0217719
0.0646719
0.0203679
0.0558939
0.0188117
0.0477849
0.0171534
0.040384
0.0154474
0.0337161
0.0137489
0.0277914
0.0121098
0.0226041
0.0105742
0.0181291
0.00917482
0.0143253
0.00793403
0.0111432
0.00686256
0.00852835
0.0059591
0.00642467
0.00521222
0.00477805
0.00460371
0.00353842
0.0041118
0.00266048
0.00371387
0.00210378
0.00338833
0.00183182
0.00311558
0.00181121
0.00287816
0.00201051
0.00266077
0.00239932
0.00245021
0.0029474
0.00223525
0.00362421
0.00200659
0.00439871
0.0017562
0.0052402
0.00147692
0.0061185
0.00116467
0.00700362
0.000820267
0.00786561
0.000450654
0.00867729
7.45745e-05
0.00943645
-0.000285589
0.0101431
-0.000552079
-0.000946024
0.296322
0.014005
0.292365
0.0173701
0.287373
0.0206289
0.281302
0.023739
0.274131
0.0267095
0.265867
0.0294729
0.256515
0.0319583
0.246102
0.0341225
0.234688
0.0359289
0.222367
0.0373374
0.209263
0.0383104
0.19553
0.0388189
0.181349
0.0388444
0.166921
0.0383809
0.152465
0.0374367
0.1382
0.0360369
0.124344
0.0342248
0.111095
0.0320616
0.0986246
0.0296243
0.0870707
0.0270016
0.0765324
0.0242874
0.0670692
0.021573
0.0587025
0.0189405
0.0514194
0.0164573
0.0451793
0.0141732
0.0399218
0.0121189
0.0355729
0.0103064
0.0320516
0.00873193
0.029274
0.0073795
0.0271584
0.0062257
0.0256272
0.00524344
0.0246091
0.00440515
0.0240389
0.00368467
0.0238579
0.00305838
0.0240126
0.00250553
0.0244538
0.00200854
0.025136
0.00155271
0.0260158
0.0011266
0.0270518
0.000719977
0.0282058
0.000323153
0.0294412
-7.00641e-05
0.0307222
-0.000459997
0.0320139
-0.000842501
0.033286
-0.00120185
0.0345251
-0.00153182
0.0357146
-0.00174652
-0.00213157
0.30538
0.0140374
0.304689
0.0180612
0.303681
0.0216376
0.302227
0.0251939
0.300203
0.0287343
0.297482
0.0321941
0.293889
0.0355517
0.289242
0.0387692
0.283392
0.0417798
0.276225
0.0445051
0.267673
0.0468627
0.257723
0.0487692
0.246425
0.0501432
0.233894
0.0509121
0.220313
0.0510183
0.205923
0.0504269
0.191016
0.0491329
0.175911
0.0471667
0.16094
0.0445959
0.146419
0.0415224
0.132633
0.0380742
0.119812
0.034394
0.108126
0.0306253
0.0976831
0.0269002
0.0885264
0.0233292
0.0806494
0.0199951
0.0740039
0.0169508
0.0685127
0.0142219
0.0640806
0.0118104
0.0606033
0.00970169
0.0579754
0.00787021
0.0560946
0.0062849
0.0548653
0.00491318
0.0541995
0.00372357
0.0540174
0.00268726
0.0542466
0.00177899
0.0548218
0.000977314
0.0556832
0.000265009
0.0567777
-0.000374588
0.0580571
-0.000956004
0.0594764
-0.00148865
0.0609931
-0.00197619
0.0625682
-0.00241822
0.0641684
-0.00280531
0.0657701
-0.00313791
0.0673659
-0.00334558
-0.00366701
0.271988
0.0146188
0.272398
0.0176514
0.273645
0.0203913
0.275409
0.023431
0.277551
0.0265927
0.279852
0.0298934
0.282028
0.0333756
0.283795
0.0370024
0.284876
0.040699
0.285
0.0443816
0.28391
0.0479531
0.281381
0.0512985
0.277238
0.0542875
0.271369
0.0567808
0.26375
0.0586384
0.254444
0.0597324
0.243617
0.0599611
0.23152
0.0592642
0.21848
0.0576352
0.204877
0.0551264
0.191105
0.0518461
0.17755
0.0479485
0.164558
0.0436172
0.152413
0.0390449
0.141327
0.034415
0.131436
0.0298859
0.122805
0.0255813
0.115439
0.021587
0.109296
0.0179521
0.104302
0.0146953
0.10036
0.0118116
0.0973635
0.00928035
0.0952048
0.00707144
0.0937774
0.00515062
0.0929815
0.00348304
0.0927249
0.00203555
0.0929241
0.000778033
0.0935051
-0.0003159
0.0944
-0.00126942
0.0955462
-0.002102
0.0968872
-0.00282906
0.0983723
-0.00346076
0.0999561
-0.00400241
0.101603
-0.00445447
0.103278
-0.00481567
0.104991
-0.00506078
-0.00529834
0.138655
0.00563025
0.151253
0.00505296
0.163735
0.00790993
0.175997
0.01117
0.188085
0.014505
0.199849
0.0181302
0.211171
0.0220535
0.221956
0.0262185
0.232067
0.0305878
0.241325
0.0351247
0.24951
0.0397685
0.256381
0.0444272
0.261693
0.0489763
0.265214
0.0532602
0.266756
0.0570965
0.2662
0.0602882
0.263519
0.0626424
0.258789
0.0639942
0.252195
0.0642299
0.244017
0.0633043
0.234613
0.0612495
0.224388
0.0581737
0.213757
0.0542477
0.203117
0.0496848
0.192817
0.0447151
0.18314
0.0395622
0.174296
0.0344242
0.166422
0.0294606
0.159585
0.024788
0.153799
0.0204812
0.149031
0.0165785
0.145221
0.0130898
0.142288
0.0100041
0.140141
0.00729742
0.138686
0.00493808
0.13783
0.00289125
0.137486
0.00112157
0.137574
-0.000404036
0.138019
-0.00171442
0.138752
-0.00283488
0.13971
-0.00378661
0.140836
-0.00458716
0.142082
-0.00524835
0.143408
-0.0057824
0.144774
-0.00618354
0.146194
-0.00648166
-0.00663715
0.0217408
-0.016111
0.0399483
-0.0131547
0.0556276
-0.00776893
0.0708567
-0.00405827
0.0860657
-0.00070303
0.101338
0.00285934
0.116717
0.00667519
0.132191
0.0107448
0.147671
0.0151091
0.162998
0.0197976
0.17796
0.0248076
0.192291
0.0300961
0.205691
0.0355769
0.217837
0.0411146
0.228411
0.0465221
0.237132
0.0515673
0.243781
0.0559934
0.248229
0.0595466
0.250451
0.0620079
0.250536
0.0632194
0.248679
0.0631063
0.245165
0.0616876
0.24034
0.0590723
0.234582
0.0554427
0.228267
0.0510301
0.221742
0.0460864
0.215307
0.0408581
0.209202
0.0355654
0.2036
0.0303891
0.198615
0.0254654
0.194307
0.0208863
0.19069
0.0167056
0.187748
0.0129457
0.185439
0.00960604
0.183707
0.00667003
0.182486
0.00411139
0.181709
0.00189848
0.181308
-3.11707e-06
0.181219
-0.00162609
0.181383
-0.00299876
0.181743
-0.0041467
0.182249
-0.00509318
0.182857
-0.00585624
0.183531
-0.00645758
0.184236
-0.0068907
0.184977
-0.00722271
-0.00731939
-0.00221404
-0.0138975
0.00170076
-0.0170704
0.00823308
-0.014301
0.0156648
-0.011489
0.0240054
-0.00904225
0.0334722
-0.00660604
0.0441935
-0.0040447
0.0562132
-0.00127372
0.0694921
0.00183143
0.0838952
0.00539558
0.0992146
0.00948902
0.11518
0.0141308
0.131465
0.0192923
0.14769
0.0248899
0.163446
0.0307659
0.178324
0.0366897
0.191943
0.0423741
0.20398
0.0475099
0.214191
0.0517971
0.222433
0.054977
0.228675
0.056865
0.232988
0.0573742
0.235538
0.0565218
0.23656
0.0544201
0.236334
0.0512565
0.235153
0.0472667
0.233305
0.0427051
0.231051
0.0378188
0.228611
0.0328286
0.22616
0.0279157
0.223828
0.0232182
0.221701
0.0188316
0.219832
0.0148149
0.218241
0.0111965
0.216928
0.00798228
0.215878
0.00516171
0.215062
0.00271392
0.214446
0.000612166
0.213994
-0.00117359
0.213669
-0.00267428
0.213439
-0.00391729
0.213275
-0.00492901
0.21315
-0.00573125
0.213042
-0.00635044
0.212935
-0.00678512
0.21282
-0.0071081
-0.00717913
-0.00408268
-0.00981572
-0.00709719
-0.0140568
-0.00781024
-0.013588
-0.00694615
-0.0123523
-0.00485198
-0.0111352
-0.00151467
-0.00994171
0.00313514
-0.0086928
0.00916214
-0.0072989
0.0166641
-0.00566882
0.0257497
-0.00368843
0.0364676
-0.00122766
0.0487565
0.00184274
0.0624392
0.00561014
0.077244
0.0100851
0.092829
0.0151807
0.108805
0.0207131
0.124766
0.0264135
0.140301
0.0319743
0.155029
0.0370692
0.168624
0.0413827
0.180838
0.0446504
0.191516
0.0466957
0.200594
0.0474436
0.208093
0.0469201
0.214108
0.0452417
0.218782
0.0425915
0.222295
0.039192
0.224835
0.0352781
0.226589
0.0310743
0.227727
0.0267772
0.228397
0.0225469
0.228724
0.0185047
0.228803
0.0147354
0.228708
0.0112913
0.228491
0.00819925
0.228187
0.00546577
0.227816
0.00308383
0.227391
0.00103733
0.226913
-0.000695797
0.226381
-0.00214323
0.225796
-0.00333227
0.225156
-0.00428936
0.224462
-0.0050372
0.223712
-0.00560147
0.222916
-0.00598936
0.222061
-0.00625458
-0.00631583
-0.00400583
-0.00581064
-0.00886483
-0.00919913
-0.0127675
-0.00968578
-0.015651
-0.00946839
-0.0176039
-0.00918131
-0.0186249
-0.00891958
-0.0186539
-0.00866247
-0.0175896
-0.00836188
-0.0153025
-0.00795432
-0.0116426
-0.00734666
-0.00645681
-0.00641168
0.000388331
-0.00500094
0.0089522
-0.00295279
0.019172
-0.000134228
0.0308884
0.00346447
0.0439017
0.00769981
0.0579531
0.012362
0.0727104
0.017217
0.0878115
0.0219681
0.102887
0.026307
0.117584
0.0299531
0.131588
0.0326916
0.144643
0.0343885
0.156564
0.034999
0.167238
0.0345671
0.176622
0.0332074
0.184731
0.031083
0.191622
0.0283863
0.197385
0.0253113
0.202125
0.0220366
0.205957
0.0187144
0.208995
0.0154671
0.211344
0.0123857
0.213103
0.00953339
0.214353
0.00694805
0.21517
0.00464907
0.215614
0.0026401
0.215735
0.000915996
0.215577
-0.000537812
0.215175
-0.00174155
0.21456
-0.00271808
0.21376
-0.0034889
0.212798
-0.00407581
0.211695
-0.00449897
0.21048
-0.0047761
0.209157
-0.00493161
-0.00496144
-0.00324507
-0.00256648
-0.00792466
-0.00452126
-0.0125305
-0.00508058
-0.0167798
-0.00521884
-0.0206432
-0.00531697
-0.0241057
-0.00545588
-0.0271241
-0.00564284
-0.0296164
-0.0058682
-0.0314602
-0.0061092
-0.032488
-0.0063174
-0.0324876
-0.00641066
-0.0312152
-0.00627197
-0.028418
-0.00574883
-0.0238767
-0.00467473
-0.0174948
-0.00291695
-0.00935836
-0.000436525
0.000376368
0.00262721
0.011583
0.00601033
0.024042
0.00950941
0.0374437
0.0129054
0.0514493
0.0159477
0.0656959
0.0184445
0.0798324
0.0202517
0.0935354
0.0212953
0.106527
0.0215747
0.118597
0.0211371
0.129601
0.0200787
0.139454
0.0185335
0.148121
0.016644
0.155614
0.0145431
0.161979
0.0123495
0.167284
0.0101621
0.171611
0.00805847
0.17505
0.00609462
0.17769
0.00430825
0.179618
0.00272089
0.180916
0.00134234
0.18166
0.000170864
0.181924
-0.000801673
0.181767
-0.00158529
0.181243
-0.00219397
0.1804
-0.00264588
0.179284
-0.00296096
0.177939
-0.00315458
0.176418
-0.00325651
0.174735
-0.00324929
-0.00325709
-0.00198874
-0.000578717
-0.00527842
-0.00123296
-0.00888002
-0.00147939
-0.0125278
-0.0015707
-0.0161887
-0.0016551
-0.0198786
-0.00176476
-0.0236125
-0.00190776
-0.0273887
-0.00209078
-0.0311772
-0.00231936
-0.0349019
-0.00259145
-0.0384213
-0.00288998
-0.041517
-0.00317528
-0.0438875
-0.00337748
-0.0451627
-0.00339915
-0.0449463
-0.00313312
-0.0428899
-0.00249304
-0.0388234
-0.00143949
-0.0328132
1.7721e-07
-0.0249789
0.00167514
-0.015472
0.00339866
-0.00455757
0.00503289
0.00744099
0.00644522
0.0201362
0.00755543
0.033114
0.00831641
0.045996
0.00869179
0.0584596
0.00867261
0.0702309
0.00830652
0.08109
0.00767371
0.090885
0.00684834
0.0995276
0.00589995
0.106983
0.00489362
0.11326
0.00388472
0.118401
0.00291747
0.122471
0.00202437
0.125552
0.00122723
0.127735
0.000537534
0.12912
-4.25055e-05
0.129801
-0.000510307
0.129864
-0.000865551
0.129397
-0.00111853
0.128486
-0.00128419
0.127217
-0.00137751
0.12567
-0.00141404
0.123914
-0.00139973
0.122024
-0.00136803
0.120015
-0.0012409
-0.00136487
-0.000578907
-0.001812
-0.00329139
-0.00486196
-0.00651687
-0.00828141
-0.0101889
-0.0122795
-0.0145986
-0.0171898
-0.0200795
-0.0232546
-0.026632
-0.0300311
-0.0331642
-0.0356573
-0.0370968
-0.0370966
-0.0354215
-0.0320229
-0.0269901
-0.0205451
-0.0129899
-0.00467377
0.0040177
0.01269
0.0209962
0.0286697
0.0355177
0.0414175
0.046311
0.0501956
0.0531129
0.0551372
0.0563643
0.0569018
0.056859
0.0563486
0.0554827
0.054364
0.0530796
0.0517019
0.0502875
0.0488873
0.0475189
0.0462778
)
;

boundaryField
{
    inlet
    {
        type            calculated;
        value           nonuniform List<scalar> 
20
(
-0.00975
-0.02775
-0.04375
-0.05775
-0.06975
-0.07975
-0.08775
-0.09375
-0.09775
-0.09975
-0.09975
-0.09775
-0.09375
-0.08775
-0.07975
-0.06975
-0.05775
-0.04375
-0.02775
-0.00975
)
;
    }
    outlet
    {
        type            calculated;
        value           nonuniform List<scalar> 
20
(
-0.00869553
-0.0216184
-0.0307829
-0.0358081
-0.0365519
-0.0327004
-0.0238232
-0.00943674
0.0109686
0.0368986
0.0689004
0.106622
0.147532
0.185659
0.212679
0.221198
0.207802
0.173031
0.118122
0.044913
)
;
    }
    upperWall
    {
        type            calculated;
        value           uniform 0;
    }
    lowerWall
    {
        type            calculated;
        value           uniform 0;
    }
    frontAndBack
    {
        type            empty;
    }
}


// ************************************************************************* //
