/*--------------------------------*- C++ -*----------------------------------*\
| =========                 |                                                 |
| \\      /  F ield         | OpenFOAM: The Open Source CFD Toolbox           |
|  \\    /   O peration     | Version:  2406                                  |
|   \\  /    A nd           | Website:  www.openfoam.com                      |
|    \\/     M anipulation  |                                                 |
\*---------------------------------------------------------------------------*/
FoamFile
{
    version     2.0;
    format      ascii;
    arch        "LSB;label=32;scalar=64";
    class       surfaceScalarField;
    location    "78";
    object      phi;
}
// * * * * * * * * * * * * * * * * * * * * * * * * * * * * * * * * * * * * * //

dimensions      [0 3 -1 0 0 0 0];

oriented        oriented;

internalField   nonuniform List<scalar> 
3880
(
0.0100118
-0.000261753
0.010331
-0.000319256
0.0106029
-0.000271851
0.0108224
-0.000219527
0.0109982
-0.000175831
0.0111384
-0.00014022
0.0112506
-0.00011213
0.0113412
-9.06477e-05
0.0114156
-7.43918e-05
-6.20198e-05
0.0114776
0.0276174
-0.000129136
0.0275561
-0.000258017
0.0275643
-0.000280013
0.0276136
-0.000268864
0.0276869
-0.000249063
0.027771
-0.000224319
0.0278571
-0.000198203
0.0279404
-0.000173964
0.0280188
-0.000152802
-0.000134661
0.0280914
0.0436899
-6.89959e-05
0.0436046
-0.000172758
0.0435398
-0.000215212
0.0434967
-0.000225762
0.0434723
-0.000224639
0.0434644
-0.000216441
0.0434695
-0.000203299
0.0434837
-0.000188135
0.0435039
-0.000172993
-0.000158697
0.0435279
0.0577238
-4.27659e-05
0.0576672
-0.000116241
0.057611
-0.000158952
0.0575629
-0.000177711
0.0575228
-0.000184523
0.0574908
-0.000184366
0.0574664
-0.000178957
0.0574486
-0.000170305
0.0574359
-0.000160322
-0.000150118
0.0574273
0.0697357
-2.84606e-05
0.0696998
-8.03636e-05
0.0696576
-0.000116724
0.0696169
-0.000136977
0.0695791
-0.000146794
0.069545
-0.000150209
0.0695149
-0.000148891
0.0694888
-0.000144236
0.0694662
-0.00013773
-0.000130456
0.0694466
0.079741
-1.94957e-05
0.0797168
-5.61479e-05
0.0796846
-8.44929e-05
0.0796502
-0.000102596
0.0796161
-0.000112704
0.0795833
-0.000117436
0.0795527
-0.000118213
0.0795245
-0.000116042
0.0794987
-0.000111988
-0.000106947
0.0794752
0.0877437
-1.31716e-05
0.0877258
-3.82932e-05
0.0877001
-5.88116e-05
0.0876706
-7.30646e-05
0.0876397
-8.17638e-05
0.0876086
-8.63777e-05
0.0875783
-8.7935e-05
0.0875495
-8.71625e-05
0.0875223
-8.47897e-05
-8.14775e-05
0.0874968
0.093745
-8.20857e-06
0.0937307
-2.39761e-05
0.0937092
-3.72525e-05
0.093683
-4.69474e-05
0.0936545
-5.32025e-05
0.0936249
-5.67484e-05
0.0935951
-5.82185e-05
0.0935661
-5.80907e-05
0.0935381
-5.68258e-05
-5.485e-05
0.0935115
0.0977457
-3.95154e-06
0.0977333
-1.15675e-05
0.0977142
-1.80808e-05
0.0976902
-2.29641e-05
0.0976632
-2.62117e-05
0.0976346
-2.8117e-05
0.0976053
-2.8976e-05
0.0975763
-2.90256e-05
0.0975479
-2.84886e-05
-2.75721e-05
0.0975206
0.099746
1.23853e-11
0.0997345
3.8665e-10
0.0997164
1.19673e-10
0.0996934
1.28863e-10
0.0996672
7.93874e-10
0.0996391
9.64332e-10
0.0996101
3.72084e-10
0.0995811
1.49636e-10
0.0995526
7.93788e-10
1.17904e-09
0.099525
0.099746
3.95169e-06
0.0997345
1.15672e-05
0.0997164
1.80817e-05
0.0996934
2.29653e-05
0.0996672
2.6212e-05
0.0996391
2.81173e-05
0.0996101
2.89772e-05
0.0995811
2.90274e-05
0.0995526
2.84906e-05
2.75739e-05
0.099525
0.0977457
8.2087e-06
0.0977333
2.39768e-05
0.0977142
3.72528e-05
0.0976902
4.69478e-05
0.0976632
5.32034e-05
0.0976346
5.67493e-05
0.0976053
5.82193e-05
0.0975763
5.80914e-05
0.0975479
5.68272e-05
5.48524e-05
0.0975206
0.093745
1.31718e-05
0.0937307
3.82933e-05
0.0937092
5.88122e-05
0.093683
7.30648e-05
0.0936545
8.17641e-05
0.0936249
8.63788e-05
0.0935951
8.79364e-05
0.0935661
8.71632e-05
0.0935381
8.47901e-05
8.14785e-05
0.0935115
0.0877437
1.94957e-05
0.0877258
5.61477e-05
0.0877001
8.44931e-05
0.0876706
0.000102597
0.0876397
0.000112705
0.0876086
0.000117437
0.0875783
0.000118215
0.0875495
0.000116043
0.0875223
0.000111987
0.000106946
0.0874968
0.079741
2.84607e-05
0.0797168
8.03643e-05
0.0796846
0.000116724
0.0796502
0.000136976
0.0796161
0.000146795
0.0795833
0.00015021
0.0795527
0.000148893
0.0795245
0.000144236
0.0794987
0.000137729
0.000130455
0.0794752
0.0697357
4.27661e-05
0.0696998
0.000116241
0.0696576
0.000158952
0.0696168
0.000177712
0.0695791
0.000184523
0.069545
0.000184366
0.0695149
0.000178958
0.0694888
0.000170306
0.0694662
0.000160322
0.000150118
0.0694466
0.0577238
6.8996e-05
0.0576672
0.000172758
0.057611
0.000215212
0.0575629
0.000225763
0.0575228
0.00022464
0.0574908
0.000216441
0.0574664
0.000203298
0.0574486
0.000188135
0.0574359
0.000172994
0.000158697
0.0574273
0.0436899
0.000129136
0.0436046
0.000258018
0.0435398
0.000280014
0.0434967
0.000268865
0.0434723
0.000249063
0.0434644
0.000224318
0.0434695
0.000198201
0.0434837
0.000173965
0.0435039
0.000152805
0.000134662
0.0435279
0.0276174
0.000261753
0.0275561
0.000319256
0.0275643
0.000271851
0.0276136
0.000219529
0.0276869
0.000175831
0.027771
0.000140219
0.0278571
0.00011213
0.0279404
9.06487e-05
0.0280188
7.43926e-05
6.20202e-05
0.0280914
0.0100118
0.010331
0.0106029
0.0108224
0.0109982
0.0111384
0.0112506
0.0113412
0.0114156
0.0114776
0.0115301
-5.248e-05
0.0115751
-4.50157e-05
0.0116142
-3.9093e-05
0.0116486
-3.43299e-05
0.011679
-3.04463e-05
0.0117062
-2.72333e-05
0.0117308
-2.45361e-05
0.011753
-2.22442e-05
0.0117733
-2.02815e-05
0.0117919
-1.85924e-05
0.011809
-1.71317e-05
0.0118249
-1.58603e-05
0.0118396
-1.47441e-05
0.0118534
-1.37543e-05
0.0118662
-1.28691e-05
0.0118783
-1.20724e-05
0.0118897
-1.13528e-05
0.0119004
-1.0702e-05
0.0119105
-1.01129e-05
0.0119201
-9.5793e-06
0.0119292
-9.0947e-06
0.0119378
-8.6527e-06
0.0119461
-8.2474e-06
0.0119539
-7.8732e-06
0.0119615
-7.52582e-06
0.0119687
-7.20168e-06
0.0119756
-6.89838e-06
0.0119822
-6.61425e-06
0.0119885
-6.34806e-06
0.0119946
-6.09897e-06
0.0120005
-5.86601e-06
0.0120061
-5.64821e-06
0.0120116
-5.44442e-06
0.0120168
-5.25329e-06
-5.07357e-06
0.0120219
0.0281581
-0.000119177
0.0282191
-0.000105983
0.0282747
-9.47501e-05
0.0283256
-8.51779e-05
0.0283721
-7.69983e-05
0.0284149
-6.99712e-05
0.0284542
-6.38858e-05
0.0284906
-5.85756e-05
0.0285242
-5.39226e-05
0.0285555
-4.98393e-05
0.0285846
-4.62519e-05
0.0286118
-4.30907e-05
0.0286374
-4.02884e-05
0.0286614
-3.77841e-05
0.028684
-3.55273e-05
0.0287055
-3.34802e-05
0.0287257
-3.16161e-05
0.0287449
-2.99164e-05
0.0287632
-2.83669e-05
0.0287806
-2.69544e-05
0.0287971
-2.56655e-05
0.028813
-2.44857e-05
0.0288281
-2.34007e-05
0.0288426
-2.23968e-05
0.0288566
-2.14622e-05
0.02887
-2.05877e-05
0.0288828
-1.97666e-05
0.0288952
-1.89945e-05
0.0289071
-1.82684e-05
0.0289186
-1.75863e-05
0.0289297
-1.69463e-05
0.0289404
-1.6346e-05
0.0289507
-1.57828e-05
0.0289607
-1.52536e-05
-1.47549e-05
0.0289704
0.0435542
-0.000145494
0.0435817
-0.000133467
0.0436096
-0.000122631
0.0436374
-0.000112946
0.0436647
-0.000104328
0.0436914
-9.66616e-05
0.0437173
-8.98135e-05
0.0437424
-8.36613e-05
0.0437666
-7.81222e-05
0.0437899
-7.31418e-05
0.0438123
-6.86731e-05
0.0438339
-6.46648e-05
0.0438547
-6.10564e-05
0.0438747
-5.77857e-05
0.0438939
-5.47972e-05
0.0439125
-5.20483e-05
0.0439304
-4.95105e-05
0.0439476
-4.71655e-05
0.0439643
-4.50011e-05
0.0439803
-4.30064e-05
0.0439958
-4.11688e-05
0.0440108
-3.94732e-05
0.0440253
-3.79028e-05
0.0440394
-3.64407e-05
0.044053
-3.50714e-05
0.0440662
-3.37823e-05
0.044079
-3.25642e-05
0.0440914
-3.1411e-05
0.0441034
-3.0319e-05
0.0441151
-2.92861e-05
0.0441265
-2.83104e-05
0.0441375
-2.73898e-05
0.0441483
-2.65215e-05
0.0441587
-2.57018e-05
-2.49264e-05
0.0441689
0.057422
-0.000140185
0.0574193
-0.000130757
0.0574187
-0.00012198
0.0574197
-0.00011394
0.057422
-0.000106655
0.0574254
-0.000100079
0.0574297
-9.41262e-05
0.0574348
-8.87035e-05
0.0574404
-8.37498e-05
0.0574465
-7.92354e-05
0.057453
-7.51412e-05
0.0574597
-7.14388e-05
0.0574668
-6.80841e-05
0.057474
-6.5022e-05
0.0574814
-6.21995e-05
0.0574889
-5.95753e-05
0.0574965
-5.71232e-05
0.0575042
-5.48302e-05
0.0575119
-5.26901e-05
0.0575196
-5.06985e-05
0.0575273
-4.88486e-05
0.0575349
-4.71293e-05
0.0575425
-4.55262e-05
0.0575501
-4.40233e-05
0.0575577
-4.26057e-05
0.0575651
-4.12606e-05
0.0575725
-3.99789e-05
0.0575799
-3.87549e-05
0.0575872
-3.75857e-05
0.0575943
-3.64704e-05
0.0576014
-3.54083e-05
0.0576085
-3.43988e-05
0.0576154
-3.344e-05
0.0576222
-3.25293e-05
-3.16631e-05
0.0576289
0.0694294
-0.000122997
0.0694143
-0.000115658
0.069401
-0.000108642
0.0693891
-0.0001021
0.0693786
-9.61081e-05
0.0693692
-9.06681e-05
0.0693608
-8.57271e-05
0.0693533
-8.12121e-05
0.0693466
-7.70723e-05
0.0693406
-7.32878e-05
0.0693354
-6.98518e-05
0.0693307
-6.67513e-05
0.0693266
-6.39541e-05
0.0693229
-6.14127e-05
0.0693198
-5.9076e-05
0.0693171
-5.69016e-05
0.0693149
-5.48626e-05
0.069313
-5.29463e-05
0.0693114
-5.115e-05
0.0693102
-4.94733e-05
0.0693093
-4.79139e-05
0.0693086
-4.64644e-05
0.0693082
-4.51128e-05
0.069308
-4.38444e-05
0.0693081
-4.26448e-05
0.0693083
-4.15015e-05
0.0693087
-4.04058e-05
0.0693093
-3.93523e-05
0.0693101
-3.83392e-05
0.069311
-3.73663e-05
0.069312
-3.64343e-05
0.0693132
-3.55436e-05
0.0693144
-3.46935e-05
0.0693158
-3.38824e-05
-3.31075e-05
0.0693172
0.0794537
-0.000101478
0.0794339
-9.58974e-05
0.0794157
-9.04196e-05
0.0793989
-8.52157e-05
0.0793831
-8.03966e-05
0.0793685
-7.59963e-05
0.0793547
-7.19872e-05
0.0793418
-6.8315e-05
0.0793297
-6.49379e-05
0.0793182
-6.18422e-05
0.0793074
-5.90304e-05
0.0792972
-5.65005e-05
0.0792875
-5.42331e-05
0.0792782
-5.21897e-05
0.0792695
-5.03242e-05
0.0792612
-4.85959e-05
0.0792533
-4.6977e-05
0.0792458
-4.5455e-05
0.0792387
-4.40281e-05
0.0792319
-4.26985e-05
0.0792254
-4.14667e-05
0.0792193
-4.03284e-05
0.0792135
-3.92739e-05
0.0792079
-3.82897e-05
0.0792026
-3.73621e-05
0.0791976
-3.64788e-05
0.0791928
-3.56312e-05
0.0791883
-3.48144e-05
0.079184
-3.40266e-05
0.0791799
-3.32683e-05
0.079176
-3.25406e-05
0.0791723
-3.18445e-05
0.0791688
-3.118e-05
0.0791654
-3.05459e-05
-2.99398e-05
0.0791623
0.087473
-7.76827e-05
0.0874508
-7.36774e-05
0.08743
-6.96521e-05
0.0874106
-6.57658e-05
0.0873923
-6.21285e-05
0.0873751
-5.87855e-05
0.0873588
-5.57274e-05
0.0873434
-5.29163e-05
0.0873288
-5.03212e-05
0.0873149
-4.79336e-05
0.0873016
-4.57598e-05
0.0872889
-4.38046e-05
0.0872768
-4.2058e-05
0.0872651
-4.04927e-05
0.0872538
-3.9072e-05
0.087243
-3.77612e-05
0.0872325
-3.65354e-05
0.0872225
-3.53828e-05
0.0872127
-3.43019e-05
0.0872033
-3.32959e-05
0.0871942
-3.23674e-05
0.0871854
-3.15143e-05
0.0871769
-3.07298e-05
0.0871686
-3.0003e-05
0.0871606
-2.93218e-05
0.0871528
-2.86755e-05
0.0871452
-2.80561e-05
0.0871378
-2.74592e-05
0.0871307
-2.68835e-05
0.0871237
-2.63295e-05
0.087117
-2.57986e-05
0.0871104
-2.52918e-05
0.0871041
-2.48096e-05
0.0870979
-2.43508e-05
-2.39138e-05
0.0870918
0.0934863
-5.24767e-05
0.0934625
-4.99036e-05
0.0934401
-4.72683e-05
0.093419
-4.46888e-05
0.0933992
-4.22541e-05
0.0933804
-4.0005e-05
0.0933626
-3.79411e-05
0.0933457
-3.60392e-05
0.0933297
-3.42777e-05
0.0933144
-3.26509e-05
0.0932998
-3.11649e-05
0.0932858
-2.98265e-05
0.0932724
-2.86322e-05
0.0932595
-2.75654e-05
0.093247
-2.66011e-05
0.093235
-2.57138e-05
0.0932233
-2.48847e-05
0.093212
-2.41044e-05
0.0932011
-2.33716e-05
0.0931905
-2.26893e-05
0.0931802
-2.20604e-05
0.0931701
-2.14846e-05
0.0931604
-2.09579e-05
0.0931509
-2.04726e-05
0.0931416
-2.00199e-05
0.0931325
-1.95918e-05
0.0931236
-1.91821e-05
0.0931149
-1.87873e-05
0.0931064
-1.84064e-05
0.0930981
-1.804e-05
0.09309
-1.76894e-05
0.0930821
-1.73556e-05
0.0930743
-1.7039e-05
0.0930667
-1.6739e-05
-1.64544e-05
0.0930593
0.0974946
-2.64345e-05
0.0974699
-2.51789e-05
0.0974465
-2.38768e-05
0.0974244
-2.25909e-05
0.0974035
-2.13707e-05
0.0973838
-2.02403e-05
0.097365
-1.92014e-05
0.0973472
-1.82432e-05
0.0973303
-1.73543e-05
0.0973141
-1.6531e-05
0.0972988
-1.57769e-05
0.097284
-1.50961e-05
0.0972699
-1.44883e-05
0.0972563
-1.39463e-05
0.0972432
-1.34576e-05
0.0972304
-1.30091e-05
0.0972181
-1.25905e-05
0.0972062
-1.21962e-05
0.0971947
-1.18255e-05
0.0971835
-1.14797e-05
0.0971726
-1.11609e-05
0.0971619
-1.08693e-05
0.0971516
-1.06033e-05
0.0971415
-1.03591e-05
0.0971316
-1.0132e-05
0.0971219
-9.91778e-06
0.0971125
-9.71289e-06
0.0971032
-9.51542e-06
0.0970941
-9.32472e-06
0.0970852
-9.14116e-06
0.0970765
-8.96551e-06
0.0970679
-8.79845e-06
0.0970595
-8.64035e-06
0.0970513
-8.49097e-06
-8.34966e-06
0.0970432
0.0994986
5.84503e-10
0.0994734
-3.59031e-10
0.0994495
-1.02987e-09
0.099427
-4.10501e-10
0.0994056
1.86099e-09
0.0993854
3.81219e-09
0.0993662
3.64795e-09
0.0993479
1.47579e-09
0.0993305
-1.31166e-09
0.099314
-2.92403e-09
0.0992982
-2.39704e-09
0.0992831
-2.24576e-10
0.0992687
2.25837e-09
0.0992547
3.83114e-09
0.0992413
3.87441e-09
0.0992283
2.64831e-09
0.0992157
8.71515e-10
0.0992034
-6.28204e-10
0.0991916
-1.26899e-09
0.0991801
-9.55856e-10
0.099169
9.67966e-11
0.0991581
1.39062e-09
0.0991475
2.48433e-09
0.0991372
3.0807e-09
0.099127
3.08441e-09
0.0991171
2.65708e-09
0.0991074
2.01161e-09
0.0990979
1.45195e-09
0.0990885
1.16662e-09
0.0990794
1.24973e-09
0.0990704
1.68833e-09
0.0990616
2.34929e-09
0.099053
3.11286e-09
0.0990445
3.81768e-09
4.38759e-09
0.0990361
0.0994986
2.64354e-05
0.0994734
2.51776e-05
0.0994496
2.38748e-05
0.099427
2.25914e-05
0.0994056
2.13748e-05
0.0993854
2.02466e-05
0.0993662
1.92068e-05
0.0993479
1.82447e-05
0.0993305
1.73518e-05
0.099314
1.6527e-05
0.0992982
1.57745e-05
0.0992831
1.50974e-05
0.0992687
1.44934e-05
0.0992547
1.39532e-05
0.0992413
1.34639e-05
0.0992283
1.30128e-05
0.0992157
1.2591e-05
0.0992035
1.21945e-05
0.0991916
1.1823e-05
0.0991801
1.14784e-05
0.099169
1.11618e-05
0.0991581
1.08728e-05
0.0991475
1.06087e-05
0.0991372
1.03654e-05
0.099127
1.01382e-05
0.0991171
9.92293e-06
0.0991074
9.71671e-06
0.0990979
9.51809e-06
0.0990885
9.32683e-06
0.0990794
9.14345e-06
0.0990704
8.96864e-06
0.0990616
8.80292e-06
0.099053
8.64631e-06
0.0990445
8.49837e-06
8.35821e-06
0.0990361
0.0974946
5.2479e-05
0.0974699
4.99042e-05
0.0974465
4.7267e-05
0.0974244
4.46879e-05
0.0974035
4.22561e-05
0.0973838
4.00096e-05
0.097365
3.79453e-05
0.0973472
3.60405e-05
0.0973303
3.42759e-05
0.0973141
3.26483e-05
0.0972988
3.11644e-05
0.097284
2.98296e-05
0.0972699
2.86381e-05
0.0972563
2.7572e-05
0.0972432
2.66059e-05
0.0972304
2.57157e-05
0.0972181
2.48837e-05
0.0972062
2.41018e-05
0.0971947
2.33692e-05
0.0971835
2.26886e-05
0.0971726
2.20622e-05
0.0971619
2.14889e-05
0.0971516
2.09637e-05
0.0971415
2.04789e-05
0.0971316
2.00258e-05
0.0971219
1.95965e-05
0.0971125
1.91855e-05
0.0971032
1.87896e-05
0.0970941
1.84082e-05
0.0970852
1.8042e-05
0.0970765
1.76922e-05
0.0970679
1.73596e-05
0.0970595
1.70444e-05
0.0970513
1.67458e-05
1.64623e-05
0.0970432
0.0934863
7.76842e-05
0.0934625
7.36788e-05
0.0934401
6.96531e-05
0.093419
6.57671e-05
0.0933992
6.21307e-05
0.0933804
5.87881e-05
0.0933626
5.57285e-05
0.0933457
5.29152e-05
0.0933297
5.03196e-05
0.0933144
4.79336e-05
0.0932998
4.57625e-05
0.0932858
4.38096e-05
0.0932724
4.20636e-05
0.0932595
4.04972e-05
0.093247
3.90743e-05
0.093235
3.77611e-05
0.0932233
3.65338e-05
0.093212
3.53812e-05
0.0932011
3.43014e-05
0.0931905
3.32972e-05
0.0931802
3.23705e-05
0.0931701
3.15187e-05
0.0931604
3.07347e-05
0.0931509
3.00076e-05
0.0931416
2.93258e-05
0.0931325
2.86786e-05
0.0931236
2.80585e-05
0.0931149
2.74613e-05
0.0931064
2.68856e-05
0.0930981
2.6332e-05
0.09309
2.58018e-05
0.0930821
2.5296e-05
0.0930743
2.48147e-05
0.0930667
2.43569e-05
2.39207e-05
0.0930593
0.087473
0.000101479
0.0874508
9.58994e-05
0.08743
9.04213e-05
0.0874106
8.52178e-05
0.0873923
8.03988e-05
0.0873751
7.59973e-05
0.0873588
7.19866e-05
0.0873434
6.83138e-05
0.0873288
6.49378e-05
0.0873149
6.18446e-05
0.0873016
5.9035e-05
0.0872889
5.65057e-05
0.0872768
5.42369e-05
0.0872651
5.21911e-05
0.0872538
5.03235e-05
0.087243
4.85943e-05
0.0872325
4.6976e-05
0.0872225
4.54557e-05
0.0872127
4.40306e-05
0.0872033
4.27023e-05
0.0871942
4.1471e-05
0.0871854
4.03323e-05
0.0871769
3.92768e-05
0.0871686
3.82917e-05
0.0871606
3.73634e-05
0.0871528
3.64799e-05
0.0871452
3.56325e-05
0.0871378
3.48162e-05
0.0871307
3.40292e-05
0.0871237
3.32717e-05
0.087117
3.25447e-05
0.0871104
3.18491e-05
0.0871041
3.1185e-05
0.0870979
3.05512e-05
2.99454e-05
0.0870918
0.0794537
0.000122997
0.0794339
0.00011566
0.0794157
0.000108645
0.0793989
0.000102103
0.0793831
9.61088e-05
0.0793685
9.0667e-05
0.0793547
8.57252e-05
0.0793418
8.12118e-05
0.0793297
7.70755e-05
0.0793182
7.32938e-05
0.0793074
6.9858e-05
0.0792972
6.6755e-05
0.0792875
6.39541e-05
0.0792782
6.141e-05
0.0792695
5.90726e-05
0.0792612
5.68999e-05
0.0792533
5.48638e-05
0.0792458
5.29504e-05
0.0792387
5.11557e-05
0.0792319
4.94791e-05
0.0792254
4.79182e-05
0.0792193
4.64665e-05
0.0792135
4.51128e-05
0.0792079
4.38431e-05
0.0792027
4.26433e-05
0.0791976
4.15008e-05
0.0791929
4.04065e-05
0.0791883
3.93547e-05
0.079184
3.8343e-05
0.0791799
3.7371e-05
0.079176
3.64394e-05
0.0791723
3.55486e-05
0.0791688
3.46981e-05
0.0791655
3.38864e-05
3.31111e-05
0.0791623
0.0694294
0.000140185
0.0694143
0.000130759
0.069401
0.000121983
0.0693891
0.000113943
0.0693786
0.000106654
0.0693692
0.000100076
0.0693608
9.41236e-05
0.0693533
8.87051e-05
0.0693466
8.37561e-05
0.0693406
7.92438e-05
0.0693354
7.51472e-05
0.0693307
7.14398e-05
0.0693266
6.80802e-05
0.0693229
6.5016e-05
0.0693198
6.2195e-05
0.0693171
5.95748e-05
0.0693149
5.71274e-05
0.069313
5.48375e-05
0.0693114
5.26982e-05
0.0693102
5.07049e-05
0.0693093
4.88517e-05
0.0693086
4.71288e-05
0.0693082
4.5523e-05
0.069308
4.40191e-05
0.0693081
4.2602e-05
0.0693083
4.12588e-05
0.0693087
3.99796e-05
0.0693093
3.8758e-05
0.0693101
3.75907e-05
0.069311
3.64762e-05
0.069312
3.5414e-05
0.0693132
3.44036e-05
0.0693144
3.34436e-05
0.0693158
3.25315e-05
3.16642e-05
0.0693172
0.057422
0.000145495
0.0574193
0.000133469
0.0574187
0.000122634
0.0574197
0.000112947
0.057422
0.000104324
0.0574254
9.6657e-05
0.0574297
8.98128e-05
0.0574348
8.36668e-05
0.0574404
7.81314e-05
0.0574465
7.31495e-05
0.057453
6.86755e-05
0.0574597
6.46612e-05
0.0574668
6.10496e-05
0.057474
5.77795e-05
0.0574814
5.4795e-05
0.0574889
5.20512e-05
0.0574965
4.95174e-05
0.0575042
4.7174e-05
0.0575119
4.50084e-05
0.0575196
4.30105e-05
0.0575273
4.11688e-05
0.0575349
3.94699e-05
0.0575426
3.78977e-05
0.0575501
3.64356e-05
0.0575577
3.5068e-05
0.0575651
3.37814e-05
0.0575725
3.2566e-05
0.0575799
3.1415e-05
0.0575872
3.03242e-05
0.0575943
2.92913e-05
0.0576015
2.83147e-05
0.0576085
2.73927e-05
0.0576154
2.65227e-05
0.0576222
2.57016e-05
2.49254e-05
0.057629
0.0435542
0.000119177
0.0435817
0.000105985
0.0436096
9.47533e-05
0.0436373
8.51782e-05
0.0436647
7.69943e-05
0.0436914
6.99669e-05
0.0437173
6.38868e-05
0.0437424
5.85827e-05
0.0437666
5.39311e-05
0.0437899
4.98439e-05
0.0438123
4.62502e-05
0.0438339
4.30843e-05
0.0438547
4.02815e-05
0.0438746
3.77805e-05
0.0438939
3.55288e-05
0.0439125
3.34861e-05
0.0439304
3.16239e-05
0.0439476
2.99233e-05
0.0439643
2.83707e-05
0.0439803
2.69544e-05
0.0439958
2.56622e-05
0.0440108
2.44807e-05
0.0440253
2.33958e-05
0.0440394
2.23934e-05
0.044053
2.14612e-05
0.0440662
2.05892e-05
0.044079
1.97699e-05
0.0440914
1.89986e-05
0.0441034
1.82724e-05
0.0441151
1.75892e-05
0.0441265
1.69476e-05
0.0441375
1.63458e-05
0.0441483
1.57814e-05
0.0441587
1.52515e-05
1.47527e-05
0.0441689
0.0281581
5.24814e-05
0.0282191
4.50179e-05
0.0282747
3.90935e-05
0.0283256
3.43274e-05
0.0283721
3.04428e-05
0.0284149
2.72325e-05
0.0284542
2.45393e-05
0.0284906
2.22494e-05
0.0285242
2.02853e-05
0.0285555
1.85925e-05
0.0285846
1.71285e-05
0.0286118
1.58561e-05
0.0286374
1.47413e-05
0.0286614
1.37545e-05
0.028684
1.28719e-05
0.0287054
1.20765e-05
0.0287257
1.13566e-05
0.0287449
1.07041e-05
0.0287632
1.0113e-05
0.0287806
9.57764e-06
0.0287971
9.09212e-06
0.028813
8.65023e-06
0.0288281
8.24566e-06
0.0288426
7.87269e-06
0.0288566
7.52639e-06
0.02887
7.20307e-06
0.0288828
6.90007e-06
0.0288952
6.61575e-06
0.0289071
6.34903e-06
0.0289186
6.09921e-06
0.0289297
5.86555e-06
0.0289404
5.64724e-06
0.0289507
5.44316e-06
0.0289607
5.25208e-06
5.07256e-06
0.0289704
0.0115301
0.0115751
0.0116142
0.0116486
0.011679
0.0117062
0.0117308
0.011753
0.0117733
0.0117919
0.011809
0.0118249
0.0118396
0.0118534
0.0118662
0.0118783
0.0118897
0.0119004
0.0119105
0.0119201
0.0119292
0.0119378
0.0119461
0.0119539
0.0119615
0.0119687
0.0119756
0.0119822
0.0119885
0.0119946
0.0120005
0.0120061
0.0120116
0.0120168
0.0120219
0.0120268
-4.90387e-06
0.0120315
-4.74313e-06
0.0120361
-4.59029e-06
0.0120406
-4.44468e-06
0.0120449
-4.30572e-06
0.0120491
-4.17306e-06
0.0120531
-4.04643e-06
0.012057
-3.92566e-06
0.0120608
-3.81055e-06
-3.70091e-06
0.0120645
0.0289798
-1.42834e-05
0.0289889
-1.38359e-05
0.0289977
-1.34098e-05
0.0290063
-1.30032e-05
0.0290146
-1.26144e-05
0.0290226
-1.22424e-05
0.0290305
-1.18866e-05
0.0290381
-1.15466e-05
0.0290455
-1.12218e-05
-1.09118e-05
0.0290527
0.0441788
-2.41908e-05
0.0441884
-2.34907e-05
0.0441979
-2.28221e-05
0.044207
-2.21819e-05
0.044216
-2.15679e-05
0.0442247
-2.09784e-05
0.0442332
-2.04124e-05
0.0442416
-1.98692e-05
0.0442497
-1.93482e-05
-1.8849e-05
0.0442576
0.0576356
-3.0837e-05
0.0576421
-3.0047e-05
0.0576486
-2.92889e-05
0.057655
-2.85596e-05
0.0576613
-2.78566e-05
0.0576675
-2.71782e-05
0.0576736
-2.65234e-05
0.0576796
-2.58915e-05
0.0576855
-2.52822e-05
-2.46952e-05
0.0576914
0.0693187
-3.23655e-05
0.0693203
-3.16526e-05
0.069322
-3.09654e-05
0.0693238
-3.03011e-05
0.0693256
-2.96575e-05
0.0693274
-2.9033e-05
0.0693293
-2.8427e-05
0.0693313
-2.78389e-05
0.0693332
-2.72688e-05
-2.67164e-05
0.0693353
0.0791593
-2.9359e-05
0.0791564
-2.88001e-05
0.0791537
-2.82603e-05
0.0791512
-2.7737e-05
0.0791487
-2.72284e-05
0.0791464
-2.67332e-05
0.0791442
-2.6251e-05
0.0791422
-2.57814e-05
0.0791402
-2.53244e-05
-2.488e-05
0.0791384
0.087086
-2.34959e-05
0.0870803
-2.30945e-05
0.0870747
-2.2707e-05
0.0870693
-2.23314e-05
0.0870641
-2.19661e-05
0.0870589
-2.16103e-05
0.0870539
-2.12634e-05
0.0870491
-2.09253e-05
0.0870444
-2.05961e-05
-2.02757e-05
0.0870397
0.0930519
-1.61832e-05
0.0930448
-1.59234e-05
0.0930377
-1.56731e-05
0.0930308
-1.54307e-05
0.0930241
-1.51952e-05
0.0930174
-1.4966e-05
0.0930109
-1.47426e-05
0.0930045
-1.45251e-05
0.0929982
-1.43134e-05
-1.41077e-05
0.092992
0.0970352
-8.21541e-06
0.0970274
-8.08711e-06
0.0970197
-7.96373e-06
0.0970121
-7.84438e-06
0.0970046
-7.7285e-06
0.0969973
-7.6157e-06
0.09699
-7.50585e-06
0.0969829
-7.39892e-06
0.0969759
-7.29495e-06
-7.19399e-06
0.096969
0.0990279
4.77415e-09
0.0990198
4.9881e-09
0.0990119
5.08758e-09
0.099004
5.12391e-09
0.0989963
5.18002e-09
0.0989887
5.29229e-09
0.0989811
5.50493e-09
0.0989737
5.82181e-09
0.0989664
6.23688e-09
6.73419e-09
0.0989592
0.0990279
8.22477e-06
0.0990198
8.09696e-06
0.0990119
7.9738e-06
0.099004
7.85457e-06
0.0989963
7.73878e-06
0.0989887
7.6262e-06
0.0989811
7.51673e-06
0.0989737
7.41038e-06
0.0989664
7.30719e-06
7.20717e-06
0.0989592
0.0970352
1.61919e-05
0.0970274
1.59327e-05
0.0970197
1.56827e-05
0.0970121
1.54405e-05
0.0970046
1.52052e-05
0.0969973
1.49761e-05
0.09699
1.47531e-05
0.0969829
1.4536e-05
0.0969759
1.4325e-05
1.41201e-05
0.096969
0.093052
2.35034e-05
0.0930448
2.31024e-05
0.0930378
2.27153e-05
0.0930309
2.23399e-05
0.0930241
2.19749e-05
0.0930174
2.16194e-05
0.0930109
2.12729e-05
0.0930045
2.09353e-05
0.0929982
2.06067e-05
2.0287e-05
0.0929921
0.087086
2.93647e-05
0.0870803
2.88061e-05
0.0870747
2.82665e-05
0.0870693
2.77436e-05
0.0870641
2.72354e-05
0.0870589
2.67408e-05
0.087054
2.62591e-05
0.0870491
2.57901e-05
0.0870444
2.53338e-05
2.48902e-05
0.0870398
0.0791593
3.23688e-05
0.0791564
3.16559e-05
0.0791537
3.09691e-05
0.0791512
3.03054e-05
0.0791487
2.96625e-05
0.0791464
2.90389e-05
0.0791443
2.84337e-05
0.0791422
2.78465e-05
0.0791403
2.72771e-05
2.67253e-05
0.0791384
0.0693188
3.08376e-05
0.0693204
3.00475e-05
0.069322
2.929e-05
0.0693238
2.85617e-05
0.0693256
2.78599e-05
0.0693274
2.71827e-05
0.0693293
2.65289e-05
0.0693313
2.58979e-05
0.0693333
2.52892e-05
2.47025e-05
0.0693353
0.0576356
2.41896e-05
0.0576422
2.34898e-05
0.0576486
2.28221e-05
0.057655
2.21831e-05
0.0576613
2.15703e-05
0.0576675
2.09818e-05
0.0576736
2.04166e-05
0.0576796
1.98739e-05
0.0576856
1.93532e-05
1.88539e-05
0.0576914
0.0441788
1.42817e-05
0.0441885
1.38351e-05
0.0441979
1.34101e-05
0.0442071
1.30044e-05
0.044216
1.26164e-05
0.0442247
1.22449e-05
0.0442333
1.18893e-05
0.0442416
1.15491e-05
0.0442497
1.12241e-05
1.09137e-05
0.0442577
0.0289798
4.90328e-06
0.0289889
4.74294e-06
0.0289977
4.59052e-06
0.0290063
4.44518e-06
0.0290146
4.30639e-06
0.0290226
4.17373e-06
0.0290305
4.04704e-06
0.0290381
3.9261e-06
0.0290455
3.81083e-06
3.70102e-06
0.0290527
0.0120268
0.0120316
0.0120361
0.0120406
0.0120449
0.0120491
0.0120531
0.012057
0.0120609
0.0120646
0.0120681
-3.59647e-06
0.0120716
-3.49697e-06
0.012075
-3.40204e-06
0.0120783
-3.31137e-06
0.0120816
-3.22457e-06
0.0120847
-3.14138e-06
0.0120878
-3.06142e-06
0.0120908
-2.98453e-06
0.0120937
-2.91045e-06
0.0120965
-2.83906e-06
0.0120993
-2.77021e-06
0.012102
-2.70382e-06
0.0121046
-2.6398e-06
0.0121072
-2.57809e-06
0.0121097
-2.51858e-06
0.0121122
-2.46124e-06
0.0121146
-2.40594e-06
0.0121169
-2.35262e-06
0.0121192
-2.30115e-06
0.0121215
-2.25148e-06
0.0121237
-2.20345e-06
0.0121258
-2.15703e-06
0.012128
-2.11209e-06
0.01213
-2.0686e-06
0.0121321
-2.02645e-06
0.012134
-1.98564e-06
0.012136
-1.94607e-06
0.0121379
-1.90776e-06
0.0121398
-1.87063e-06
0.0121416
-1.83472e-06
0.0121434
-1.79997e-06
0.0121452
-1.76643e-06
0.0121469
-1.73407e-06
0.0121486
-1.70296e-06
-1.67309e-06
0.0121503
0.0290597
-1.06159e-05
0.0290666
-1.03335e-05
0.0290732
-1.00636e-05
0.0290797
-9.80544e-06
0.0290861
-9.55795e-06
0.0290922
-9.32032e-06
0.0290983
-9.09176e-06
0.0291041
-8.87158e-06
0.0291099
-8.65925e-06
0.0291155
-8.45434e-06
0.029121
-8.2565e-06
0.0291264
-8.06548e-06
0.0291316
-7.88104e-06
0.0291367
-7.70302e-06
0.0291417
-7.53117e-06
0.0291466
-7.36533e-06
0.0291514
-7.20521e-06
0.0291561
-7.05061e-06
0.0291607
-6.90122e-06
0.0291652
-6.75681e-06
0.0291697
-6.61709e-06
0.029174
-6.48184e-06
0.0291782
-6.35079e-06
0.0291824
-6.22376e-06
0.0291864
-6.10056e-06
0.0291904
-5.98106e-06
0.0291944
-5.86511e-06
0.0291982
-5.75263e-06
0.029202
-5.64353e-06
0.0292057
-5.53778e-06
0.0292093
-5.43533e-06
0.0292129
-5.3362e-06
0.0292164
-5.24039e-06
0.0292198
-5.14799e-06
-5.05908e-06
0.0292232
0.0442654
-1.83709e-05
0.044273
-1.79128e-05
0.0442804
-1.74738e-05
0.0442876
-1.70525e-05
0.0442947
-1.66479e-05
0.0443017
-1.62585e-05
0.0443084
-1.58833e-05
0.0443151
-1.55211e-05
0.0443216
-1.51712e-05
0.044328
-1.48329e-05
0.0443342
-1.45056e-05
0.0443403
-1.41889e-05
0.0443463
-1.38824e-05
0.0443522
-1.35858e-05
0.044358
-1.32989e-05
0.0443637
-1.30212e-05
0.0443692
-1.27526e-05
0.0443746
-1.24925e-05
0.04438
-1.22408e-05
0.0443852
-1.19969e-05
0.0443904
-1.17606e-05
0.0443954
-1.15314e-05
0.0444004
-1.1309e-05
0.0444052
-1.10931e-05
0.04441
-1.08834e-05
0.0444147
-1.06797e-05
0.0444193
-1.04818e-05
0.0444239
-1.02894e-05
0.0444283
-1.01026e-05
0.0444327
-9.92114e-06
0.044437
-9.74503e-06
0.0444413
-9.57425e-06
0.0444454
-9.40884e-06
0.0444495
-9.24892e-06
-9.09464e-06
0.0444536
0.0576971
-2.41299e-05
0.0577028
-2.35859e-05
0.0577084
-2.30621e-05
0.0577139
-2.25575e-05
0.0577193
-2.20709e-05
0.0577247
-2.16011e-05
0.0577299
-2.11469e-05
0.0577351
-2.07073e-05
0.0577402
-2.02813e-05
0.0577453
-1.98681e-05
0.0577502
-1.94671e-05
0.0577551
-1.90777e-05
0.0577599
-1.86998e-05
0.0577647
-1.83327e-05
0.0577693
-1.79764e-05
0.057774
-1.76305e-05
0.0577785
-1.72946e-05
0.057783
-1.69685e-05
0.0577874
-1.66518e-05
0.0577917
-1.63441e-05
0.057796
-1.60451e-05
0.0578002
-1.57544e-05
0.0578044
-1.54717e-05
0.0578085
-1.51966e-05
0.0578126
-1.49289e-05
0.0578165
-1.46682e-05
0.0578205
-1.44144e-05
0.0578243
-1.41672e-05
0.0578282
-1.39265e-05
0.0578319
-1.36922e-05
0.0578357
-1.34643e-05
0.0578393
-1.32428e-05
0.057843
-1.30277e-05
0.0578465
-1.28191e-05
-1.26175e-05
0.05785
0.0693373
-2.61817e-05
0.0693394
-2.56644e-05
0.0693415
-2.5164e-05
0.0693436
-2.46796e-05
0.0693458
-2.42105e-05
0.0693479
-2.37558e-05
0.0693501
-2.33145e-05
0.0693523
-2.28858e-05
0.0693544
-2.24687e-05
0.0693566
-2.20628e-05
0.0693588
-2.16673e-05
0.069361
-2.12819e-05
0.0693633
-2.09063e-05
0.0693655
-2.05401e-05
0.0693677
-2.01831e-05
0.0693699
-1.98351e-05
0.0693721
-1.94959e-05
0.0693743
-1.91653e-05
0.0693765
-1.8843e-05
0.0693786
-1.85288e-05
0.0693808
-1.82224e-05
0.069383
-1.79235e-05
0.0693852
-1.7632e-05
0.0693873
-1.73475e-05
0.0693894
-1.70698e-05
0.0693916
-1.67986e-05
0.0693937
-1.65339e-05
0.0693958
-1.62753e-05
0.0693979
-1.60229e-05
0.0694
-1.57766e-05
0.0694021
-1.55363e-05
0.0694041
-1.5302e-05
0.0694062
-1.50739e-05
0.0694082
-1.48523e-05
-1.46374e-05
0.0694102
0.0791367
-2.44484e-05
0.079135
-2.40293e-05
0.0791335
-2.36224e-05
0.079132
-2.32272e-05
0.0791307
-2.28433e-05
0.0791294
-2.24698e-05
0.0791282
-2.21062e-05
0.079127
-2.17518e-05
0.079126
-2.1406e-05
0.079125
-2.10683e-05
0.0791241
-2.07382e-05
0.0791232
-2.04155e-05
0.0791224
-2.00998e-05
0.0791216
-1.9791e-05
0.0791209
-1.94888e-05
0.0791203
-1.91931e-05
0.0791197
-1.89037e-05
0.0791192
-1.86207e-05
0.0791187
-1.83437e-05
0.0791182
-1.80727e-05
0.0791178
-1.78075e-05
0.0791174
-1.7548e-05
0.0791171
-1.72941e-05
0.0791168
-1.70454e-05
0.0791165
-1.6802e-05
0.0791163
-1.65637e-05
0.0791161
-1.63303e-05
0.0791159
-1.61018e-05
0.0791157
-1.5878e-05
0.0791156
-1.5659e-05
0.0791155
-1.54448e-05
0.0791155
-1.52354e-05
0.0791154
-1.5031e-05
0.0791154
-1.48318e-05
-1.46383e-05
0.0791154
0.0870353
-1.99642e-05
0.0870309
-1.96614e-05
0.0870266
-1.93672e-05
0.0870225
-1.90811e-05
0.0870185
-1.88027e-05
0.0870145
-1.85316e-05
0.0870107
-1.82672e-05
0.0870069
-1.80091e-05
0.0870033
-1.77569e-05
0.0869997
-1.75102e-05
0.0869963
-1.72686e-05
0.0869929
-1.70319e-05
0.0869896
-1.67999e-05
0.0869864
-1.65724e-05
0.0869832
-1.63493e-05
0.0869802
-1.61304e-05
0.0869772
-1.59157e-05
0.0869742
-1.5705e-05
0.0869714
-1.54983e-05
0.0869686
-1.52955e-05
0.0869659
-1.50965e-05
0.0869633
-1.49013e-05
0.0869607
-1.47097e-05
0.0869582
-1.45217e-05
0.0869557
-1.43373e-05
0.0869533
-1.41562e-05
0.0869509
-1.39784e-05
0.0869486
-1.3804e-05
0.0869464
-1.36328e-05
0.0869442
-1.34649e-05
0.0869421
-1.33002e-05
0.08694
-1.31389e-05
0.0869379
-1.29811e-05
0.0869359
-1.28271e-05
-1.26773e-05
0.0869339
0.092986
-1.39079e-05
0.09298
-1.37138e-05
0.0929742
-1.35254e-05
0.0929685
-1.33423e-05
0.0929628
-1.31643e-05
0.0929573
-1.29909e-05
0.0929518
-1.28219e-05
0.0929465
-1.26569e-05
0.0929412
-1.24957e-05
0.0929361
-1.23379e-05
0.092931
-1.21834e-05
0.092926
-1.2032e-05
0.0929211
-1.18835e-05
0.0929162
-1.17378e-05
0.0929115
-1.15948e-05
0.0929068
-1.14543e-05
0.0929022
-1.13163e-05
0.0928977
-1.11808e-05
0.0928932
-1.10476e-05
0.0928888
-1.09167e-05
0.0928845
-1.07881e-05
0.0928803
-1.06617e-05
0.0928761
-1.05375e-05
0.092872
-1.04155e-05
0.092868
-1.02955e-05
0.092864
-1.01777e-05
0.0928601
-1.00618e-05
0.0928562
-9.94794e-06
0.0928524
-9.83604e-06
0.0928487
-9.7261e-06
0.092845
-9.61816e-06
0.0928414
-9.51227e-06
0.0928378
-9.40857e-06
0.0928343
-9.30723e-06
-9.20854e-06
0.0928308
0.0969621
-7.09604e-06
0.0969554
-7.00105e-06
0.0969488
-6.90893e-06
0.0969423
-6.81952e-06
0.0969359
-6.73267e-06
0.0969295
-6.64817e-06
0.0969233
-6.56587e-06
0.0969171
-6.48558e-06
0.096911
-6.40716e-06
0.096905
-6.33048e-06
0.0968991
-6.25541e-06
0.0968932
-6.18186e-06
0.0968874
-6.10974e-06
0.0968817
-6.03897e-06
0.0968761
-5.96949e-06
0.0968706
-5.90123e-06
0.0968651
-5.83416e-06
0.0968597
-5.76822e-06
0.0968543
-5.70339e-06
0.096849
-5.63965e-06
0.0968438
-5.57697e-06
0.0968387
-5.51534e-06
0.0968336
-5.45473e-06
0.0968286
-5.39513e-06
0.0968236
-5.33653e-06
0.0968187
-5.27889e-06
0.0968139
-5.22221e-06
0.0968091
-5.16646e-06
0.0968044
-5.11163e-06
0.0967997
-5.05773e-06
0.0967951
-5.00477e-06
0.0967905
-4.95278e-06
0.096786
-4.90182e-06
0.0967816
-4.852e-06
-4.80345e-06
0.0967772
0.0989521
7.27978e-09
0.0989451
7.85684e-09
0.0989382
8.43174e-09
0.0989314
8.99637e-09
0.0989246
9.53336e-09
0.098918
1.00424e-08
0.0989114
1.0524e-08
0.0989049
1.09812e-08
0.0988985
1.14263e-08
0.0988921
1.18627e-08
0.0988859
1.23061e-08
0.0988797
1.276e-08
0.0988735
1.32364e-08
0.0988675
1.3739e-08
0.0988615
1.42732e-08
0.0988556
1.4842e-08
0.0988497
1.5444e-08
0.098844
1.60804e-08
0.0988382
1.67447e-08
0.0988326
1.74362e-08
0.098827
1.81469e-08
0.0988214
1.88745e-08
0.098816
1.9613e-08
0.0988106
2.03595e-08
0.0988052
2.11116e-08
0.0987999
2.18672e-08
0.0987947
2.26279e-08
0.0987895
2.33928e-08
0.0987843
2.41657e-08
0.0987792
2.49469e-08
0.0987742
2.57406e-08
0.0987692
2.65472e-08
0.0987643
2.73692e-08
0.0987594
2.82059e-08
2.90589e-08
0.0987546
0.0989521
7.11027e-06
0.0989451
7.0164e-06
0.0989382
6.92541e-06
0.0989314
6.83712e-06
0.0989246
6.75133e-06
0.098918
6.66785e-06
0.0989114
6.5865e-06
0.0989049
6.50712e-06
0.0988985
6.42958e-06
0.0988921
6.35376e-06
0.0988859
6.27956e-06
0.0988797
6.2069e-06
0.0988736
6.13572e-06
0.0988675
6.06594e-06
0.0988615
5.99751e-06
0.0988556
5.93037e-06
0.0988497
5.86447e-06
0.098844
5.79978e-06
0.0988382
5.73626e-06
0.0988326
5.67386e-06
0.098827
5.61257e-06
0.0988215
5.55235e-06
0.098816
5.49318e-06
0.0988106
5.43503e-06
0.0988052
5.37789e-06
0.0987999
5.32172e-06
0.0987947
5.26652e-06
0.0987895
5.21227e-06
0.0987844
5.15896e-06
0.0987793
5.10659e-06
0.0987742
5.05518e-06
0.0987693
5.00477e-06
0.0987643
4.95542e-06
0.0987595
4.90723e-06
4.86035e-06
0.0987546
0.0969621
1.39212e-05
0.0969554
1.37282e-05
0.0969488
1.35408e-05
0.0969423
1.33588e-05
0.0969359
1.31818e-05
0.0969295
1.30094e-05
0.0969233
1.28413e-05
0.0969171
1.26772e-05
0.096911
1.25168e-05
0.096905
1.23599e-05
0.0968991
1.22062e-05
0.0968932
1.20556e-05
0.0968875
1.1908e-05
0.0968818
1.17633e-05
0.0968761
1.16212e-05
0.0968706
1.14818e-05
0.0968651
1.13449e-05
0.0968597
1.12105e-05
0.0968544
1.10786e-05
0.0968491
1.09489e-05
0.0968439
1.08216e-05
0.0968387
1.06965e-05
0.0968336
1.05737e-05
0.0968286
1.0453e-05
0.0968237
1.03344e-05
0.0968188
1.02179e-05
0.0968139
1.01034e-05
0.0968092
9.9909e-06
0.0968044
9.88041e-06
0.0967998
9.7719e-06
0.0967952
9.66541e-06
0.0967906
9.561e-06
0.0967861
9.45879e-06
0.0967817
9.35898e-06
9.26182e-06
0.0967773
0.092986
1.99764e-05
0.0929801
1.96745e-05
0.0929742
1.93812e-05
0.0929685
1.9096e-05
0.0929628
1.88185e-05
0.0929573
1.85482e-05
0.0929519
1.82846e-05
0.0929465
1.80273e-05
0.0929413
1.77758e-05
0.0929361
1.75298e-05
0.092931
1.7289e-05
0.092926
1.70531e-05
0.0929211
1.68219e-05
0.0929163
1.65954e-05
0.0929115
1.63732e-05
0.0929068
1.61553e-05
0.0929022
1.59416e-05
0.0928977
1.5732e-05
0.0928933
1.55263e-05
0.0928889
1.53246e-05
0.0928846
1.51268e-05
0.0928804
1.49326e-05
0.0928762
1.47422e-05
0.0928721
1.45554e-05
0.092868
1.4372e-05
0.0928641
1.41921e-05
0.0928602
1.40156e-05
0.0928563
1.38424e-05
0.0928525
1.36725e-05
0.0928488
1.35058e-05
0.0928451
1.33424e-05
0.0928415
1.31824e-05
0.0928379
1.3026e-05
0.0928344
1.28733e-05
1.27248e-05
0.0928309
0.0870353
2.44593e-05
0.0870309
2.40408e-05
0.0870267
2.36346e-05
0.0870225
2.32401e-05
0.0870185
2.28567e-05
0.0870146
2.24838e-05
0.0870107
2.21208e-05
0.087007
2.1767e-05
0.0870033
2.14218e-05
0.0869998
2.10847e-05
0.0869963
2.07554e-05
0.0869929
2.04335e-05
0.0869896
2.01186e-05
0.0869864
1.98106e-05
0.0869833
1.95093e-05
0.0869802
1.92145e-05
0.0869772
1.8926e-05
0.0869743
1.86439e-05
0.0869715
1.83678e-05
0.0869687
1.80977e-05
0.086966
1.78334e-05
0.0869634
1.75747e-05
0.0869608
1.73217e-05
0.0869583
1.70739e-05
0.0869558
1.68315e-05
0.0869534
1.65941e-05
0.0869511
1.63617e-05
0.0869488
1.61342e-05
0.0869465
1.59115e-05
0.0869443
1.56936e-05
0.0869422
1.54804e-05
0.0869401
1.52721e-05
0.0869381
1.50688e-05
0.0869361
1.48708e-05
1.46784e-05
0.0869341
0.0791367
2.61911e-05
0.0791351
2.56741e-05
0.0791335
2.51739e-05
0.0791321
2.46898e-05
0.0791307
2.4221e-05
0.0791294
2.37666e-05
0.0791282
2.33256e-05
0.0791271
2.28973e-05
0.079126
2.24808e-05
0.079125
2.20755e-05
0.0791241
2.16808e-05
0.0791233
2.12962e-05
0.0791224
2.09213e-05
0.0791217
2.05559e-05
0.079121
2.01997e-05
0.0791204
1.98525e-05
0.0791198
1.9514e-05
0.0791192
1.9184e-05
0.0791188
1.88624e-05
0.0791183
1.85488e-05
0.0791179
1.8243e-05
0.0791175
1.79447e-05
0.0791172
1.76538e-05
0.0791169
1.73699e-05
0.0791166
1.70929e-05
0.0791164
1.68225e-05
0.0791162
1.65585e-05
0.079116
1.63008e-05
0.0791159
1.60492e-05
0.0791158
1.58038e-05
0.0791157
1.55643e-05
0.0791156
1.53309e-05
0.0791156
1.51037e-05
0.0791156
1.48828e-05
1.46687e-05
0.0791156
0.0693374
2.41374e-05
0.0693394
2.35932e-05
0.0693415
2.30693e-05
0.0693437
2.25646e-05
0.0693458
2.20779e-05
0.069348
2.16083e-05
0.0693501
2.11543e-05
0.0693523
2.07151e-05
0.0693545
2.02896e-05
0.0693567
1.9877e-05
0.0693589
1.94767e-05
0.0693611
1.90882e-05
0.0693633
1.87109e-05
0.0693655
1.83445e-05
0.0693677
1.79888e-05
0.06937
1.76434e-05
0.0693722
1.7308e-05
0.0693744
1.69823e-05
0.0693766
1.66659e-05
0.0693788
1.63586e-05
0.0693809
1.606e-05
0.0693831
1.57697e-05
0.0693853
1.54873e-05
0.0693874
1.52127e-05
0.0693896
1.49454e-05
0.0693917
1.46853e-05
0.0693938
1.4432e-05
0.069396
1.41854e-05
0.0693981
1.39453e-05
0.0694002
1.37117e-05
0.0694022
1.34844e-05
0.0694043
1.32634e-05
0.0694064
1.30489e-05
0.0694084
1.28409e-05
1.26397e-05
0.0694104
0.0576972
1.83755e-05
0.0577028
1.79171e-05
0.0577084
1.74778e-05
0.0577139
1.70563e-05
0.0577194
1.66517e-05
0.0577247
1.62624e-05
0.05773
1.58875e-05
0.0577352
1.55257e-05
0.0577403
1.51764e-05
0.0577453
1.48386e-05
0.0577503
1.45119e-05
0.0577552
1.41957e-05
0.05776
1.38896e-05
0.0577647
1.35935e-05
0.0577694
1.33069e-05
0.057774
1.30295e-05
0.0577786
1.2761e-05
0.0577831
1.25012e-05
0.0577875
1.22496e-05
0.0577918
1.20059e-05
0.0577961
1.17698e-05
0.0578004
1.15408e-05
0.0578045
1.13187e-05
0.0578086
1.1103e-05
0.0578127
1.08937e-05
0.0578167
1.06903e-05
0.0578206
1.04927e-05
0.0578245
1.03008e-05
0.0578283
1.01143e-05
0.0578321
9.93321e-06
0.0578358
9.75749e-06
0.0578395
9.587e-06
0.0578431
9.42192e-06
0.0578467
9.26221e-06
9.10818e-06
0.0578503
0.0442654
1.06175e-05
0.044273
1.03347e-05
0.0442804
1.00648e-05
0.0442877
9.80655e-06
0.0442948
9.55926e-06
0.0443017
9.32189e-06
0.0443085
9.09369e-06
0.0443151
8.87388e-06
0.0443217
8.66194e-06
0.044328
8.45734e-06
0.0443343
8.2598e-06
0.0443404
8.06897e-06
0.0443464
7.88473e-06
0.0443523
7.70679e-06
0.0443581
7.53506e-06
0.0443637
7.36926e-06
0.0443693
7.20924e-06
0.0443747
7.05468e-06
0.0443801
6.90542e-06
0.0443853
6.76109e-06
0.0443905
6.62153e-06
0.0443955
6.48639e-06
0.0444005
6.35553e-06
0.0444054
6.22865e-06
0.0444101
6.10566e-06
0.0444149
5.9863e-06
0.0444195
5.87056e-06
0.044424
5.75823e-06
0.0444285
5.64932e-06
0.0444329
5.5437e-06
0.0444372
5.44141e-06
0.0444414
5.34237e-06
0.0444456
5.24669e-06
0.0444497
5.15432e-06
5.06549e-06
0.0444538
0.0290598
3.5965e-06
0.0290666
3.49693e-06
0.0290733
3.40205e-06
0.0290797
3.31144e-06
0.0290861
3.22479e-06
0.0290923
3.1417e-06
0.0290983
3.06193e-06
0.0291042
2.98513e-06
0.0291099
2.91119e-06
0.0291155
2.83986e-06
0.029121
2.77109e-06
0.0291264
2.70473e-06
0.0291316
2.64075e-06
0.0291368
2.57904e-06
0.0291418
2.51959e-06
0.0291467
2.46225e-06
0.0291515
2.407e-06
0.0291562
2.3537e-06
0.0291608
2.30231e-06
0.0291653
2.25265e-06
0.0291697
2.20471e-06
0.0291741
2.15832e-06
0.0291783
2.11347e-06
0.0291825
2.07e-06
0.0291865
2.02794e-06
0.0291905
1.98714e-06
0.0291944
1.94765e-06
0.0291983
1.90935e-06
0.0292021
1.8723e-06
0.0292058
1.83639e-06
0.0292094
1.80171e-06
0.029213
1.76816e-06
0.0292165
1.73584e-06
0.02922
1.70469e-06
1.67483e-06
0.0292234
0.0120682
0.0120716
0.012075
0.0120784
0.0120816
0.0120847
0.0120878
0.0120908
0.0120937
0.0120965
0.0120993
0.012102
0.0121046
0.0121072
0.0121097
0.0121122
0.0121146
0.012117
0.0121193
0.0121215
0.0121237
0.0121259
0.012128
0.0121301
0.0121321
0.0121341
0.012136
0.0121379
0.0121398
0.0121416
0.0121434
0.0121452
0.0121469
0.0121487
0.0121503
0.0121519
-1.64457e-06
0.0121535
-1.61744e-06
0.0121551
-1.59186e-06
0.0121567
-1.568e-06
0.0121582
-1.54585e-06
0.0121598
-1.52639e-06
0.0121613
-1.50164e-06
0.0121628
-1.50381e-06
0.0121642
-1.39909e-06
-1.73568e-06
0.0292266
-4.97386e-06
0.0292298
-4.89255e-06
0.0292331
-4.81544e-06
0.0292362
-4.74301e-06
0.0292394
-4.67515e-06
0.0292424
-4.61351e-06
0.0292455
-4.55059e-06
0.0292485
-4.5102e-06
0.0292515
-4.39769e-06
-4.57569e-06
0.0444576
-8.94632e-06
0.0444615
-8.80432e-06
0.0444653
-8.6692e-06
0.0444691
-8.54164e-06
0.0444729
-8.4223e-06
0.0444766
-8.31217e-06
0.0444802
-8.21052e-06
0.0444838
-8.12168e-06
0.0444875
-8.0295e-06
-7.97892e-06
0.0578535
-1.24231e-05
0.057857
-1.22365e-05
0.0578603
-1.20586e-05
0.0578637
-1.18903e-05
0.057867
-1.17334e-05
0.0578703
-1.15879e-05
0.0578735
-1.14617e-05
0.0578767
-1.13359e-05
0.05788
-1.129e-05
-1.10557e-05
0.0694122
-1.44298e-05
0.0694142
-1.42301e-05
0.0694162
-1.40395e-05
0.0694182
-1.38591e-05
0.0694201
-1.36917e-05
0.0694221
-1.35365e-05
0.069424
-1.34089e-05
0.069426
-1.32729e-05
0.0694279
-1.32743e-05
-1.29442e-05
0.0791154
-1.4451e-05
0.0791155
-1.42708e-05
0.0791155
-1.40986e-05
0.0791156
-1.39359e-05
0.0791157
-1.37859e-05
0.0791158
-1.36474e-05
0.0791159
-1.35395e-05
0.0791161
-1.3417e-05
0.0791163
-1.34554e-05
-1.31209e-05
0.086932
-1.25321e-05
0.0869301
-1.23923e-05
0.0869283
-1.2259e-05
0.0869265
-1.21333e-05
0.0869247
-1.20184e-05
0.086923
-1.19132e-05
0.0869213
-1.1835e-05
0.0869196
-1.17445e-05
0.086918
-1.17942e-05
-1.15235e-05
0.0928274
-9.11291e-06
0.092824
-9.02089e-06
0.0928207
-8.93333e-06
0.0928174
-8.8511e-06
0.0928142
-8.77656e-06
0.092811
-8.70897e-06
0.0928078
-8.66147e-06
0.0928047
-8.60415e-06
0.0928015
-8.64772e-06
-8.46885e-06
0.0967728
-4.75642e-06
0.0967685
-4.71118e-06
0.0967642
-4.66819e-06
0.09676
-4.62793e-06
0.0967558
-4.59166e-06
0.0967517
-4.55906e-06
0.0967476
-4.53684e-06
0.0967435
-4.51e-06
0.0967394
-4.53446e-06
-4.44787e-06
0.0987498
2.99271e-08
0.0987451
3.08129e-08
0.0987404
3.17229e-08
0.0987357
3.26436e-08
0.0987311
3.35944e-08
0.0987265
3.44988e-08
0.0987219
3.53324e-08
0.0987174
3.55792e-08
0.0987128
3.65405e-08
3.6401e-08
0.0987498
4.815e-06
0.0987451
4.77148e-06
0.0987404
4.73024e-06
0.0987357
4.69178e-06
0.0987311
4.65729e-06
0.0987265
4.62642e-06
0.098722
4.60554e-06
0.0987174
4.58051e-06
0.0987128
4.60435e-06
4.51903e-06
0.0967729
9.16775e-06
0.0967686
9.07728e-06
0.0967643
8.99129e-06
0.0967601
8.91062e-06
0.0967559
8.83763e-06
0.0967518
8.77151e-06
0.0967477
8.72534e-06
0.0967436
8.66863e-06
0.0967395
8.71359e-06
8.53479e-06
0.0928275
1.25809e-05
0.0928242
1.24424e-05
0.0928208
1.23104e-05
0.0928176
1.2186e-05
0.0928143
1.20722e-05
0.0928111
1.19681e-05
0.092808
1.18909e-05
0.0928048
1.18013e-05
0.0928017
1.18515e-05
1.15815e-05
0.0869322
1.44921e-05
0.0869303
1.43128e-05
0.0869285
1.41416e-05
0.0869267
1.39798e-05
0.0869249
1.38305e-05
0.0869232
1.36926e-05
0.0869215
1.35853e-05
0.0869199
1.34638e-05
0.0869182
1.35022e-05
1.31685e-05
0.0791156
1.44618e-05
0.0791157
1.42628e-05
0.0791158
1.40728e-05
0.0791158
1.38928e-05
0.079116
1.37257e-05
0.0791161
1.35708e-05
0.0791162
1.34436e-05
0.0791164
1.33071e-05
0.0791166
1.33102e-05
1.29803e-05
0.0694124
1.24457e-05
0.0694145
1.22594e-05
0.0694164
1.20818e-05
0.0694184
1.19135e-05
0.0694204
1.17565e-05
0.0694223
1.1611e-05
0.0694243
1.14844e-05
0.0694263
1.13599e-05
0.0694283
1.13129e-05
1.10801e-05
0.0578537
8.95995e-06
0.0578572
8.81805e-06
0.0578606
8.68285e-06
0.0578639
8.55515e-06
0.0578673
8.43558e-06
0.0578705
8.32495e-06
0.0578738
8.22383e-06
0.057877
8.13385e-06
0.0578803
8.04301e-06
7.99307e-06
0.0444577
4.98023e-06
0.0444617
4.89888e-06
0.0444655
4.82157e-06
0.0444693
4.74893e-06
0.0444731
4.68057e-06
0.0444768
4.61906e-06
0.0444805
4.55541e-06
0.0444841
4.51539e-06
0.0444877
4.40291e-06
4.58248e-06
0.0292267
1.64623e-06
0.02923
1.61907e-06
0.0292332
1.59325e-06
0.0292364
1.56927e-06
0.0292395
1.54691e-06
0.0292426
1.52707e-06
0.0292456
1.50215e-06
0.0292487
1.505e-06
0.0292517
1.39974e-06
1.73859e-06
0.012152
0.0121536
0.0121552
0.0121568
0.0121583
0.0121598
0.0121613
0.0121628
0.0121642
)
;

boundaryField
{
    inlet
    {
        type            calculated;
        value           nonuniform List<scalar> 
20
(
-0.00975
-0.02775
-0.04375
-0.05775
-0.06975
-0.07975
-0.08775
-0.09375
-0.09775
-0.09975
-0.09975
-0.09775
-0.09375
-0.08775
-0.07975
-0.06975
-0.05775
-0.04375
-0.02775
-0.00975
)
;
    }
    outlet
    {
        type            calculated;
        value           nonuniform List<scalar> 
20
(
0.0121659
0.0292543
0.0444909
0.0578831
0.0694298
0.0791165
0.0869164
0.0927985
0.0967353
0.0987083
0.0987084
0.0967355
0.0927987
0.0869166
0.0791168
0.0694302
0.0578834
0.0444911
0.0292545
0.012166
)
;
    }
    upperWall
    {
        type            calculated;
        value           uniform 0;
    }
    lowerWall
    {
        type            calculated;
        value           uniform 0;
    }
    frontAndBack
    {
        type            empty;
    }
}


// ************************************************************************* //
