/*--------------------------------*- C++ -*----------------------------------*\
| =========                 |                                                 |
| \\      /  F ield         | OpenFOAM: The Open Source CFD Toolbox           |
|  \\    /   O peration     | Version:  2406                                  |
|   \\  /    A nd           | Website:  www.openfoam.com                      |
|    \\/     M anipulation  |                                                 |
\*---------------------------------------------------------------------------*/
FoamFile
{
    version     2.0;
    format      ascii;
    arch        "LSB;label=32;scalar=64";
    class       volVectorField;
    location    "50";
    object      U;
}
// * * * * * * * * * * * * * * * * * * * * * * * * * * * * * * * * * * * * * //

dimensions      [0 1 -1 0 0 0 0];

internalField   nonuniform List<vector> 
1800
(
(0.191293 -0.00270566 0)
(0.197042 -0.00398946 0)
(0.203399 -0.00344368 0)
(0.209612 -0.00294141 0)
(0.215988 -0.00283859 0)
(0.222984 -0.00303825 0)
(0.231044 -0.00356131 0)
(0.240647 -0.00458115 0)
(0.253333 -0.00668896 0)
(0.265898 -0.0206944 0)
(0.507565 -0.00340756 0)
(0.508046 -0.00732981 0)
(0.510743 -0.00891269 0)
(0.514695 -0.00985931 0)
(0.520209 -0.0109954 0)
(0.527473 -0.0125576 0)
(0.536556 -0.0147882 0)
(0.547624 -0.0181711 0)
(0.561118 -0.0233356 0)
(0.575556 -0.0328294 0)
(0.748226 -0.00265165 0)
(0.748621 -0.00679495 0)
(0.749964 -0.00980752 0)
(0.751655 -0.0124908 0)
(0.754486 -0.0153938 0)
(0.758847 -0.0187615 0)
(0.764682 -0.0228619 0)
(0.771841 -0.0281441 0)
(0.780073 -0.0351828 0)
(0.788491 -0.044989 0)
(0.908519 -0.00232248 0)
(0.90885 -0.00659532 0)
(0.909584 -0.0104009 0)
(0.91 -0.0140768 0)
(0.910872 -0.0179903 0)
(0.912625 -0.022382 0)
(0.915144 -0.0274835 0)
(0.918171 -0.033589 0)
(0.92139 -0.0409796 0)
(0.924277 -0.0498339 0)
(0.988595 -0.00208184 0)
(0.988655 -0.00613313 0)
(0.98872 -0.0100833 0)
(0.987961 -0.0141036 0)
(0.98708 -0.0183983 0)
(0.986486 -0.0231394 0)
(0.986033 -0.0284919 0)
(0.985428 -0.0346206 0)
(0.984379 -0.0416358 0)
(0.982527 -0.0495246 0)
(0.988548 -0.00170042 0)
(0.988236 -0.00514455 0)
(0.987533 -0.00877869 0)
(0.985575 -0.0126687 0)
(0.983044 -0.0168471 0)
(0.980318 -0.0213945 0)
(0.977219 -0.0264164 0)
(0.973443 -0.0319947 0)
(0.968729 -0.0381533 0)
(0.96281 -0.0448264 0)
(0.908378 -0.00106817 0)
(0.907611 -0.00352384 0)
(0.906086 -0.00651014 0)
(0.902971 -0.00988583 0)
(0.898977 -0.0135076 0)
(0.894429 -0.0173945 0)
(0.889109 -0.0216132 0)
(0.882716 -0.0261883 0)
(0.875016 -0.0310941 0)
(0.8658 -0.0362516 0)
(0.748 5.98329e-06 0)
(0.746635 -0.00108827 0)
(0.744381 -0.00329966 0)
(0.740457 -0.00596459 0)
(0.735552 -0.00873726 0)
(0.729895 -0.011633 0)
(0.723223 -0.014708 0)
(0.715244 -0.0179516 0)
(0.705748 -0.0213149 0)
(0.694566 -0.0247285 0)
(0.507298 0.00170738 0)
(0.505592 0.00236483 0)
(0.503803 0.000840663 0)
(0.5008 -0.00126627 0)
(0.496837 -0.00330409 0)
(0.49192 -0.00525723 0)
(0.485787 -0.00716868 0)
(0.478211 -0.00902048 0)
(0.469069 -0.0107848 0)
(0.458293 -0.0124387 0)
(0.191036 0.00198494 0)
(0.194883 0.00229267 0)
(0.197396 0.00107944 0)
(0.197891 3.18585e-05 0)
(0.19679 -0.000634143 0)
(0.194448 -0.00111705 0)
(0.190968 -0.00151025 0)
(0.186407 -0.00182402 0)
(0.180849 -0.00206637 0)
(0.174383 -0.00225227 0)
(-6.5876e-05 4.92352e-05 0)
(-0.00135362 0.000404429 0)
(-0.00376515 0.000633766 0)
(-0.00678339 0.000722224 0)
(-0.0100106 0.000759306 0)
(-0.0133195 0.000788145 0)
(-0.0167006 0.000824662 0)
(-0.0201806 0.000873621 0)
(-0.0237939 0.000936208 0)
(-0.0275728 0.00101284 0)
(-0.031543 0.00110421 0)
(-0.0357194 0.00121032 0)
(-0.0400988 0.00132917 0)
(-0.0446512 0.00145598 0)
(-0.0493082 0.00158155 0)
(-0.0539513 0.00169086 0)
(-0.0583994 0.00176283 0)
(-0.0624008 0.00176977 0)
(-0.0656282 0.00167775 0)
(-0.0676835 0.00144985 0)
(-0.0681079 0.0010573 0)
(-0.066403 0.000484687 0)
(-0.0621045 -0.000276291 0)
(-0.0547722 -0.00121755 0)
(-0.0440429 -0.0023168 0)
(-0.0296674 -0.00354884 0)
(-0.0115591 -0.0048798 0)
(0.0102374 -0.006199 0)
(0.0355881 -0.00737974 0)
(0.0641503 -0.00837313 0)
(0.0953404 -0.00910028 0)
(0.128386 -0.00946278 0)
(0.162307 -0.00936137 0)
(0.195905 -0.00870813 0)
(0.227805 -0.00745485 0)
(-0.000592505 0.00146343 0)
(-0.00454917 0.00390146 0)
(-0.0105763 0.00539671 0)
(-0.0176607 0.00606102 0)
(-0.0250623 0.00632438 0)
(-0.0325277 0.00646522 0)
(-0.0400002 0.00660984 0)
(-0.0474893 0.0068014 0)
(-0.0550186 0.00704669 0)
(-0.0626011 0.00733707 0)
(-0.0702247 0.00765369 0)
(-0.0778376 0.00796591 0)
(-0.085335 0.00822738 0)
(-0.0925431 0.00837302 0)
(-0.0992063 0.00831696 0)
(-0.104978 0.00795476 0)
(-0.10942 0.00716686 0)
(-0.112015 0.00582687 0)
(-0.112181 0.00381751 0)
(-0.109298 0.00105504 0)
(-0.102806 -0.00249869 0)
(-0.0922166 -0.00682893 0)
(-0.0770817 -0.0118648 0)
(-0.0570909 -0.0174869 0)
(-0.0320765 -0.0235419 0)
(-0.00203438 -0.0298423 0)
(0.0329135 -0.0361603 0)
(0.0725469 -0.0422127 0)
(0.116485 -0.0477152 0)
(0.164174 -0.0524171 0)
(0.214912 -0.0560346 0)
(0.267823 -0.0582528 0)
(0.321838 -0.058746 0)
(0.375667 -0.0572004 0)
(0.4278 -0.0533951 0)
(-0.00112476 0.00474291 0)
(-0.0075563 0.0104767 0)
(-0.0164257 0.0135746 0)
(-0.0262977 0.0148484 0)
(-0.0362329 0.015242 0)
(-0.0459296 0.0153278 0)
(-0.0552929 0.0153669 0)
(-0.0642899 0.0154473 0)
(-0.0728946 0.0155745 0)
(-0.0810577 0.0157134 0)
(-0.0886866 0.0158005 0)
(-0.0956315 0.0157445 0)
(-0.101674 0.0154237 0)
(-0.106519 0.014686 0)
(-0.109796 0.0133537 0)
(-0.111063 0.0112354 0)
(-0.109829 0.00814379 0)
(-0.105579 0.00391913 0)
(-0.0977984 -0.00153987 0)
(-0.0861081 -0.0082616 0)
(-0.0701447 -0.0161899 0)
(-0.0496319 -0.025216 0)
(-0.0243958 -0.0351776 0)
(0.00561379 -0.0458437 0)
(0.0403301 -0.0569255 0)
(0.079601 -0.0681017 0)
(0.123173 -0.0790101 0)
(0.170697 -0.089282 0)
(0.221744 -0.0985515 0)
(0.275801 -0.106424 0)
(0.332259 -0.112467 0)
(0.390379 -0.116191 0)
(0.449264 -0.11707 0)
(0.507784 -0.114557 0)
(0.564539 -0.108236 0)
(-0.00156307 0.00962895 0)
(-0.00985229 0.0194666 0)
(-0.0204438 0.0240801 0)
(-0.0315366 0.0256088 0)
(-0.0420913 0.0257058 0)
(-0.0518248 0.0252741 0)
(-0.0606402 0.0247083 0)
(-0.0684798 0.0241308 0)
(-0.0752784 0.0235324 0)
(-0.0809359 0.0228366 0)
(-0.0853024 0.0219234 0)
(-0.0881719 0.0206352 0)
(-0.0892817 0.0187806 0)
(-0.0883167 0.0161402 0)
(-0.0849207 0.0124838 0)
(-0.0787122 0.00759316 0)
(-0.0693061 0.00129649 0)
(-0.0563956 -0.00651556 0)
(-0.0397521 -0.0158824 0)
(-0.0191236 -0.0267704 0)
(0.00563529 -0.0390721 0)
(0.034556 -0.0525955 0)
(0.0675964 -0.0670717 0)
(0.104646 -0.0821736 0)
(0.145504 -0.0975161 0)
(0.189896 -0.112689 0)
(0.237495 -0.127273 0)
(0.28793 -0.140843 0)
(0.340804 -0.152963 0)
(0.395707 -0.163176 0)
(0.452201 -0.170966 0)
(0.509777 -0.175712 0)
(0.567819 -0.176691 0)
(0.62541 -0.173005 0)
(0.681233 -0.163897 0)
(-0.00192914 0.01565 0)
(-0.0113006 0.0297451 0)
(-0.0221377 0.0352724 0)
(-0.0325057 0.0363119 0)
(-0.0414719 0.0353969 0)
(-0.0488806 0.0337642 0)
(-0.0546964 0.0319159 0)
(-0.0588858 0.0299871 0)
(-0.0613874 0.0279401 0)
(-0.0620955 0.0256529 0)
(-0.0608575 0.0229551 0)
(-0.0574772 0.0196425 0)
(-0.0517267 0.0154901 0)
(-0.0433536 0.0102579 0)
(-0.0320969 0.0037104 0)
(-0.0177097 -0.00434852 0)
(-8.8934e-06 -0.0140542 0)
(0.0211527 -0.0254718 0)
(0.045858 -0.0385979 0)
(0.0741437 -0.0533375 0)
(0.105971 -0.0695132 0)
(0.141211 -0.0868552 0)
(0.179657 -0.105005 0)
(0.221032 -0.12355 0)
(0.264995 -0.142042 0)
(0.31117 -0.160022 0)
(0.359163 -0.177041 0)
(0.4086 -0.192669 0)
(0.459156 -0.206485 0)
(0.510582 -0.218058 0)
(0.562718 -0.226878 0)
(0.615432 -0.232284 0)
(0.668643 -0.233398 0)
(0.721787 -0.228824 0)
(0.773859 -0.217263 0)
(-0.00227409 0.0224199 0)
(-0.0119023 0.0400459 0)
(-0.0210822 0.045243 0)
(-0.0283091 0.0447159 0)
(-0.0331657 0.041936 0)
(-0.0357937 0.0383895 0)
(-0.0362906 0.0346204 0)
(-0.0346903 0.0307439 0)
(-0.03097 0.0266796 0)
(-0.0250522 0.0222583 0)
(-0.0168177 0.0172722 0)
(-0.00610544 0.0114918 0)
(0.00724857 0.00467364 0)
(0.0234101 -0.00342945 0)
(0.0425262 -0.0130296 0)
(0.0647054 -0.0242815 0)
(0.0900061 -0.0372849 0)
(0.118425 -0.0520656 0)
(0.149885 -0.0685519 0)
(0.184231 -0.0865683 0)
(0.221223 -0.105846 0)
(0.260538 -0.126025 0)
(0.30178 -0.146677 0)
(0.3445 -0.167331 0)
(0.38822 -0.187505 0)
(0.432469 -0.206739 0)
(0.476821 -0.224617 0)
(0.520942 -0.240784 0)
(0.564637 -0.254931 0)
(0.607905 -0.266766 0)
(0.650968 -0.275895 0)
(0.694255 -0.28175 0)
(0.738561 -0.283321 0)
(0.783914 -0.278673 0)
(0.830985 -0.266192 0)
(-0.00263487 0.0299255 0)
(-0.0113705 0.0488711 0)
(-0.0160961 0.0515313 0)
(-0.0169403 0.0481393 0)
(-0.0146899 0.0427685 0)
(-0.00993518 0.0368355 0)
(-0.00290313 0.0307919 0)
(0.00632124 0.024674 0)
(0.0177322 0.0183348 0)
(0.0314016 0.011558 0)
(0.047411 0.00409874 0)
(0.0659081 -0.00430053 0)
(0.0870284 -0.0138881 0)
(0.110854 -0.0248819 0)
(0.137408 -0.0374463 0)
(0.166658 -0.0516854 0)
(0.198499 -0.0676261 0)
(0.232743 -0.0852085 0)
(0.269113 -0.104273 0)
(0.307242 -0.12456 0)
(0.346681 -0.145716 0)
(0.386917 -0.16731 0)
(0.427388 -0.188863 0)
(0.467519 -0.209883 0)
(0.506752 -0.229899 0)
(0.544588 -0.248507 0)
(0.580632 -0.265397 0)
(0.614656 -0.280379 0)
(0.646649 -0.293377 0)
(0.676939 -0.304393 0)
(0.706204 -0.313351 0)
(0.735712 -0.320004 0)
(0.767233 -0.323123 0)
(0.802102 -0.320312 0)
(0.845686 -0.309979 0)
(-0.00293249 0.0384935 0)
(-0.00759024 0.0537745 0)
(-0.00275437 0.0504771 0)
(0.00753432 0.0431511 0)
(0.0205067 0.035032 0)
(0.035336 0.0267599 0)
(0.0519072 0.0185433 0)
(0.0702214 0.0103022 0)
(0.0903277 0.00178226 0)
(0.112392 -0.00729371 0)
(0.136559 -0.0171786 0)
(0.162895 -0.028099 0)
(0.191415 -0.0402526 0)
(0.222077 -0.0537959 0)
(0.254769 -0.0688257 0)
(0.289293 -0.0853677 0)
(0.325366 -0.103363 0)
(0.36261 -0.122659 0)
(0.400566 -0.143009 0)
(0.438697 -0.164073 0)
(0.476412 -0.185435 0)
(0.513088 -0.206625 0)
(0.548098 -0.227154 0)
(0.58084 -0.246552 0)
(0.610773 -0.264411 0)
(0.637453 -0.280429 0)
(0.660573 -0.294458 0)
(0.68003 -0.306539 0)
(0.695989 -0.316934 0)
(0.70908 -0.326141 0)
(0.720428 -0.334805 0)
(0.732559 -0.343644 0)
(0.748026 -0.352184 0)
(0.773121 -0.358719 0)
(0.816765 -0.361916 0)
(0.00139446 0.0412126 0)
(0.0104482 0.0470055 0)
(0.0337164 0.0361338 0)
(0.0608821 0.0254621 0)
(0.0877411 0.0156489 0)
(0.114302 0.00592198 0)
(0.141267 -0.00382106 0)
(0.168999 -0.0136745 0)
(0.197719 -0.023891 0)
(0.227563 -0.0347498 0)
(0.258633 -0.0464719 0)
(0.290953 -0.0592241 0)
(0.324459 -0.0731332 0)
(0.359004 -0.0882781 0)
(0.394353 -0.104673 0)
(0.430181 -0.122257 0)
(0.466077 -0.140882 0)
(0.501554 -0.160315 0)
(0.536058 -0.18024 0)
(0.568993 -0.200268 0)
(0.599743 -0.219955 0)
(0.627694 -0.238834 0)
(0.652263 -0.256444 0)
(0.672926 -0.272373 0)
(0.689238 -0.286304 0)
(0.700865 -0.298057 0)
(0.707607 -0.307649 0)
(0.709448 -0.31535 0)
(0.706605 -0.321771 0)
(0.699735 -0.327974 0)
(0.690003 -0.33567 0)
(0.680775 -0.347441 0)
(0.675004 -0.366768 0)
(0.691623 -0.397925 0)
(0.725551 -0.446651 0)
(0.0546807 0.00972657 0)
(0.0915511 0.00782969 0)
(0.13398 -0.00144299 0)
(0.17631 -0.0103892 0)
(0.214302 -0.0186631 0)
(0.249314 -0.027255 0)
(0.283029 -0.0364841 0)
(0.316207 -0.046351 0)
(0.349158 -0.0569181 0)
(0.382087 -0.0683051 0)
(0.415106 -0.0806181 0)
(0.448206 -0.0939266 0)
(0.48126 -0.108261 0)
(0.514046 -0.123603 0)
(0.546259 -0.139876 0)
(0.577514 -0.156932 0)
(0.607356 -0.174552 0)
(0.635276 -0.192443 0)
(0.660729 -0.210248 0)
(0.683156 -0.227561 0)
(0.702007 -0.243946 0)
(0.716763 -0.258964 0)
(0.726959 -0.272211 0)
(0.732206 -0.28335 0)
(0.732206 -0.292159 0)
(0.726765 -0.298573 0)
(0.715804 -0.302739 0)
(0.69936 -0.305084 0)
(0.677578 -0.306421 0)
(0.650764 -0.308128 0)
(0.619293 -0.312571 0)
(0.58479 -0.32376 0)
(0.548167 -0.349854 0)
(0.534074 -0.405424 0)
(0.49927 -0.50527 0)
(0.302419 -0.0431224 0)
(0.325717 -0.0468423 0)
(0.352848 -0.0483797 0)
(0.384452 -0.0517248 0)
(0.415912 -0.0567365 0)
(0.446139 -0.0631718 0)
(0.47567 -0.0709078 0)
(0.504779 -0.0797962 0)
(0.533437 -0.0897177 0)
(0.561587 -0.100612 0)
(0.589153 -0.112445 0)
(0.615989 -0.125178 0)
(0.641868 -0.138742 0)
(0.666488 -0.153031 0)
(0.689489 -0.167888 0)
(0.710459 -0.183101 0)
(0.728945 -0.198399 0)
(0.744466 -0.213459 0)
(0.756534 -0.227912 0)
(0.764673 -0.24136 0)
(0.768443 -0.253399 0)
(0.767458 -0.263645 0)
(0.761411 -0.271764 0)
(0.750085 -0.27751 0)
(0.733368 -0.280758 0)
(0.711252 -0.281546 0)
(0.683818 -0.280109 0)
(0.651205 -0.276936 0)
(0.613528 -0.272836 0)
(0.570758 -0.269073 0)
(0.522367 -0.267677 0)
(0.467035 -0.271968 0)
(0.400098 -0.289112 0)
(0.315777 -0.332193 0)
(0.12726 -0.361829 0)
(0.588091 -0.0475101 0)
(0.597 -0.0580577 0)
(0.608162 -0.0653358 0)
(0.623342 -0.0721139 0)
(0.640583 -0.0792066 0)
(0.658502 -0.0867277 0)
(0.676732 -0.094848 0)
(0.695048 -0.103701 0)
(0.713123 -0.113312 0)
(0.73064 -0.123653 0)
(0.747312 -0.134676 0)
(0.76284 -0.146311 0)
(0.77689 -0.15845 0)
(0.789094 -0.170945 0)
(0.799054 -0.183599 0)
(0.806354 -0.196169 0)
(0.810564 -0.208367 0)
(0.811259 -0.219867 0)
(0.808034 -0.230319 0)
(0.800527 -0.239361 0)
(0.788437 -0.246649 0)
(0.771553 -0.251876 0)
(0.749761 -0.254805 0)
(0.723067 -0.255298 0)
(0.691592 -0.25334 0)
(0.655565 -0.249066 0)
(0.615288 -0.242774 0)
(0.57108 -0.234943 0)
(0.523168 -0.226249 0)
(0.471522 -0.217583 0)
(0.415535 -0.210117 0)
(0.353651 -0.205335 0)
(0.282069 -0.205443 0)
(0.19478 -0.210416 0)
(0.06077 -0.191912 0)
(0.795435 -0.0567932 0)
(0.800443 -0.0670276 0)
(0.805381 -0.0753128 0)
(0.81158 -0.0830156 0)
(0.818725 -0.0908178 0)
(0.826156 -0.0988304 0)
(0.833543 -0.10714 0)
(0.840663 -0.115847 0)
(0.847225 -0.124986 0)
(0.852894 -0.134528 0)
(0.857339 -0.144413 0)
(0.860225 -0.154554 0)
(0.8612 -0.164823 0)
(0.859899 -0.175052 0)
(0.855947 -0.185033 0)
(0.848974 -0.194519 0)
(0.838624 -0.203233 0)
(0.824573 -0.210877 0)
(0.806549 -0.217148 0)
(0.784355 -0.221755 0)
(0.757887 -0.22444 0)
(0.727154 -0.225007 0)
(0.692294 -0.223342 0)
(0.653568 -0.219432 0)
(0.611362 -0.21338 0)
(0.566151 -0.20541 0)
(0.51846 -0.195859 0)
(0.46879 -0.185154 0)
(0.417511 -0.173781 0)
(0.364719 -0.162229 0)
(0.310004 -0.150916 0)
(0.252232 -0.140077 0)
(0.189006 -0.129826 0)
(0.11823 -0.118409 0)
(0.0304645 -0.0895625 0)
(0.926048 -0.0596559 0)
(0.926347 -0.0691147 0)
(0.925797 -0.077641 0)
(0.925133 -0.0856363 0)
(0.924394 -0.093509 0)
(0.923245 -0.101383 0)
(0.921414 -0.109305 0)
(0.918697 -0.117324 0)
(0.914852 -0.125465 0)
(0.909593 -0.133699 0)
(0.902622 -0.141957 0)
(0.893642 -0.150138 0)
(0.882353 -0.158105 0)
(0.868456 -0.165687 0)
(0.851665 -0.172681 0)
(0.831718 -0.178864 0)
(0.808397 -0.183996 0)
(0.781546 -0.187836 0)
(0.75109 -0.190161 0)
(0.717055 -0.190778 0)
(0.679583 -0.189548 0)
(0.63894 -0.186404 0)
(0.595518 -0.181363 0)
(0.549822 -0.174535 0)
(0.502443 -0.166121 0)
(0.454024 -0.156401 0)
(0.4052 -0.145701 0)
(0.356536 -0.134356 0)
(0.308433 -0.122635 0)
(0.26102 -0.110652 0)
(0.214025 -0.0982472 0)
(0.166702 -0.0849476 0)
(0.117849 -0.0702723 0)
(0.0675159 -0.0536802 0)
(0.014455 -0.0322487 0)
(0.979437 -0.0579949 0)
(0.974873 -0.066408 0)
(0.969031 -0.0742981 0)
(0.962246 -0.0817024 0)
(0.954582 -0.0888326 0)
(0.94586 -0.0957954 0)
(0.935873 -0.102618 0)
(0.924443 -0.109317 0)
(0.911376 -0.115893 0)
(0.896449 -0.122309 0)
(0.879433 -0.128489 0)
(0.860108 -0.134328 0)
(0.83827 -0.139694 0)
(0.813737 -0.144432 0)
(0.786365 -0.148374 0)
(0.75606 -0.151342 0)
(0.722799 -0.153166 0)
(0.686641 -0.153691 0)
(0.647745 -0.152796 0)
(0.606376 -0.150404 0)
(0.562911 -0.146499 0)
(0.517827 -0.141133 0)
(0.471689 -0.134427 0)
(0.425123 -0.126572 0)
(0.378778 -0.117808 0)
(0.333282 -0.108405 0)
(0.2892 -0.0986221 0)
(0.246981 -0.0886511 0)
(0.206901 -0.0785344 0)
(0.168996 -0.0680557 0)
(0.133022 -0.0566686 0)
(0.0985287 -0.0436481 0)
(0.0651445 -0.0288054 0)
(0.0338297 -0.0136687 0)
(0.00580573 -0.00312672 0)
(0.955408 -0.0518075 0)
(0.94634 -0.0587384 0)
(0.935632 -0.0653106 0)
(0.923411 -0.0714551 0)
(0.909714 -0.0772493 0)
(0.894453 -0.0827524 0)
(0.877495 -0.087975 0)
(0.858717 -0.0929112 0)
(0.837994 -0.0975442 0)
(0.815197 -0.101833 0)
(0.790205 -0.105711 0)
(0.76292 -0.109089 0)
(0.73328 -0.111864 0)
(0.701267 -0.113925 0)
(0.666919 -0.115162 0)
(0.630342 -0.115471 0)
(0.591719 -0.114765 0)
(0.551317 -0.112986 0)
(0.509489 -0.110114 0)
(0.466667 -0.106173 0)
(0.423351 -0.101233 0)
(0.38009 -0.0954174 0)
(0.337448 -0.0888881 0)
(0.295983 -0.0818392 0)
(0.256205 -0.0744776 0)
(0.218552 -0.0669982 0)
(0.183366 -0.059548 0)
(0.15087 -0.0521667 0)
(0.121152 -0.0446996 0)
(0.0941517 -0.0367048 0)
(0.0696992 -0.0274717 0)
(0.0476773 -0.0163777 0)
(0.028282 -0.00385195 0)
(0.0125102 0.00711295 0)
(0.00133805 0.00900962 0)
(0.854864 -0.0415125 0)
(0.842063 -0.0466616 0)
(0.827368 -0.0514992 0)
(0.810828 -0.0559365 0)
(0.792481 -0.0599822 0)
(0.772313 -0.0636624 0)
(0.750284 -0.0669825 0)
(0.726367 -0.0699347 0)
(0.700548 -0.0725045 0)
(0.672825 -0.0746657 0)
(0.64322 -0.076377 0)
(0.611791 -0.0775876 0)
(0.578638 -0.0782422 0)
(0.54391 -0.0782878 0)
(0.507811 -0.0776791 0)
(0.470603 -0.0763848 0)
(0.432605 -0.0743936 0)
(0.394189 -0.0717192 0)
(0.355769 -0.0684033 0)
(0.317786 -0.0645168 0)
(0.280687 -0.0601568 0)
(0.244906 -0.0554418 0)
(0.210836 -0.0505032 0)
(0.17881 -0.0454758 0)
(0.14909 -0.0404849 0)
(0.121852 -0.0356305 0)
(0.0971982 -0.0309573 0)
(0.0751558 -0.0263998 0)
(0.0556982 -0.0217004 0)
(0.0387827 -0.016354 0)
(0.0244397 -0.00970842 0)
(0.0129064 -0.00142078 0)
(0.00465196 0.00763009 0)
(0.000144161 0.0141945 0)
(-0.000741656 0.0113946 0)
(0.681552 -0.0280934 0)
(0.666614 -0.0312818 0)
(0.649746 -0.0341723 0)
(0.631018 -0.0366996 0)
(0.61052 -0.0388602 0)
(0.58834 -0.0406749 0)
(0.564559 -0.0421592 0)
(0.539272 -0.0433206 0)
(0.51259 -0.0441625 0)
(0.48464 -0.0446827 0)
(0.455572 -0.0448724 0)
(0.42556 -0.0447187 0)
(0.394808 -0.0442093 0)
(0.36355 -0.0433365 0)
(0.332052 -0.0421 0)
(0.300603 -0.0405105 0)
(0.26951 -0.0385906 0)
(0.239089 -0.036376 0)
(0.209652 -0.0339149 0)
(0.181493 -0.0312657 0)
(0.154871 -0.0284939 0)
(0.130002 -0.0256677 0)
(0.107049 -0.0228544 0)
(0.0861147 -0.0201166 0)
(0.0672439 -0.0175072 0)
(0.0504299 -0.0150612 0)
(0.0356274 -0.012773 0)
(0.0227776 -0.0105511 0)
(0.0118513 -0.00815597 0)
(0.0029209 -0.00517771 0)
(-0.00374793 -0.0011556 0)
(-0.0076587 0.00402361 0)
(-0.00832133 0.00947841 0)
(-0.00586738 0.0126026 0)
(-0.00152212 0.00878669 0)
(0.44585 -0.0139498 0)
(0.431762 -0.0152711 0)
(0.416123 -0.0163587 0)
(0.399084 -0.0171965 0)
(0.380825 -0.0178018 0)
(0.361521 -0.0182055 0)
(0.34134 -0.0184336 0)
(0.320447 -0.0185035 0)
(0.299003 -0.0184275 0)
(0.277174 -0.0182137 0)
(0.255125 -0.0178668 0)
(0.233028 -0.0173895 0)
(0.21106 -0.0167855 0)
(0.189404 -0.0160607 0)
(0.168246 -0.0152245 0)
(0.147765 -0.0142897 0)
(0.128137 -0.0132732 0)
(0.109517 -0.0121946 0)
(0.0920448 -0.0110762 0)
(0.0758285 -0.00994122 0)
(0.0609473 -0.00881299 0)
(0.0474465 -0.0077132 0)
(0.035338 -0.00666207 0)
(0.0246026 -0.0056782 0)
(0.0151917 -0.00477802 0)
(0.00703208 -0.00397108 0)
(3.94997e-05 -0.00324766 0)
(-0.00585252 -0.0025511 0)
(-0.0106369 -0.00174216 0)
(-0.0141497 -0.00059166 0)
(-0.0159952 0.00114198 0)
(-0.0155834 0.00349799 0)
(-0.0124907 0.00593913 0)
(-0.00723858 0.00702893 0)
(-0.00155877 0.0045433 0)
(0.167101 -0.00238878 0)
(0.159106 -0.00247249 0)
(0.150526 -0.0024998 0)
(0.141508 -0.00247721 0)
(0.132191 -0.00242024 0)
(0.122694 -0.00234391 0)
(0.113115 -0.00225629 0)
(0.103535 -0.0021598 0)
(0.0940296 -0.00205462 0)
(0.0846658 -0.00194055 0)
(0.075508 -0.00181747 0)
(0.0666178 -0.00168592 0)
(0.0580545 -0.00154726 0)
(0.0498746 -0.00140344 0)
(0.0421299 -0.00125653 0)
(0.0348662 -0.00110868 0)
(0.0281216 -0.000961966 0)
(0.0219252 -0.000818593 0)
(0.0162958 -0.000680681 0)
(0.0112416 -0.000550334 0)
(0.00675966 -0.000429309 0)
(0.00283646 -0.000318938 0)
(-0.000551683 -0.000220159 0)
(-0.00343762 -0.000134643 0)
(-0.00586284 -6.47012e-05 0)
(-0.00787693 -1.2314e-05 0)
(-0.00953197 2.30697e-05 0)
(-0.0108658 4.95133e-05 0)
(-0.0118663 9.07012e-05 0)
(-0.0124146 0.000190526 0)
(-0.0122317 0.000403749 0)
(-0.0109084 0.000758725 0)
(-0.00816532 0.001183 0)
(-0.00442996 0.00138992 0)
(-0.000968526 0.000951761 0)
(0.256538 -0.00562617 0)
(0.280715 -0.00335928 0)
(0.299267 -0.000913847 0)
(0.311676 0.00141694 0)
(0.318026 0.00342814 0)
(0.318754 0.0050084 0)
(0.3146 0.00606907 0)
(0.306666 0.00657872 0)
(0.29598 0.0066159 0)
(0.283468 0.00631429 0)
(0.47657 -0.0472885 0)
(0.520297 -0.0391618 0)
(0.557597 -0.0297092 0)
(0.587684 -0.0198159 0)
(0.610378 -0.0102203 0)
(0.625967 -0.00141892 0)
(0.634986 0.00624386 0)
(0.637751 0.0125039 0)
(0.634974 0.0172781 0)
(0.627475 0.0206386 0)
(0.617862 -0.0979567 0)
(0.665957 -0.0841491 0)
(0.707424 -0.0680543 0)
(0.741724 -0.0511922 0)
(0.769052 -0.034732 0)
(0.789903 -0.0194121 0)
(0.804802 -0.00568642 0)
(0.814461 0.00621169 0)
(0.819337 0.0161683 0)
(0.819922 0.0242063 0)
(0.73347 -0.148887 0)
(0.779929 -0.128667 0)
(0.819046 -0.105484 0)
(0.850658 -0.0817132 0)
(0.875514 -0.0588358 0)
(0.894464 -0.0376688 0)
(0.908237 -0.0187457 0)
(0.917556 -0.00234209 0)
(0.923185 0.0115348 0)
(0.925711 0.0230236 0)
(0.822799 -0.19711 0)
(0.865503 -0.169402 0)
(0.899878 -0.138388 0)
(0.9262 -0.107613 0)
(0.945801 -0.0786382 0)
(0.959774 -0.0522129 0)
(0.969022 -0.0288788 0)
(0.974517 -0.00886529 0)
(0.977217 0.00793538 0)
(0.977852 0.0218124 0)
(0.877624 -0.241386 0)
(0.917584 -0.205568 0)
(0.946263 -0.166218 0)
(0.96456 -0.12808 0)
(0.975168 -0.092696 0)
(0.980063 -0.0610155 0)
(0.980906 -0.0337325 0)
(0.979322 -0.0109219 0)
(0.976588 0.00782662 0)
(0.973363 0.0230881 0)
(0.895316 -0.280149 0)
(0.933282 -0.234822 0)
(0.948923 -0.185819 0)
(0.947849 -0.138751 0)
(0.938314 -0.0959702 0)
(0.925247 -0.0593042 0)
(0.911755 -0.0294196 0)
(0.899968 -0.00570177 0)
(0.89067 0.0130546 0)
(0.883803 0.0279852 0)
(0.871775 -0.318685 0)
(0.886224 -0.250624 0)
(0.857166 -0.182313 0)
(0.812425 -0.122117 0)
(0.770065 -0.0734307 0)
(0.735269 -0.0368621 0)
(0.709298 -0.0103661 0)
(0.691983 0.00894152 0)
(0.682545 0.0233292 0)
(0.679093 0.0347742 0)
(0.767209 -0.358644 0)
(0.685292 -0.225172 0)
(0.567948 -0.122672 0)
(0.48084 -0.0552998 0)
(0.427121 -0.0149576 0)
(0.395599 0.00671751 0)
(0.380494 0.0176563 0)
(0.378174 0.0234561 0)
(0.384615 0.0273359 0)
(0.39588 0.0320204 0)
(0.449326 -0.282744 0)
(0.22682 -0.0730541 0)
(0.0905796 0.0044574 0)
(0.0688683 0.0159412 0)
(0.0709556 0.0143478 0)
(0.0765252 0.011477 0)
(0.0862587 0.00918766 0)
(0.0992193 0.00788123 0)
(0.114204 0.00806815 0)
(0.129262 0.0153965 0)
(0.269921 0.0058057 0)
(0.255968 0.00519632 0)
(0.242076 0.00456516 0)
(0.228565 0.00396837 0)
(0.215627 0.00344101 0)
(0.203355 0.00299832 0)
(0.191769 0.00263986 0)
(0.180846 0.0023564 0)
(0.170539 0.00213512 0)
(0.16079 0.00196274 0)
(0.151539 0.00182683 0)
(0.142728 0.00171703 0)
(0.134305 0.00162531 0)
(0.126226 0.00154602 0)
(0.118454 0.00147514 0)
(0.11096 0.00141 0)
(0.10372 0.00134865 0)
(0.0967172 0.00128971 0)
(0.0899404 0.00123206 0)
(0.0833825 0.00117482 0)
(0.077041 0.00111728 0)
(0.0709171 0.00105899 0)
(0.0650145 0.00099968 0)
(0.0593392 0.000939284 0)
(0.0538986 0.000877889 0)
(0.0487004 0.000815722 0)
(0.0437527 0.000753118 0)
(0.0390628 0.000690508 0)
(0.0346367 0.000628412 0)
(0.0304791 0.000567398 0)
(0.0265925 0.000508055 0)
(0.0229775 0.000450951 0)
(0.0196321 0.000396586 0)
(0.016552 0.000345384 0)
(0.0137309 0.000297626 0)
(0.616095 0.0227527 0)
(0.601659 0.0238307 0)
(0.58493 0.0240983 0)
(0.566587 0.0237796 0)
(0.547193 0.0230781 0)
(0.527196 0.0221596 0)
(0.506934 0.0211458 0)
(0.486655 0.0201202 0)
(0.466531 0.0191358 0)
(0.446672 0.0182232 0)
(0.427145 0.0173952 0)
(0.407978 0.0166534 0)
(0.389181 0.0159923 0)
(0.370749 0.0154025 0)
(0.352666 0.0148731 0)
(0.334918 0.0143924 0)
(0.31749 0.013949 0)
(0.300368 0.0135323 0)
(0.283548 0.0131323 0)
(0.267029 0.0127401 0)
(0.250818 0.0123479 0)
(0.234929 0.0119491 0)
(0.219381 0.0115386 0)
(0.204201 0.0111126 0)
(0.189419 0.0106688 0)
(0.175068 0.0102062 0)
(0.161183 0.00972521 0)
(0.147801 0.00922739 0)
(0.134955 0.00871541 0)
(0.122679 0.00819279 0)
(0.110999 0.00766376 0)
(0.0999386 0.00713297 0)
(0.0895156 0.00660536 0)
(0.0797401 0.00608581 0)
(0.0706157 0.00557909 0)
(0.816689 0.0304426 0)
(0.810098 0.0350523 0)
(0.800605 0.0382532 0)
(0.788648 0.0402948 0)
(0.774623 0.0414304 0)
(0.758878 0.0418878 0)
(0.741713 0.0418555 0)
(0.723394 0.0414856 0)
(0.704145 0.0408985 0)
(0.684151 0.0401858 0)
(0.663563 0.0394132 0)
(0.642501 0.0386257 0)
(0.62106 0.0378517 0)
(0.599314 0.037107 0)
(0.577321 0.0363976 0)
(0.55513 0.0357221 0)
(0.532778 0.0350741 0)
(0.510302 0.0344434 0)
(0.487737 0.0338179 0)
(0.465118 0.033184 0)
(0.442486 0.0325281 0)
(0.419885 0.0318372 0)
(0.397367 0.0310996 0)
(0.374988 0.0303053 0)
(0.352814 0.0294468 0)
(0.330913 0.028519 0)
(0.30936 0.0275201 0)
(0.288232 0.0264508 0)
(0.267608 0.025315 0)
(0.247566 0.0241194 0)
(0.228182 0.0228732 0)
(0.209525 0.0215879 0)
(0.191658 0.0202763 0)
(0.174634 0.0189526 0)
(0.158494 0.0176315 0)
(0.925573 0.0323249 0)
(0.923116 0.0396639 0)
(0.91863 0.045301 0)
(0.912349 0.0495314 0)
(0.904437 0.0526451 0)
(0.895002 0.0548879 0)
(0.884138 0.0564584 0)
(0.87193 0.0575194 0)
(0.858464 0.0582039 0)
(0.843818 0.0586169 0)
(0.828062 0.0588383 0)
(0.811263 0.0589274 0)
(0.79348 0.0589275 0)
(0.774769 0.0588681 0)
(0.75518 0.0587671 0)
(0.734758 0.0586326 0)
(0.713549 0.0584648 0)
(0.691595 0.0582575 0)
(0.66894 0.0579996 0)
(0.645632 0.0576765 0)
(0.621723 0.0572713 0)
(0.59727 0.056766 0)
(0.57234 0.0561429 0)
(0.547006 0.0553852 0)
(0.521352 0.0544782 0)
(0.495471 0.0534105 0)
(0.469465 0.0521741 0)
(0.443446 0.0507657 0)
(0.417533 0.0491868 0)
(0.391847 0.0474442 0)
(0.366517 0.0455496 0)
(0.341668 0.0435203 0)
(0.317422 0.0413776 0)
(0.293895 0.0391468 0)
(0.271192 0.0368563 0)
(0.976885 0.0330829 0)
(0.974657 0.0420488 0)
(0.971455 0.0490629 0)
(0.967464 0.0545351 0)
(0.96274 0.058838 0)
(0.957257 0.0622528 0)
(0.95097 0.0649891 0)
(0.943839 0.0672152 0)
(0.935827 0.0690658 0)
(0.926893 0.0706428 0)
(0.917001 0.072021 0)
(0.906123 0.0732551 0)
(0.894232 0.0743841 0)
(0.881308 0.0754344 0)
(0.867331 0.0764215 0)
(0.852285 0.0773511 0)
(0.836159 0.078221 0)
(0.818945 0.0790215 0)
(0.800641 0.079737 0)
(0.781252 0.0803468 0)
(0.760789 0.0808266 0)
(0.739275 0.0811497 0)
(0.716742 0.0812881 0)
(0.693235 0.0812139 0)
(0.668813 0.0809007 0)
(0.643549 0.0803245 0)
(0.61753 0.0794653 0)
(0.590862 0.0783079 0)
(0.563663 0.0768437 0)
(0.536069 0.075071 0)
(0.508226 0.0729962 0)
(0.480292 0.0706342 0)
(0.452432 0.068008 0)
(0.424812 0.0651489 0)
(0.397598 0.0620952 0)
(0.969925 0.0353312 0)
(0.966472 0.0449148 0)
(0.963223 0.052316 0)
(0.96027 0.0581098 0)
(0.957505 0.0627674 0)
(0.954741 0.0666007 0)
(0.951829 0.0698275 0)
(0.948654 0.0726205 0)
(0.94511 0.075115 0)
(0.941094 0.0774103 0)
(0.936512 0.079578 0)
(0.931283 0.081669 0)
(0.925331 0.0837184 0)
(0.918584 0.0857476 0)
(0.910973 0.0877672 0)
(0.902428 0.0897782 0)
(0.892887 0.0917731 0)
(0.882285 0.0937366 0)
(0.870564 0.0956465 0)
(0.857672 0.0974741 0)
(0.84356 0.0991858 0)
(0.82819 0.100744 0)
(0.811534 0.102107 0)
(0.793573 0.103234 0)
(0.774305 0.104081 0)
(0.753742 0.104606 0)
(0.731914 0.104771 0)
(0.708872 0.104542 0)
(0.684688 0.103889 0)
(0.659455 0.102793 0)
(0.633291 0.101241 0)
(0.606332 0.0992345 0)
(0.578736 0.0967839 0)
(0.550679 0.0939134 0)
(0.522347 0.0906595 0)
(0.878915 0.0396875 0)
(0.875724 0.0484469 0)
(0.874232 0.0549745 0)
(0.874265 0.0600823 0)
(0.875356 0.0642878 0)
(0.877041 0.0678708 0)
(0.879016 0.0710247 0)
(0.881083 0.0739008 0)
(0.883078 0.0766084 0)
(0.884858 0.0792255 0)
(0.886308 0.0818116 0)
(0.887331 0.0844121 0)
(0.887846 0.087059 0)
(0.887775 0.0897717 0)
(0.887041 0.0925592 0)
(0.88557 0.0954213 0)
(0.883284 0.0983495 0)
(0.880103 0.101327 0)
(0.875947 0.10433 0)
(0.870735 0.107327 0)
(0.864385 0.110279 0)
(0.856818 0.113143 0)
(0.847958 0.115868 0)
(0.837736 0.118401 0)
(0.826089 0.120687 0)
(0.812966 0.122666 0)
(0.798329 0.124281 0)
(0.782156 0.125476 0)
(0.764447 0.126199 0)
(0.745222 0.126404 0)
(0.724529 0.126053 0)
(0.702441 0.125121 0)
(0.67906 0.123594 0)
(0.654515 0.121473 0)
(0.62896 0.118777 0)
(0.679455 0.0437119 0)
(0.682616 0.0496578 0)
(0.688632 0.053726 0)
(0.696951 0.0570745 0)
(0.706556 0.0601307 0)
(0.71671 0.0630058 0)
(0.727041 0.0657923 0)
(0.73733 0.0685655 0)
(0.747404 0.0713629 0)
(0.757136 0.0742072 0)
(0.766442 0.0771237 0)
(0.77526 0.0801392 0)
(0.783539 0.0832762 0)
(0.791232 0.0865501 0)
(0.798294 0.0899693 0)
(0.804679 0.0935351 0)
(0.810334 0.0972417 0)
(0.815198 0.101076 0)
(0.819207 0.105017 0)
(0.822287 0.109038 0)
(0.824361 0.113102 0)
(0.825343 0.117167 0)
(0.825148 0.121183 0)
(0.823684 0.125095 0)
(0.82086 0.128841 0)
(0.816589 0.132354 0)
(0.810785 0.135566 0)
(0.803373 0.138406 0)
(0.794287 0.140801 0)
(0.783481 0.142684 0)
(0.770925 0.143992 0)
(0.756615 0.144669 0)
(0.740573 0.144673 0)
(0.722851 0.143974 0)
(0.703534 0.14256 0)
(0.409172 0.0370722 0)
(0.423584 0.039594 0)
(0.441505 0.0411054 0)
(0.461852 0.0429148 0)
(0.482646 0.0451828 0)
(0.503052 0.0477824 0)
(0.52292 0.0506445 0)
(0.542184 0.0537196 0)
(0.560778 0.0569552 0)
(0.578683 0.0603178 0)
(0.595913 0.0638001 0)
(0.612487 0.0674114 0)
(0.628414 0.0711668 0)
(0.6437 0.0750815 0)
(0.658344 0.079168 0)
(0.672339 0.0834337 0)
(0.685666 0.0878798 0)
(0.698298 0.0925012 0)
(0.710193 0.0972857 0)
(0.721302 0.102214 0)
(0.731563 0.10726 0)
(0.740907 0.112388 0)
(0.749254 0.117556 0)
(0.756517 0.122713 0)
(0.7626 0.127803 0)
(0.767403 0.13276 0)
(0.770822 0.137513 0)
(0.772752 0.141986 0)
(0.77309 0.1461 0)
(0.77174 0.149771 0)
(0.768617 0.15292 0)
(0.76365 0.15547 0)
(0.756789 0.157349 0)
(0.748005 0.158501 0)
(0.737301 0.15888 0)
(0.159441 0.0193243 0)
(0.185403 0.0159206 0)
(0.214132 0.01502 0)
(0.243749 0.0165133 0)
(0.271707 0.0193113 0)
(0.29787 0.0228322 0)
(0.322759 0.0267351 0)
(0.346644 0.0308108 0)
(0.369644 0.034962 0)
(0.39188 0.0391608 0)
(0.413466 0.0434116 0)
(0.434483 0.0477345 0)
(0.454984 0.0521571 0)
(0.475007 0.0567087 0)
(0.494579 0.0614154 0)
(0.513713 0.0662975 0)
(0.532412 0.0713685 0)
(0.550662 0.0766351 0)
(0.568438 0.082097 0)
(0.585705 0.0877472 0)
(0.602415 0.0935706 0)
(0.618508 0.0995442 0)
(0.633912 0.105637 0)
(0.648547 0.111807 0)
(0.662318 0.118008 0)
(0.675123 0.124182 0)
(0.686851 0.130263 0)
(0.697383 0.136179 0)
(0.706597 0.141849 0)
(0.714369 0.147189 0)
(0.720577 0.152109 0)
(0.725104 0.156521 0)
(0.727844 0.160336 0)
(0.728705 0.163476 0)
(0.727617 0.165868 0)
(0.0268733 -0.01789 0)
(0.0480302 -0.0226559 0)
(0.0748806 -0.0190218 0)
(0.101812 -0.0140384 0)
(0.126419 -0.00883686 0)
(0.149362 -0.00351604 0)
(0.171414 0.00173514 0)
(0.192894 0.00679818 0)
(0.213967 0.0116867 0)
(0.23476 0.0164626 0)
(0.255369 0.0211838 0)
(0.275857 0.0259007 0)
(0.296266 0.030663 0)
(0.316628 0.0355172 0)
(0.336965 0.0405038 0)
(0.357291 0.0456554 0)
(0.377606 0.0509972 0)
(0.397901 0.0565477 0)
(0.418156 0.0623188 0)
(0.438342 0.0683153 0)
(0.458417 0.0745348 0)
(0.478328 0.0809664 0)
(0.49801 0.0875907 0)
(0.517385 0.0943796 0)
(0.536366 0.101296 0)
(0.554849 0.108293 0)
(0.572722 0.115316 0)
(0.589861 0.122299 0)
(0.606135 0.129169 0)
(0.621405 0.135842 0)
(0.635528 0.142232 0)
(0.648359 0.148244 0)
(0.659755 0.153785 0)
(0.669581 0.15876 0)
(0.67771 0.163083 0)
(0.000724427 -0.0307534 0)
(0.00433508 -0.0418053 0)
(0.016151 -0.039034 0)
(0.0305505 -0.03384 0)
(0.0451755 -0.0281537 0)
(0.0598299 -0.0224355 0)
(0.074649 -0.0169738 0)
(0.0896828 -0.011847 0)
(0.104958 -0.00698916 0)
(0.120529 -0.00230902 0)
(0.136456 0.00226595 0)
(0.15277 0.00679786 0)
(0.169502 0.0113492 0)
(0.186659 0.0159787 0)
(0.204249 0.0207339 0)
(0.222279 0.0256531 0)
(0.240749 0.0307682 0)
(0.259657 0.0361052 0)
(0.278989 0.0416852 0)
(0.298727 0.0475234 0)
(0.318842 0.0536281 0)
(0.339294 0.06 0)
(0.360033 0.0666317 0)
(0.380994 0.0735074 0)
(0.402101 0.0806029 0)
(0.423263 0.0878846 0)
(0.444375 0.095309 0)
(0.465323 0.102822 0)
(0.485977 0.11036 0)
(0.506198 0.117849 0)
(0.525838 0.125206 0)
(0.544744 0.13234 0)
(0.562756 0.139157 0)
(0.579714 0.145561 0)
(0.59546 0.151456 0)
(-0.00192031 -0.0282328 0)
(-0.00634165 -0.0439226 0)
(-0.00599277 -0.0453527 0)
(-0.00260646 -0.0422224 0)
(0.00248515 -0.0376348 0)
(0.00873666 -0.032715 0)
(0.0159416 -0.0279318 0)
(0.0239802 -0.0234173 0)
(0.0327835 -0.0191486 0)
(0.0423198 -0.0150639 0)
(0.0525733 -0.0110975 0)
(0.0635364 -0.00718386 0)
(0.0751931 -0.00325794 0)
(0.0875667 0.000739337 0)
(0.100673 0.00485403 0)
(0.114528 0.00912725 0)
(0.129139 0.0135955 0)
(0.144515 0.0182894 0)
(0.160661 0.0232357 0)
(0.177577 0.0284569 0)
(0.195256 0.0339701 0)
(0.213683 0.0397867 0)
(0.23283 0.0459106 0)
(0.25266 0.0523385 0)
(0.273121 0.0590594 0)
(0.294149 0.0660541 0)
(0.315663 0.0732934 0)
(0.33757 0.080737 0)
(0.35976 0.0883334 0)
(0.382115 0.0960201 0)
(0.4045 0.103724 0)
(0.426772 0.111364 0)
(0.44878 0.118851 0)
(0.470363 0.126092 0)
(0.491355 0.132993 0)
(-0.001862 -0.0222585 0)
(-0.00890651 -0.0387714 0)
(-0.0144507 -0.0431486 0)
(-0.0180365 -0.0422553 0)
(-0.0198354 -0.0393045 0)
(-0.0201802 -0.0357049 0)
(-0.0192819 -0.0320465 0)
(-0.0172827 -0.0285294 0)
(-0.0142787 -0.025181 0)
(-0.010332 -0.0219687 0)
(-0.0054824 -0.0188423 0)
(0.000244535 -0.01575 0)
(0.00683081 -0.0126436 0)
(0.0142737 -0.00947681 0)
(0.0225815 -0.0062065 0)
(0.0317569 -0.002795 0)
(0.0418297 0.000794231 0)
(0.0528266 0.00459255 0)
(0.0647698 0.00863027 0)
(0.0776855 0.0129336 0)
(0.0915932 0.0175286 0)
(0.106502 0.0224367 0)
(0.122415 0.0276698 0)
(0.139324 0.0332358 0)
(0.157212 0.0391366 0)
(0.17605 0.0453675 0)
(0.195791 0.0519146 0)
(0.216374 0.0587522 0)
(0.237724 0.0658426 0)
(0.259754 0.0731369 0)
(0.282362 0.080575 0)
(0.305434 0.0880865 0)
(0.328844 0.0955931 0)
(0.352456 0.103011 0)
(0.376122 0.110254 0)
(-0.0016548 -0.0166316 0)
(-0.00925056 -0.0311005 0)
(-0.0174325 -0.0364142 0)
(-0.0248442 -0.0370241 0)
(-0.0309557 -0.0355407 0)
(-0.0358017 -0.0332733 0)
(-0.0394802 -0.0308142 0)
(-0.0420838 -0.0283892 0)
(-0.0436886 -0.0260557 0)
(-0.0443512 -0.0238042 0)
(-0.0441096 -0.0216021 0)
(-0.0429865 -0.0194116 0)
(-0.0409916 -0.0171962 0)
(-0.0381229 -0.0149212 0)
(-0.0343689 -0.0125528 0)
(-0.0297112 -0.010062 0)
(-0.0241249 -0.00742107 0)
(-0.0175805 -0.00460166 0)
(-0.0100505 -0.00157663 0)
(-0.00149387 0.00168308 0)
(0.00811782 0.00520849 0)
(0.0188225 0.00902391 0)
(0.030662 0.0131472 0)
(0.0436646 0.0175962 0)
(0.0578492 0.0223841 0)
(0.0732221 0.0275211 0)
(0.0897739 0.0330107 0)
(0.107479 0.0388418 0)
(0.1263 0.0449881 0)
(0.146188 0.051414 0)
(0.167081 0.0580734 0)
(0.188903 0.0649087 0)
(0.211566 0.0718534 0)
(0.23497 0.0788356 0)
(0.259003 0.0857804 0)
(-0.00141147 -0.0114798 0)
(-0.00866079 -0.0226811 0)
(-0.0175708 -0.0276245 0)
(-0.0265953 -0.0289337 0)
(-0.0349023 -0.0284652 0)
(-0.0423216 -0.0272616 0)
(-0.0488413 -0.0258286 0)
(-0.054491 -0.0243732 0)
(-0.0593105 -0.0229585 0)
(-0.0633344 -0.0215869 0)
(-0.0665874 -0.0202401 0)
(-0.0690824 -0.0188928 0)
(-0.0708213 -0.0175196 0)
(-0.0717957 -0.0160948 0)
(-0.0719876 -0.0145941 0)
(-0.0713706 -0.0129947 0)
(-0.0699116 -0.0112745 0)
(-0.0675714 -0.00940995 0)
(-0.0643054 -0.00737865 0)
(-0.0600639 -0.00515696 0)
(-0.0547958 -0.00272184 0)
(-0.0484504 -4.79403e-05 0)
(-0.0409779 0.00289199 0)
(-0.0323346 0.00612293 0)
(-0.022468 0.00966276 0)
(-0.0113324 0.013531 0)
(0.00112096 0.0177434 0)
(0.0149233 0.0223043 0)
(0.0300724 0.0272025 0)
(0.0465552 0.0324164 0)
(0.0643476 0.0379122 0)
(0.0834097 0.0436452 0)
(0.103692 0.0495617 0)
(0.125137 0.0556035 0)
(0.147675 0.0617074 0)
(-0.00113069 -0.00695865 0)
(-0.00740652 -0.0146079 0)
(-0.0157373 -0.0184787 0)
(-0.0247281 -0.0198569 0)
(-0.033496 -0.0199226 0)
(-0.0417677 -0.0194168 0)
(-0.049461 -0.0187179 0)
(-0.0565604 -0.017986 0)
(-0.0630765 -0.0172728 0)
(-0.0690253 -0.0165838 0)
(-0.0744184 -0.0159081 0)
(-0.0792597 -0.0152306 0)
(-0.0835448 -0.0145347 0)
(-0.087261 -0.0138045 0)
(-0.0903869 -0.0130237 0)
(-0.092894 -0.0121769 0)
(-0.0947462 -0.0112484 0)
(-0.0959008 -0.0102216 0)
(-0.0963084 -0.00907903 0)
(-0.0959134 -0.00780109 0)
(-0.0946548 -0.00636668 0)
(-0.0924673 -0.00475256 0)
(-0.0892793 -0.0029351 0)
(-0.085013 -0.000891251 0)
(-0.0796013 0.00140209 0)
(-0.0729767 0.00396698 0)
(-0.0650706 0.00681964 0)
(-0.0558165 0.00997677 0)
(-0.0451526 0.0134498 0)
(-0.0330283 0.0172339 0)
(-0.0194082 0.0213113 0)
(-0.00427618 0.0256489 0)
(0.0123542 0.0301979 0)
(0.0304551 0.0349132 0)
(0.0499868 0.0397483 0)
(-0.000796624 -0.00335941 0)
(-0.00556925 -0.00775151 0)
(-0.0123476 -0.0102603 0)
(-0.0200307 -0.011294 0)
(-0.027823 -0.0115084 0)
(-0.0354231 -0.0113629 0)
(-0.0427216 -0.0110982 0)
(-0.049686 -0.0108159 0)
(-0.0563155 -0.0105475 0)
(-0.0626174 -0.0102958 0)
(-0.0685981 -0.010054 0)
(-0.0742584 -0.00981343 0)
(-0.0795932 -0.00956522 0)
(-0.0845912 -0.00930071 0)
(-0.0892343 -0.00901095 0)
(-0.0934984 -0.00868731 0)
(-0.0973532 -0.00832045 0)
(-0.100762 -0.00790065 0)
(-0.10368 -0.00741703 0)
(-0.106058 -0.00685758 0)
(-0.107836 -0.00620856 0)
(-0.108949 -0.00545455 0)
(-0.109322 -0.00457813 0)
(-0.108873 -0.00356037 0)
(-0.107514 -0.00238067 0)
(-0.105148 -0.00101893 0)
(-0.101682 0.000545893 0)
(-0.0970224 0.00233369 0)
(-0.0910713 0.00435812 0)
(-0.0837338 0.00662514 0)
(-0.074925 0.00913326 0)
(-0.0645733 0.0118707 0)
(-0.0526252 0.0148176 0)
(-0.0390434 0.0179482 0)
(-0.0238163 0.0212285 0)
(-0.000402251 -0.000994345 0)
(-0.00328476 -0.00284808 0)
(-0.00780843 -0.00403858 0)
(-0.0131988 -0.00455655 0)
(-0.0188262 -0.00469557 0)
(-0.024426 -0.00467582 0)
(-0.0299044 -0.00461032 0)
(-0.0352375 -0.00454383 0)
(-0.0404277 -0.00448826 0)
(-0.0454837 -0.00444288 0)
(-0.050412 -0.00440426 0)
(-0.0552155 -0.00436852 0)
(-0.0598932 -0.00433275 0)
(-0.0644396 -0.00429382 0)
(-0.0688454 -0.00424901 0)
(-0.0730969 -0.00419513 0)
(-0.077176 -0.00412886 0)
(-0.0810598 -0.0040462 0)
(-0.0847197 -0.00394249 0)
(-0.088121 -0.00381223 0)
(-0.0912219 -0.00364889 0)
(-0.0939729 -0.00344498 0)
(-0.0963157 -0.00319167 0)
(-0.0981831 -0.0028789 0)
(-0.099498 -0.00249532 0)
(-0.100174 -0.00202802 0)
(-0.100115 -0.00146275 0)
(-0.0992144 -0.000785658 0)
(-0.0973612 1.55068e-05 0)
(-0.094446 0.00095115 0)
(-0.0903573 0.00202584 0)
(-0.0849874 0.00324035 0)
(-0.0782405 0.00458994 0)
(-0.0700341 0.00606808 0)
(-0.0602998 0.0076636 0)
(-2.40413e-05 -1.16414e-05 0)
(-0.000933329 -0.000280549 0)
(-0.00272363 -0.000462932 0)
(-0.0049986 -0.000529864 0)
(-0.0074214 -0.000545109 0)
(-0.0098538 -0.000544487 0)
(-0.0122572 -0.000543358 0)
(-0.0146293 -0.000546539 0)
(-0.016978 -0.000554294 0)
(-0.019311 -0.000565608 0)
(-0.0216333 -0.000579455 0)
(-0.0239476 -0.000594693 0)
(-0.0262539 -0.000610377 0)
(-0.0285507 -0.000625701 0)
(-0.030835 -0.000639776 0)
(-0.0331021 -0.00065195 0)
(-0.0353457 -0.000661465 0)
(-0.0375581 -0.000667591 0)
(-0.0397295 -0.000669654 0)
(-0.0418481 -0.000667135 0)
(-0.0438989 -0.000659898 0)
(-0.0458642 -0.000648118 0)
(-0.047722 -0.00063188 0)
(-0.0494457 -0.000611293 0)
(-0.0510029 -0.000586083 0)
(-0.0523549 -0.000555558 0)
(-0.0534553 -0.000518281 0)
(-0.0542495 -0.000471201 0)
(-0.0546742 -0.000409342 0)
(-0.0546562 -0.000328228 0)
(-0.0541166 -0.000223686 0)
(-0.0529763 -9.11727e-05 0)
(-0.0511526 7.33367e-05 0)
(-0.0485637 0.000272244 0)
(-0.0451305 0.000504732 0)
(0.0111599 0.000253487 0)
(0.0088286 0.000212979 0)
(0.00672465 0.000176271 0)
(0.0048332 0.000144041 0)
(0.00313428 0.000119 0)
(0.0015985 0.00010941 0)
(0.000175077 0.000131924 0)
(-0.00130454 0.000212595 0)
(-0.00340565 0.000480103 0)
(-0.00635827 0.00126531 0)
(0.0621383 0.00508964 0)
(0.0542969 0.00462171 0)
(0.047073 0.00418001 0)
(0.0404397 0.00377197 0)
(0.0343598 0.00341361 0)
(0.028782 0.00314291 0)
(0.0236367 0.00303952 0)
(0.0187431 0.00326206 0)
(0.0135279 0.00404811 0)
(0.00733225 0.00567486 0)
(0.143269 0.0163276 0)
(0.128973 0.0150557 0)
(0.115609 0.0138314 0)
(0.103163 0.0126739 0)
(0.0916082 0.0116126 0)
(0.0809022 0.0107044 0)
(0.0710098 0.0100538 0)
(0.0618392 0.00986269 0)
(0.0531246 0.0103621 0)
(0.0432975 0.0122716 0)
(0.249405 0.0345361 0)
(0.228608 0.0322181 0)
(0.208857 0.0299355 0)
(0.19019 0.027725 0)
(0.172624 0.0256319 0)
(0.15616 0.023723 0)
(0.140823 0.022096 0)
(0.126577 0.0209437 0)
(0.113682 0.0203619 0)
(0.0987904 0.0217085 0)
(0.370948 0.0588916 0)
(0.345011 0.0555876 0)
(0.319917 0.0522368 0)
(0.295778 0.0488973 0)
(0.272692 0.0456325 0)
(0.250727 0.0425211 0)
(0.229999 0.0396441 0)
(0.210443 0.0371825 0)
(0.193078 0.0350096 0)
(0.17189 0.0348914 0)
(0.493935 0.08707 0)
(0.465639 0.0832036 0)
(0.437652 0.0791276 0)
(0.410159 0.0749174 0)
(0.383336 0.0706532 0)
(0.357326 0.0664269 0)
(0.332363 0.0623097 0)
(0.308272 0.0584886 0)
(0.28703 0.0546615 0)
(0.259342 0.0523902 0)
(0.602573 0.115541 0)
(0.57555 0.111816 0)
(0.5481 0.107667 0)
(0.520437 0.103173 0)
(0.492787 0.0984225 0)
(0.465338 0.0935151 0)
(0.438438 0.0885181 0)
(0.411747 0.0836244 0)
(0.388248 0.0785206 0)
(0.355412 0.0738689 0)
(0.682734 0.140438 0)
(0.660596 0.137636 0)
(0.637291 0.134201 0)
(0.613011 0.130198 0)
(0.587978 0.125706 0)
(0.562373 0.12082 0)
(0.536611 0.115609 0)
(0.510172 0.110239 0)
(0.486843 0.104576 0)
(0.451778 0.0978952 0)
(0.724706 0.158461 0)
(0.710285 0.157238 0)
(0.694134 0.155228 0)
(0.676377 0.152469 0)
(0.657183 0.149018 0)
(0.636676 0.144952 0)
(0.615273 0.140337 0)
(0.592296 0.135275 0)
(0.571891 0.129941 0)
(0.538583 0.122115 0)
(0.724529 0.167458 0)
(0.719422 0.168209 0)
(0.712304 0.168103 0)
(0.703211 0.167149 0)
(0.692227 0.165373 0)
(0.679392 0.162822 0)
(0.665051 0.159564 0)
(0.648455 0.155604 0)
(0.63349 0.151458 0)
(0.606176 0.143704 0)
(0.684029 0.166678 0)
(0.688445 0.169481 0)
(0.690887 0.17145 0)
(0.691302 0.172561 0)
(0.689683 0.172816 0)
(0.685979 0.172229 0)
(0.68041 0.170869 0)
(0.672278 0.168642 0)
(0.664563 0.166335 0)
(0.646891 0.159946 0)
(0.609839 0.156755 0)
(0.622707 0.16138 0)
(0.63393 0.165269 0)
(0.643388 0.168378 0)
(0.650988 0.170688 0)
(0.656607 0.172188 0)
(0.660305 0.172947 0)
(0.661565 0.172801 0)
(0.661936 0.172661 0)
(0.656307 0.168734 0)
(0.51159 0.139463 0)
(0.530898 0.145421 0)
(0.549113 0.150795 0)
(0.56607 0.155532 0)
(0.581617 0.159602 0)
(0.595589 0.16298 0)
(0.607878 0.165732 0)
(0.618258 0.167679 0)
(0.626538 0.169676 0)
(0.63377 0.168909 0)
(0.399688 0.117237 0)
(0.422991 0.123882 0)
(0.445862 0.130119 0)
(0.468126 0.135897 0)
(0.489602 0.141182 0)
(0.510118 0.145954 0)
(0.529426 0.150272 0)
(0.547633 0.153999 0)
(0.562812 0.157787 0)
(0.582154 0.160368 0)
(0.283542 0.0926135 0)
(0.308453 0.0992658 0)
(0.333589 0.105679 0)
(0.358795 0.111808 0)
(0.383897 0.11763 0)
(0.408742 0.123138 0)
(0.433 0.128387 0)
(0.457084 0.133333 0)
(0.477633 0.138337 0)
(0.507072 0.143947 0)
(0.171219 0.0678118 0)
(0.195677 0.0738577 0)
(0.220941 0.0797996 0)
(0.246891 0.0856063 0)
(0.273386 0.0912678 0)
(0.30031 0.0967984 0)
(0.327327 0.102252 0)
(0.355037 0.107709 0)
(0.379256 0.11324 0)
(0.41596 0.121145 0)
(0.070902 0.044648 0)
(0.0931504 0.0495691 0)
(0.116674 0.054484 0)
(0.141394 0.0593763 0)
(0.167214 0.0642445 0)
(0.194064 0.0691244 0)
(0.221677 0.0740705 0)
(0.25066 0.0792851 0)
(0.276872 0.0846302 0)
(0.3175 0.0938301 0)
(-0.00695508 0.0246155 0)
(0.0114804 0.0280497 0)
(0.0314716 0.0315082 0)
(0.0530085 0.0349972 0)
(0.0760507 0.0385293 0)
(0.100576 0.0421573 0)
(0.126446 0.0459472 0)
(0.154094 0.0501587 0)
(0.180491 0.0546094 0)
(0.221058 0.0639853 0)
(-0.0489869 0.00936296 0)
(-0.0360706 0.0111458 0)
(-0.0215495 0.0129941 0)
(-0.00544756 0.0148918 0)
(0.0122118 0.0168346 0)
(0.0314771 0.0188696 0)
(0.0523667 0.0210718 0)
(0.0751219 0.0236419 0)
(0.0987838 0.0265658 0)
(0.13388 0.0345947 0)
(-0.0407799 0.000766749 0)
(-0.0354492 0.00105201 0)
(-0.0290873 0.00135496 0)
(-0.0216521 0.00167587 0)
(-0.0131078 0.00202207 0)
(-0.00342032 0.00240521 0)
(0.00745235 0.00282952 0)
(0.0197254 0.00334022 0)
(0.0340338 0.00386734 0)
(0.0553334 0.00846836 0)
)
;

boundaryField
{
    inlet
    {
        type            fixedProfile;
        profile         csvFile;
        profileCoeffs
        {
            nHeaderLine     0;
            refColumn       0;
            componentColumns 3(1 2 3);
            separator       ",";
            mergeSeparators 0;
            file            "0/Uprofile.csv";
        }
        direction       (0 1 0);
        origin          0;
        value           nonuniform List<vector> 10((0.19 0 0) (0.51 0 0) (0.75 0 0) (0.91 0 0) (0.99 0 0) (0.99 0 0) (0.91 0 0) (0.75 0 0) (0.51 0 0) (0.19 0 0));
    }
    outlet
    {
        type            zeroGradient;
    }
    upperWall
    {
        type            noSlip;
    }
    lowerWall
    {
        type            noSlip;
    }
    frontAndBack
    {
        type            empty;
    }
}


// ************************************************************************* //
