/*--------------------------------*- C++ -*----------------------------------*\
| =========                 |                                                 |
| \\      /  F ield         | OpenFOAM: The Open Source CFD Toolbox           |
|  \\    /   O peration     | Version:  2406                                  |
|   \\  /    A nd           | Website:  www.openfoam.com                      |
|    \\/     M anipulation  |                                                 |
\*---------------------------------------------------------------------------*/
FoamFile
{
    version     2.0;
    format      ascii;
    arch        "LSB;label=32;scalar=64";
    class       surfaceScalarField;
    location    "100";
    object      phi;
}
// * * * * * * * * * * * * * * * * * * * * * * * * * * * * * * * * * * * * * //

dimensions      [0 3 -1 0 0 0 0];

oriented        oriented;

internalField   nonuniform List<scalar> 
3680
(
0.0194203
-0.000420274
0.0199972
-0.000576961
0.0205557
-0.000558465
0.0210847
-0.000529089
0.021603
-0.00051831
0.0221301
-0.000527033
0.0226925
-0.000562504
0.0233354
-0.000642842
0.0241174
-0.000782057
-0.00147466
0.025592
0.0508255
-0.000245797
0.0507891
-0.00054056
0.0509045
-0.000673904
0.051136
-0.000760569
0.0514676
-0.000849955
0.0518945
-0.000954007
0.0524195
-0.00108744
0.0530556
-0.00127904
0.053838
-0.00156447
-0.0020498
0.0544131
0.0749267
-0.000172483
0.0748408
-0.000454688
0.0748158
-0.000648877
0.074861
-0.000805815
0.0749771
-0.000966135
0.0751673
-0.00114418
0.075431
-0.00135119
0.0757573
-0.00160532
0.0761156
-0.0019228
-0.00232317
0.076389
0.0909618
-0.000134286
0.0908804
-0.0003733
0.0908097
-0.000578205
0.0907713
-0.000767406
0.0907685
-0.000963351
0.0908014
-0.00117714
0.0908665
-0.00141624
0.0909509
-0.00168971
0.0910317
-0.00200366
-0.00235819
0.0910667
0.0989644
-9.86924e-05
0.0988731
-0.000281961
0.0987621
-0.000467231
0.0986542
-0.000659497
0.0985541
-0.000863256
0.0984601
-0.00108318
0.0983678
-0.00132394
0.0982672
-0.00158913
0.0981425
-0.00187894
-0.00218792
0.0979722
0.0989545
-5.32315e-05
0.0988354
-0.000162831
0.0986781
-0.00030998
0.0985041
-0.000485461
0.0983166
-0.000675797
0.0981131
-0.000879682
0.0978891
-0.00109994
0.0976366
-0.00133658
0.097344
-0.00158637
-0.00184305
0.0969991
0.0909323
1.44191e-05
0.0907691
4.45805e-07
0.0905617
-0.000102658
0.0903276
-0.000251316
0.0900655
-0.000413744
0.0897722
-0.000586365
0.089443
-0.000770698
0.0890703
-0.000963938
0.0886453
-0.00116137
-0.00135773
0.08816
0.0748785
0.000135932
0.0746616
0.000217307
0.0744173
0.000141639
0.0741479
1.8084e-05
0.0738465
-0.000112336
0.0735087
-0.00024854
0.073128
-0.000390047
0.0726961
-0.000531966
0.0722046
-0.000669884
-0.000800688
0.0716475
0.0507653
0.000370618
0.0505623
0.000420322
0.0503979
0.000306044
0.0502306
0.000185339
0.0500377
8.06032e-05
0.0498039
-1.47891e-05
0.0495162
-0.000102363
0.0491643
-0.000180019
0.0487417
-0.000247244
-0.000304691
0.0482457
0.0193706
0.0197909
0.020097
0.0202823
0.0203629
0.0203481
0.0202458
0.0200657
0.0198185
0.0195138
-4.02498e-05
4.02385e-05
-0.000173105
0.000132827
-0.000362266
0.000189134
-0.000572405
0.000210114
-0.000786217
0.000213788
-0.000997374
0.000211134
-0.00120427
0.000206876
-0.00140682
0.000202531
-0.00160521
0.000198364
-0.00179954
0.000194315
-0.00198988
0.000190316
-0.00217625
0.000186348
-0.00235869
0.000182423
-0.00253727
0.000178565
-0.00271209
0.000174799
-0.00288325
0.000171143
-0.00305087
0.000167608
-0.00321508
0.000164196
-0.003376
0.000160902
-0.00353373
0.000157715
-0.00368836
0.000154612
-0.00383993
0.000151561
-0.00398846
0.000148523
-0.00413392
0.000145445
-0.00427619
0.000142264
-0.0044151
0.000138904
-0.00455039
0.000135277
-0.00468167
0.000131277
-0.00480846
0.00012679
-0.00493014
0.000121687
-0.00504597
0.000115832
-0.00515503
0.000109069
-0.00525626
0.000101247
-0.00534846
9.22103e-05
8.17957e-05
-0.00543023
-0.000169482
0.000209694
-0.000524223
0.000487501
-0.000976194
0.000641041
-0.00146289
0.000696748
-0.00195182
0.000702662
-0.00242957
0.000688833
-0.00289183
0.000669083
-0.00333779
0.000648446
-0.00376776
0.00062828
-0.00418226
0.000608771
-0.00458186
0.000589873
-0.00496709
0.000571542
-0.00533848
0.000553765
-0.00569649
0.000536539
-0.00604159
0.000519858
-0.00637418
0.0005037
-0.00669463
0.000488024
-0.00700324
0.000472771
-0.00730023
0.000457864
-0.00758576
0.000443212
-0.00785987
0.000428695
-0.0081225
0.000414168
-0.00837346
0.000399461
-0.00861242
0.000384381
-0.00883888
0.000368704
-0.00905216
0.000352177
-0.00925141
0.000334517
-0.00943554
0.000315408
-0.00960326
0.000294512
-0.00975304
0.00027148
-0.00988314
0.000245947
-0.00999157
0.000217528
-0.0100761
0.000185847
-0.0101345
0.000150568
0.000111372
-0.010164
-0.000304402
0.000514067
-0.000867215
0.00105025
-0.00153535
0.00130912
-0.00222712
0.00138846
-0.00290482
0.00138031
-0.00355368
0.00133764
-0.00416939
0.00128475
-0.00475186
0.00123087
-0.00530241
0.00117879
-0.00582274
0.00112906
-0.00631452
0.00108161
-0.00677927
0.00103625
-0.00721831
0.000992764
-0.00763277
0.000950963
-0.0080236
0.00091066
-0.0083916
0.000871661
-0.00873736
0.000833753
-0.00906132
0.000796706
-0.00936376
0.000760275
-0.00964478
0.000724202
-0.0099043
0.000688189
-0.0101421
0.0006519
-0.0103576
0.000614968
-0.0105502
0.000576998
-0.0107191
0.000537555
-0.0108631
0.000496172
-0.0109809
0.000452348
-0.011071
0.000405539
-0.0111317
0.00035518
-0.0111609
0.00030073
-0.0111566
0.000241653
-0.0111165
0.000177424
-0.0110381
0.000107482
-0.0109189
3.13913e-05
-5.11508e-05
-0.0107563
-0.000425995
0.000940037
-0.00115659
0.00178078
-0.00197328
0.00212576
-0.00278045
0.00219557
-0.00354233
0.00214214
-0.00424849
0.00204375
-0.00489843
0.00193465
-0.00549518
0.00182757
-0.00604265
0.00172621
-0.00654463
0.001631
-0.00700448
0.00154143
-0.00742504
0.00145677
-0.00780864
0.00137633
-0.00815715
0.00129944
-0.00847205
0.00122553
-0.00875449
0.00115407
-0.00900531
0.00108453
-0.00922503
0.0010164
-0.00941395
0.000949169
-0.00957212
0.00088234
-0.00969934
0.000815386
-0.0097952
0.000747732
-0.00985904
0.000678789
-0.00989
0.000607946
-0.00988702
0.000534565
-0.00984885
0.000457993
-0.00977406
0.000377558
-0.00966108
0.000292556
-0.00950817
0.000202274
-0.00931346
0.000106034
-0.009075
3.22121e-06
-0.00879097
-0.000106589
-0.00845969
-0.000223756
-0.00807958
-0.000348678
-0.000481631
-0.00764905
-0.000530046
0.00147006
-0.00136462
0.0026153
-0.00222979
0.00299087
-0.00303118
0.00299691
-0.00374578
0.0028567
-0.00437384
0.00267178
-0.00492246
0.00248323
-0.00539997
0.00230504
-0.00581403
0.00214023
-0.00617107
0.001988
-0.0064763
0.00184662
-0.00673386
0.0017143
-0.00694695
0.00158939
-0.00711804
0.00147049
-0.00724898
0.00135643
-0.00734115
0.00124621
-0.00739553
0.00113888
-0.00741269
0.00103354
-0.00739291
0.000929351
-0.00733616
0.000825568
-0.00724222
0.000721416
-0.00711059
0.000616079
-0.00694058
0.000508753
-0.00673131
0.000398652
-0.00648174
0.000284979
-0.0061907
0.000166935
-0.00585692
4.37625e-05
-0.0054791
-8.52708e-05
-0.00505601
-0.000220817
-0.00458652
-0.000363466
-0.00406958
-0.00051371
-0.00350414
-0.000672025
-0.00288912
-0.000838758
-0.00222368
-0.0010141
-0.00119809
-0.0015072
-0.000616472
0.00208651
-0.00146365
0.00346242
-0.0022323
0.00375948
-0.0028639
0.00362846
-0.00336689
0.00335965
-0.00375924
0.00306408
-0.00405789
0.00278184
-0.00427713
0.00252424
-0.00442814
0.00229119
-0.00451935
0.00207918
-0.00455712
0.00188435
-0.00454617
0.00170331
-0.00449
0.00153318
-0.00439115
0.0013716
-0.00425144
0.00121669
-0.00407218
0.00106691
-0.00385424
0.000920904
-0.00359808
0.000777342
-0.00330383
0.000635067
-0.00297136
0.000493061
-0.00260033
0.000350352
-0.0021902
0.000205919
-0.0017403
5.88269e-05
-0.00124983
-9.18445e-05
-0.00071791
-0.000246973
-0.000143681
-0.000407319
0.000473643
-0.000573586
0.00113482
-0.000746469
0.00184057
-0.000926592
0.00259154
-0.00111445
0.00338825
-0.00131043
0.00423103
-0.00151481
0.00511999
-0.00172773
0.00605502
-0.00194913
-0.00217875
0.00703568
-0.000678693
0.00276517
-0.00138839
0.00417206
-0.00183537
0.00420641
-0.00206839
0.00386144
-0.00215374
0.00344495
-0.0021297
0.00303999
-0.00202021
0.0026723
-0.00184234
0.00234632
-0.00160794
0.00205675
-0.00132492
0.00179611
-0.000998652
0.00155804
-0.000632905
0.00133752
-0.000230239
0.00113047
0.000207626
0.000933694
0.000679548
0.000744721
0.00118486
0.000561556
0.00172329
0.000382433
0.00229484
0.000205755
0.00289963
3.02341e-05
0.0035381
-0.000145441
0.00421099
-0.000322574
0.00491905
-0.000502178
0.00566299
-0.000685144
0.00644343
-0.000872312
0.00726091
-0.00106448
0.00811595
-0.00126238
0.009009
-0.00146666
0.00994039
-0.00167789
0.0109103
-0.00189656
0.0119189
-0.00212301
0.0129658
-0.00235741
0.0140508
-0.00259981
0.0151731
-0.00285002
0.0163316
-0.00310769
-0.00337217
0.017525
-0.000667727
0.00343288
-0.00088955
0.00439384
-0.000623404
0.00394022
-0.000134899
0.00337288
0.000446231
0.00286378
0.00108065
0.00240553
0.00175245
0.00200046
0.00245151
0.00164722
0.00317229
0.00133593
0.00391247
0.00105589
0.00467112
0.000799352
0.00544799
0.000560603
0.0062432
0.000335228
0.00705695
0.000119905
0.0078897
-8.80696e-05
0.0087424
-0.000291177
0.00961621
-0.000491404
0.0105121
-0.000690208
0.0114312
-0.000888863
0.0123742
-0.0010885
0.0133418
-0.00129019
0.0143345
-0.00149493
0.015353
-0.00170359
0.0163976
-0.00191698
0.0174689
-0.00213579
0.0185671
-0.00236062
0.0196924
-0.00259197
0.0208447
-0.00283023
0.0220237
-0.00307564
0.023229
-0.00332828
0.0244596
-0.00358805
0.0257145
-0.00385467
0.026992
-0.00412762
0.0282905
-0.00440615
-0.00468925
0.0296076
-0.00013337
0.00356622
0.00109195
0.00316846
0.00268101
0.00235112
0.00423146
0.00182239
0.00569054
0.00140466
0.00707259
0.00102344
0.00839413
0.00067888
0.00966876
0.000372556
0.0109077
9.69715e-05
0.0121201
-0.000156566
0.0133137
-0.000394304
0.0144945
-0.000620233
0.0156671
-0.000837308
0.0168349
-0.00104802
0.0180013
-0.00125441
0.0191683
-0.0014582
0.0203377
-0.00166089
0.0215113
-0.0018638
0.0226904
-0.00206805
0.0238766
-0.00227466
0.0250708
-0.0024845
0.0262743
-0.00269838
0.0274877
-0.00291699
0.0287116
-0.00314091
0.0299464
-0.00337063
0.0311923
-0.00360652
0.0324491
-0.00384881
0.0337164
-0.00409761
0.0349936
-0.00435284
0.0362796
-0.00461428
0.037573
-0.00488147
0.0388721
-0.00515376
0.0401747
-0.00543026
0.0414784
-0.00570984
-0.00599109
0.0427802
0.00478536
-0.00121916
0.00849712
-0.000543335
0.0113889
-0.000540688
0.0138678
-0.000656503
0.0160544
-0.000781957
0.0180194
-0.000941627
0.0198239
-0.00112568
0.0215121
-0.00131559
0.0231129
-0.00150391
0.0246461
-0.00168975
0.0261252
-0.00187344
0.0275603
-0.00205541
0.0289593
-0.0022363
0.0303282
-0.00241696
0.0316721
-0.00259824
0.0329948
-0.002781
0.0342999
-0.00296601
0.0355901
-0.00315398
0.0368676
-0.00334559
0.0381344
-0.00354144
0.0393919
-0.00374208
0.0406415
-0.00394794
0.0418839
-0.00415942
0.0431197
-0.00437677
0.0443492
-0.00460017
0.0455724
-0.00482965
0.0467887
-0.00506513
0.0479974
-0.00530635
0.0491974
-0.00555291
0.0503874
-0.00580421
0.0515653
-0.00605945
0.0527292
-0.00631762
0.0538764
-0.00657747
0.0550041
-0.00683754
-0.00709611
0.0561091
0.0267428
-0.00236995
0.0287132
-0.00251381
0.0306643
-0.00249178
0.0325341
-0.00252635
0.0343328
-0.00258063
0.0360421
-0.00265092
0.0376606
-0.0027442
0.0392003
-0.00285531
0.0406733
-0.00297694
0.042089
-0.00310546
0.0434549
-0.00323941
0.0447775
-0.00337797
0.0460618
-0.00352063
0.0473121
-0.00366727
0.0485318
-0.003818
0.0497239
-0.00397305
0.0508906
-0.00413272
0.0520339
-0.00429729
0.0531553
-0.00446704
0.0542561
-0.00464225
0.0553371
-0.00482311
0.0563989
-0.00500976
0.0574418
-0.00520228
0.0584656
-0.00540062
0.0594701
-0.00560464
0.0604545
-0.00581408
0.0614179
-0.00602852
0.0623589
-0.00624741
0.0632761
-0.00647003
0.0641673
-0.00669547
0.0650305
-0.00692264
0.0658631
-0.00715023
0.0666624
-0.00737676
0.0674254
-0.00760054
-0.00781966
0.068149
0.0546697
-0.00262651
0.0551428
-0.00298689
0.0558072
-0.00315628
0.056574
-0.00329314
0.0574178
-0.00342437
0.0583102
-0.00354336
0.0592231
-0.00365709
0.0601398
-0.00377201
0.0610517
-0.00388887
0.0619534
-0.0040072
0.0628412
-0.00412725
0.0637128
-0.00424952
0.0645665
-0.00437442
0.0654016
-0.00450232
0.0662172
-0.00463365
0.0670129
-0.00476879
0.0677883
-0.00490811
0.068543
-0.00505192
0.0692764
-0.00520046
0.069988
-0.00535392
0.0706773
-0.00551239
0.0713434
-0.00567586
0.0719854
-0.00584424
0.0726021
-0.00601731
0.0731921
-0.00619473
0.0737541
-0.00637603
0.0742862
-0.0065606
0.0747865
-0.00674767
0.0752528
-0.00693632
0.0756827
-0.00712544
0.0760739
-0.00731377
0.0764235
-0.00749988
0.076729
-0.00768215
0.0769873
-0.00785883
-0.00802801
0.0771956
0.0765327
-0.00277026
0.0766839
-0.00313808
0.0769101
-0.00338252
0.0771863
-0.00356926
0.0774977
-0.00373581
0.077839
-0.00388463
0.0782004
-0.00401858
0.0785725
-0.00414411
0.0789486
-0.00426497
0.079324
-0.00438256
0.0796946
-0.00449791
0.0800573
-0.00461218
0.0804093
-0.0047264
0.0807483
-0.00484137
0.0810725
-0.00495779
0.08138
-0.00507626
0.0816691
-0.00519727
0.0819384
-0.00532121
0.0821863
-0.00544836
0.0824113
-0.00557888
0.0826117
-0.00571283
0.082786
-0.00585014
0.0829324
-0.00599062
0.0830491
-0.00613397
0.0831341
-0.00627974
0.0831855
-0.00642735
0.083201
-0.00657608
0.0831784
-0.00672506
0.0831154
-0.00687329
0.0830096
-0.00701961
0.0828586
-0.00716272
0.0826599
-0.0073012
0.0824113
-0.00743347
0.0821104
-0.00755789
-0.00767269
0.0817551
0.091027
-0.00273055
0.0909522
-0.00306326
0.0908918
-0.0033221
0.0908493
-0.00352679
0.0908164
-0.00370294
0.0907901
-0.00385825
0.0907667
-0.00399525
0.0907413
-0.00411865
0.0907092
-0.00423287
0.0906671
-0.00434051
0.0906125
-0.00444327
0.090543
-0.00454265
0.0904565
-0.00463998
0.0903515
-0.0047363
0.0902262
-0.00483246
0.090079
-0.00492913
0.0899086
-0.00502682
0.0897133
-0.00512594
0.0894917
-0.00522673
0.0892422
-0.00532933
0.0889631
-0.00543373
0.0886528
-0.00553981
0.0883095
-0.00564731
0.0879314
-0.00575587
0.0875167
-0.00586499
0.0870634
-0.00597404
0.0865697
-0.00608229
0.0860335
-0.00618887
0.0854531
-0.0062928
0.0848265
-0.00639297
0.084152
-0.00648819
0.083428
-0.00657718
0.0826532
-0.00665856
0.0818262
-0.00673092
-0.0067928
0.0809464
0.0977418
-0.00250014
0.0974657
-0.00278714
0.0971709
-0.00302736
0.0968675
-0.00322336
0.0965532
-0.00338863
0.0962262
-0.0035312
0.0958853
-0.00365444
0.0955287
-0.00376205
0.095154
-0.00385808
0.094759
-0.00394558
0.0943424
-0.00402666
0.0939028
-0.00410297
0.0934388
-0.00417594
0.0929492
-0.00424671
0.0924329
-0.00431617
0.0918888
-0.00438501
0.0913157
-0.00445373
0.0907125
-0.00452271
0.090078
-0.00459216
0.0894108
-0.00466217
0.0887098
-0.0047327
0.0879737
-0.0048036
0.087201
-0.0048746
0.0863905
-0.00494533
0.0855408
-0.0050153
0.0846508
-0.00508393
0.0837191
-0.00515053
0.0827446
-0.00521434
0.0817263
-0.0052745
0.0806635
-0.00533008
0.0795555
-0.0053801
0.0784018
-0.00542351
0.0772026
-0.00545926
0.075958
-0.00548627
-0.00550347
0.0746687
0.0965947
-0.0020957
0.0961362
-0.00232865
0.0956375
-0.00252868
0.0951079
-0.00269374
0.0945496
-0.00283031
0.0939632
-0.00294474
0.0933495
-0.00304075
0.0927089
-0.00312148
0.0920411
-0.0031903
0.0913457
-0.00325014
0.0906222
-0.00330317
0.0898703
-0.00335106
0.0890896
-0.00339517
0.0882795
-0.00343663
0.0874397
-0.0034763
0.0865695
-0.00351483
0.0856685
-0.00355269
0.084736
-0.0035902
0.0837715
-0.00362755
0.0827741
-0.00366481
0.0817434
-0.00370193
0.0806786
-0.00373875
0.0795791
-0.00377505
0.0784443
-0.0038105
0.0772737
-0.00384467
0.0760669
-0.0038771
0.0748237
-0.00390723
0.0735439
-0.00393446
0.0722276
-0.00395813
0.0708751
-0.00397756
0.0694871
-0.00399201
0.0680644
-0.00400078
0.0666084
-0.00400313
0.0651205
-0.00399837
-0.00398583
0.063603
0.0876103
-0.00154601
0.0869989
-0.00171721
0.0863338
-0.00186359
0.085623
-0.00198296
0.0848713
-0.00207857
0.0840816
-0.00215499
0.0832565
-0.00221565
0.0823983
-0.0022633
0.0815087
-0.00230069
0.0805889
-0.00233033
0.07964
-0.00235419
0.0786627
-0.00237379
0.0776579
-0.00239032
0.076626
-0.00240474
0.0755675
-0.00241779
0.0744827
-0.00242998
0.0733718
-0.00244172
0.0722348
-0.00245322
0.0710719
-0.00246462
0.0698831
-0.00247595
0.0686684
-0.00248716
0.0674278
-0.0024981
0.0661613
-0.00250857
0.0648692
-0.00251831
0.0635516
-0.00252703
0.0622089
-0.00253434
0.0608416
-0.00253989
0.0594505
-0.00254323
0.0580364
-0.00254395
0.0566005
-0.0025416
0.0551443
-0.00253574
0.0536695
-0.00252593
0.0521782
-0.00251178
0.0506728
-0.00249291
-0.002469
0.0491561
0.0710224
-0.000920844
0.0703311
-0.00102596
0.0695799
-0.00111237
0.0687763
-0.00117926
0.0679266
-0.00122888
0.0670363
-0.00126464
0.0661101
-0.00128944
0.0651524
-0.0013056
0.0641669
-0.0013152
0.0631568
-0.00132012
0.0621244
-0.00132183
0.0610721
-0.0013214
0.0600014
-0.00131964
0.0589139
-0.00131716
0.0578105
-0.00131438
0.0566922
-0.00131161
0.0555595
-0.001309
0.054413
-0.00130666
0.053253
-0.00130459
0.0520799
-0.00130275
0.0508938
-0.00130105
0.0496952
-0.00129938
0.0484842
-0.00129755
0.0472614
-0.0012954
0.0460272
-0.00129272
0.0447822
-0.00128929
0.0435272
-0.00128488
0.0422634
-0.00127927
0.0409917
-0.00127224
0.0397138
-0.00126355
0.0384311
-0.00125301
0.0371457
-0.00124042
0.0358596
-0.00122562
0.0345753
-0.00120848
-0.00118888
0.0332952
0.0476774
-0.000352594
0.047042
-0.000390493
0.0463477
-0.000418048
0.0456044
-0.000435965
0.0448216
-0.000446096
0.0440077
-0.000450614
0.0431695
-0.000451244
0.0423131
-0.0004492
0.0414434
-0.000445437
0.040564
-0.000440731
0.0396779
-0.000435633
0.038787
-0.000430483
0.0378929
-0.000425486
0.0369965
-0.000420767
0.0360986
-0.000416393
0.0351994
-0.000412383
0.0342992
-0.000408723
0.0333979
-0.000405375
0.0324957
-0.000402291
0.0315924
-0.000399408
0.0306881
-0.000396658
0.0297827
-0.000393969
0.0288765
-0.000391264
0.0279697
-0.000388466
0.0270625
-0.000385498
0.0261556
-0.000382282
0.0252496
-0.000378744
0.0243452
-0.000374814
0.0234435
-0.000370428
0.0225455
-0.000365527
0.0216527
-0.00036006
0.0207663
-0.000353988
0.0198881
-0.000347279
0.0190196
-0.000339913
-0.000331884
0.0181627
0.0191612
0.0187707
0.0183527
0.0179167
0.0174706
0.01702
0.0165688
0.0161196
0.0156742
0.0152335
0.0147978
0.0143674
0.0139419
0.0135211
0.0131048
0.0126924
0.0122837
0.0118783
0.011476
0.0110766
0.01068
0.0102861
0.0098948
0.00950636
0.00912088
0.00873862
0.00835989
0.0079851
0.00761469
0.00724918
0.00688914
0.00653517
0.00618791
0.00584801
0.00551614
-0.00550004
6.98327e-05
-0.0055562
5.61853e-05
-0.00559689
4.07315e-05
-0.00562016
2.33057e-05
-0.0056239
3.78831e-06
-0.0056061
-1.77476e-05
-0.00556488
-4.11634e-05
-0.00549843
-6.6396e-05
-0.00540506
-9.33063e-05
-0.000121669
-0.00528333
-0.010162
6.79258e-05
-0.0101257
1.99841e-05
-0.0100523
-3.25693e-05
-0.00993918
-8.9762e-05
-0.00978372
-0.000151574
-0.00958346
-0.000217889
-0.00933608
-0.000288424
-0.00903963
-0.000362708
-0.00869267
-0.00044013
-0.000519912
-0.00829427
-0.010548
-0.000140292
-0.0102918
-0.000236154
-0.00998552
-0.000338771
-0.00962714
-0.000448059
-0.0092149
-0.000563726
-0.00874741
-0.000685279
-0.00822374
-0.000811988
-0.00764343
-0.000942899
-0.00700659
-0.00107685
-0.00121249
-0.00631388
-0.00716655
-0.000622742
-0.00663072
-0.000771924
-0.00604061
-0.000928821
-0.00539561
-0.00109299
-0.00469546
-0.0012638
-0.00394037
-0.0014403
-0.00313104
-0.00162123
-0.00226873
-0.00180512
-0.00135525
-0.00199023
-0.00217452
-0.000393121
-0.000739376
-0.00139054
7.97254e-05
-0.00159099
0.000949801
-0.00179886
0.00187018
-0.00201333
0.00283967
-0.00223325
0.00385658
-0.00245717
0.00491875
-0.00268336
0.00602354
-0.00290987
0.00716779
-0.00313444
-0.00335466
0.00834797
0.00806122
-0.00241608
0.00913055
-0.00266033
0.0102422
-0.00291048
0.0113941
-0.00316525
0.0125839
-0.00342304
0.0138087
-0.00368195
0.0150651
-0.0039398
0.0163495
-0.00419417
0.0176575
-0.00444244
-0.00468181
0.0189846
0.0187515
-0.00364259
0.020009
-0.00391777
0.0212947
-0.00419627
0.0226058
-0.00447633
0.0239387
-0.00475595
0.0252896
-0.0050328
0.0266541
-0.00530434
0.0280277
-0.00556778
0.0294055
-0.00582021
-0.0060586
0.0307823
0.0309406
-0.00497562
0.0322865
-0.00526369
0.0336418
-0.00555161
0.0350027
-0.00583726
0.036365
-0.00611825
0.0377242
-0.00639196
0.0390754
-0.00665557
0.0404138
-0.00690612
0.0417341
-0.00714053
-0.00735573
0.0430312
0.044077
-0.00627237
0.045365
-0.00655176
0.0466405
-0.00682708
0.0478992
-0.00709593
0.0491366
-0.0073557
0.0503482
-0.00760359
0.0515294
-0.0078367
0.0526753
-0.00805205
0.0537814
-0.00824664
-0.00841755
0.0548433
0.057188
-0.00735127
0.0582371
-0.00760084
0.0592525
-0.00784248
0.0602302
-0.00807364
0.0611662
-0.00829166
0.0620564
-0.00849376
0.0628968
-0.00867714
0.0636838
-0.008839
0.0644138
-0.00897663
-0.00908747
0.0650837
0.0688298
-0.00803206
0.0694645
-0.0082355
0.0700496
-0.00842761
0.0705819
-0.00860589
0.0710581
-0.00876782
0.0714752
-0.00891084
0.0718305
-0.00903244
0.0721217
-0.0091302
0.072347
-0.00920188
-0.00924547
0.072505
0.0773512
-0.00818764
0.0774514
-0.0083356
0.0774935
-0.00846967
0.0774752
-0.00858763
0.0773947
-0.00868726
0.0772503
-0.00876641
0.0770409
-0.00882303
0.076766
-0.00885527
0.0764256
-0.00886149
-0.00884032
0.0760205
0.0813435
-0.00777604
0.0808741
-0.00786611
0.0803455
-0.00794102
0.0797568
-0.00799897
0.0791078
-0.00803821
0.0783986
-0.00805714
0.0776299
-0.00805432
0.0768032
-0.00802852
0.0759205
-0.0079788
-0.00790447
0.0749847
0.0800132
-0.00684274
0.0790264
-0.0068793
0.0779865
-0.00690109
0.0768944
-0.00690681
0.0757515
-0.0068953
0.07456
-0.00686555
0.0733225
-0.00681674
0.0720423
-0.00674831
0.0707234
-0.00665991
-0.00655149
0.0693705
0.0733359
-0.00550984
0.0719611
-0.00550441
0.0705463
-0.0054863
0.0690943
-0.00545474
0.0676082
-0.00540912
0.0660917
-0.00534898
0.0645491
-0.00527405
0.0629851
-0.00518426
0.0614049
-0.00507976
-0.0049609
0.0598144
0.0620581
-0.00396491
0.0604888
-0.00393509
0.0588985
-0.00389592
0.0572909
-0.00384708
0.0556703
-0.00378839
0.0540411
-0.00371977
0.0524084
-0.00364131
0.0507775
-0.00355326
0.0491537
-0.00345599
-0.00335002
0.0475429
0.047631
-0.00243978
0.046101
-0.00240504
0.0445698
-0.00236466
0.0430414
-0.00231858
0.0415199
-0.00226687
0.0400099
-0.00220963
0.0385157
-0.0021471
0.0370421
-0.00207959
0.0355936
-0.00200747
-0.00193121
0.0341748
0.0320223
-0.00116677
0.0307594
-0.00114211
0.0295098
-0.00111492
0.0282765
-0.00108525
0.0270629
-0.00105322
0.0258723
-0.00101895
0.0247079
-0.000982621
0.0235728
-0.000944455
0.02247
-0.000904684
-0.000863577
0.0214024
0.0173192
-0.000323194
0.016491
-0.00031386
0.01568
-0.00030391
0.0148882
-0.000293384
0.0141174
-0.000282332
0.0133693
-0.000270814
0.0126456
-0.000258897
0.0119479
-0.000246653
0.0112774
-0.000234162
-0.000221502
0.0106354
0.00519296
0.00487912
0.00457522
0.00428185
0.00399953
0.00372872
0.00346983
0.00322319
0.00298903
0.00276754
-0.00513209
-0.000151159
-0.00495059
-0.000181417
-0.00473848
-0.000212026
-0.00449585
-0.000242542
-0.00422329
-0.000272465
-0.00392191
-0.000301295
-0.00359329
-0.000328522
-0.00323955
-0.000353652
-0.00286323
-0.000376226
-0.00246728
-0.000395859
-0.00205495
-0.000412235
-0.00162977
-0.000425083
-0.00119534
-0.000434323
-0.000755365
-0.000439878
-0.000313593
-0.000441671
0.000126391
-0.000439884
0.000561164
-0.000434671
0.000987471
-0.000426207
0.00140237
-0.000414796
0.00180324
-0.00040078
0.00218785
-0.000384514
0.00255433
-0.000366381
0.00290119
-0.000346772
0.00322735
-0.000326075
0.0035321
-0.000304662
0.00381507
-0.000282891
0.00407624
-0.000261088
0.00431586
-0.000239553
0.00453448
-0.000218549
0.00473285
-0.000198304
0.00491192
-0.000179009
0.00507279
-0.000160823
0.00521671
-0.000143867
0.00534499
-0.000128235
-0.000113993
0.00545903
-0.00784414
-0.000601117
-0.00734266
-0.000682713
-0.00679087
-0.000763635
-0.00619046
-0.000842752
-0.00554383
-0.000918895
-0.00485403
-0.000990887
-0.00412474
-0.00105762
-0.0033602
-0.00111798
-0.00256525
-0.00117097
-0.00174511
-0.00121579
-0.000905172
-0.00125196
-5.08461e-05
-0.00127919
0.000812098
-0.00129705
0.00167781
-0.00130538
0.00254085
-0.00130449
0.00339581
-0.00129463
0.00423755
-0.00127619
0.00506128
-0.00124973
0.00586263
-0.00121595
0.00663771
-0.00117566
0.00738311
-0.00112972
0.00809598
-0.00107906
0.00877399
-0.0010246
0.00941536
-0.000967268
0.0100188
-0.000907977
0.0105837
-0.000847592
0.0111097
-0.000786925
0.011597
-0.000726727
0.0120463
-0.000667675
0.0124585
-0.000610368
0.0128349
-0.000555326
0.0131772
-0.000502992
0.0134871
-0.000453731
0.0137668
-0.000407835
-0.000365531
0.0140185
-0.00556668
-0.00134818
-0.00476709
-0.00148215
-0.00391787
-0.00161271
-0.00302231
-0.00173816
-0.00208432
-0.00185672
-0.00110835
-0.0019667
-9.93131e-05
-0.00206649
0.000937435
-0.00215457
0.00199633
-0.00222971
0.00307176
-0.00229106
0.00415779
-0.00233784
0.00524833
-0.00236957
0.00633746
-0.00238603
0.00741948
-0.00238725
0.00848872
-0.00237358
0.00953988
-0.00234564
0.0105681
-0.00230421
0.0115688
-0.00225029
0.012538
-0.00218505
0.0134723
-0.00210979
0.0143686
-0.00202589
0.0152245
-0.00193481
0.016038
-0.00183798
0.0168078
-0.00173686
0.0175328
-0.00163286
0.0182126
-0.00152732
0.0188473
-0.0014215
0.0194373
-0.00131657
0.0199833
-0.00121358
0.0204865
-0.00111349
0.0209484
-0.00101711
0.0213707
-0.000925169
0.0217553
-0.000838262
0.0221044
-0.000756885
-0.000681435
0.0224204
0.000614656
-0.00235586
0.00166474
-0.00253214
0.00275329
-0.00270118
0.00387593
-0.00286071
0.00502783
-0.00300853
0.00620377
-0.00314256
0.00739827
-0.0032609
0.00860568
-0.00336188
0.0098202
-0.00344414
0.0110359
-0.00350666
0.0122469
-0.00354874
0.0134475
-0.00357004
0.0146321
-0.00357058
0.0157957
-0.0035507
0.0169333
-0.0035111
0.0180406
-0.00345278
0.0191135
-0.00337701
0.0201486
-0.00328527
0.0211429
-0.00317924
0.0220939
-0.00306072
0.0229998
-0.00293163
0.023859
-0.00279389
0.0246705
-0.00264946
0.025434
-0.00250025
0.0261494
-0.00234809
0.0268168
-0.00219473
0.0274372
-0.00204179
0.0280115
-0.00189078
0.0285411
-0.00174304
0.0290274
-0.00159977
0.0294724
-0.00146203
0.029878
-0.00133072
0.0302464
-0.0012066
0.0305799
-0.0010903
-0.000982327
0.0308808
0.00956009
-0.00356795
0.0107997
-0.00377172
0.0120619
-0.00396336
0.0133415
-0.0041403
0.0146331
-0.00430008
0.015931
-0.00444045
0.0172296
-0.00455941
0.0185231
-0.00465529
0.0198058
-0.00472678
0.0210722
-0.00477299
0.0223169
-0.00479343
0.023535
-0.00478806
0.0247217
-0.00475726
0.0258729
-0.00470179
0.0269847
-0.00462282
0.0280538
-0.00452183
0.0290775
-0.00440061
0.0300535
-0.00426116
0.03098
-0.0041057
0.0318559
-0.00393654
0.0326804
-0.00375608
0.0334533
-0.00356672
0.0341748
-0.00337085
0.0348454
-0.00317077
0.035466
-0.00296868
0.036038
-0.00276665
0.0365628
-0.00256657
0.0370423
-0.00237017
0.0374783
-0.00217902
0.037873
-0.00199446
0.0382288
-0.00181769
0.0385478
-0.00164972
0.0388326
-0.00149136
0.0390856
-0.00134332
-0.00120611
0.0393095
0.0203261
-0.00490938
0.0216766
-0.00512227
0.0230309
-0.00531764
0.0243834
-0.00549277
0.0257285
-0.00564513
0.0270606
-0.00577249
0.0283741
-0.00587294
0.0296639
-0.00594498
0.0309247
-0.00598756
0.0321518
-0.0060001
0.033341
-0.00598251
0.0344881
-0.00593516
0.0355898
-0.00585892
0.0366431
-0.00575507
0.0376456
-0.00562529
0.0385955
-0.00547163
0.0394913
-0.00529639
0.0403323
-0.0051021
0.0411181
-0.00489146
0.0418489
-0.00466726
0.0425251
-0.00443232
0.0431479
-0.00418942
0.0437184
-0.0039413
0.0442382
-0.00369056
0.0447092
-0.00343964
0.0451334
-0.00319082
0.045513
-0.00294617
0.0458504
-0.00270757
0.0461481
-0.00247665
0.0464085
-0.00225484
0.0466342
-0.00204338
0.0468278
-0.00184328
0.0469918
-0.00165538
0.0471289
-0.00148033
-0.00131864
0.0472414
0.0321528
-0.00627989
0.0335116
-0.00648108
0.0348533
-0.0066593
0.0361724
-0.0068119
0.0374638
-0.00693651
0.0387224
-0.00703109
0.0399436
-0.00709406
0.0411229
-0.00712429
0.0422565
-0.00712116
0.043341
-0.00708457
0.0443735
-0.00701493
0.0453515
-0.00691319
0.0462734
-0.00678077
0.0471378
-0.0066195
0.0479442
-0.00643162
0.0486922
-0.00621968
0.0493823
-0.00598649
0.0500153
-0.00573503
0.0505922
-0.00546839
0.0511147
-0.00518972
0.0515845
-0.00490214
0.0520038
-0.00460869
0.0523748
-0.0043123
0.0527
-0.00401571
0.0529818
-0.00372149
0.053223
-0.00343199
0.0534261
-0.00314931
0.0535939
-0.00287532
0.0537289
-0.00261166
0.0538338
-0.00235972
0.053911
-0.00212066
0.0539632
-0.00189545
0.0539926
-0.00168484
0.0540017
-0.00148941
-0.00130959
0.0539927
0.0443
-0.00754871
0.0455355
-0.00771656
0.0467329
-0.00785663
0.0478875
-0.00796653
0.0489953
-0.00804426
0.0500524
-0.00808823
0.0510557
-0.00809734
0.0520024
-0.00807101
0.0528904
-0.00800918
0.0537182
-0.00791237
0.0544849
-0.00778158
0.0551901
-0.00761836
0.055834
-0.00742468
0.0564174
-0.00720293
0.0569416
-0.00695584
0.0574083
-0.00668638
0.0578195
-0.00639774
0.0581777
-0.00609322
0.0584855
-0.00577615
0.0587456
-0.00544987
0.058961
-0.00511762
0.0591348
-0.00478252
0.05927
-0.0044475
0.0593696
-0.00411529
0.0594365
-0.0037884
0.0594735
-0.00346907
0.0594835
-0.00315932
0.059469
-0.00286088
0.0594326
-0.00257524
0.0593765
-0.00230366
0.059303
-0.00204716
0.0592141
-0.00180656
0.0591117
-0.00158248
0.0589976
-0.00137537
-0.00118553
0.0588736
0.0558566
-0.00856202
0.0568175
-0.00867748
0.0577226
-0.00876168
0.0585688
-0.00881273
0.0593537
-0.00882916
0.0600754
-0.00881
0.0607328
-0.00875476
0.0613253
-0.00866352
0.061853
-0.00853687
0.0623166
-0.00837595
0.0627174
-0.00818239
0.0630573
-0.00795826
0.0633386
-0.00770606
0.0635643
-0.00742859
0.0637373
-0.00712893
0.0638613
-0.00681035
0.0639397
-0.00647622
0.0639764
-0.00612995
0.0639752
-0.00577495
0.0639397
-0.0054145
0.0638738
-0.00505177
0.063781
-0.00468973
0.0636646
-0.00433115
0.0635278
-0.00397856
0.0633736
-0.00363423
0.0632047
-0.00330015
0.0630234
-0.0029781
0.062832
-0.00266955
0.0626325
-0.00237576
0.0624266
-0.00209776
0.0622157
-0.00183635
0.0620013
-0.00159216
0.0617844
-0.00136563
0.0615661
-0.00115705
-0.000966583
0.0613471
0.0656909
-0.00916921
0.0662332
-0.00921979
0.0667091
-0.00923755
0.0671176
-0.00922124
0.0674585
-0.00917006
0.0677322
-0.00908371
0.0679399
-0.00896241
0.0680832
-0.00880689
0.0681647
-0.00861839
0.0681874
-0.00839861
0.0681546
-0.00814971
0.0680705
-0.00787418
0.0679393
-0.00757487
0.0677655
-0.00725483
0.0675538
-0.00691729
0.067309
-0.00656559
0.0670358
-0.00620307
0.0667388
-0.00583304
0.0664225
-0.0054587
0.0660911
-0.00508311
0.0657484
-0.00470913
0.065398
-0.00433941
0.0650432
-0.00397636
0.0646867
-0.00362214
0.064331
-0.00327863
0.0639783
-0.00294749
0.0636302
-0.00263011
0.0632883
-0.00232764
0.0629535
-0.00204105
0.0626268
-0.00177106
0.0623086
-0.00151823
0.0619994
-0.00128298
0.0616993
-0.00106555
0.0614082
-0.000866065
-0.000684561
0.0611262
0.072595
-0.00925923
0.072617
-0.00924178
0.0725716
-0.00919215
0.0724602
-0.00910979
0.0722847
-0.00899461
0.072048
-0.00884702
0.0717535
-0.00866787
0.0714051
-0.0084585
0.0710073
-0.00822068
0.0705652
-0.00795655
0.0700841
-0.00766858
0.0695694
-0.00735954
0.0690269
-0.00703237
0.0684621
-0.00669016
0.0678808
-0.00633605
0.0672884
-0.00597319
0.0666899
-0.00560466
0.0660902
-0.00523343
0.0654938
-0.00486229
0.0649045
-0.00449388
0.0643258
-0.00413056
0.0637609
-0.00377451
0.0632121
-0.00342764
0.0626815
-0.00309162
0.0621707
-0.00276788
0.0616808
-0.00245762
0.0612125
-0.00216185
0.0607661
-0.00188134
0.0603417
-0.00161673
0.0599391
-0.00136847
0.0595577
-0.00113686
0.0591968
-0.000922107
0.0588555
-0.000724292
0.0585328
-0.000543411
-0.000379382
0.0582276
0.075552
-0.00879073
0.0750223
-0.00871207
0.0744342
-0.00860405
0.0737913
-0.00846683
0.0730976
-0.008301
0.0723581
-0.00810753
0.0715781
-0.00788784
0.0707632
-0.00764368
0.0699197
-0.00737715
0.0690537
-0.00709062
0.0681718
-0.00678668
0.0672803
-0.00646804
0.0663854
-0.00613754
0.0654932
-0.00579803
0.0646094
-0.00545231
0.0637393
-0.00510312
0.0628876
-0.00475305
0.0620586
-0.00440454
0.0612561
-0.00405982
0.0604831
-0.00372091
0.0597421
-0.00338963
0.0590351
-0.00306754
0.0583634
-0.00275602
0.0577279
-0.00245619
0.057129
-0.00216902
0.0565665
-0.00189525
0.0560402
-0.00163551
0.055549
-0.00139022
0.0550919
-0.00115972
0.0546676
-0.000944211
0.0542745
-0.000743809
0.0539109
-0.000558545
0.053575
-0.000388383
0.0532648
-0.000233223
-9.28815e-05
0.0529782
0.0739992
-0.00780519
0.0729681
-0.00768098
0.0718963
-0.0075322
0.070789
-0.00735958
0.0696522
-0.0071642
0.0684922
-0.00694746
0.0673154
-0.00671106
0.0661286
-0.00645697
0.0649388
-0.00618735
0.0637527
-0.00590451
0.0625768
-0.00561086
0.0614176
-0.00530886
0.060281
-0.00500095
0.0591724
-0.00468949
0.0580968
-0.00437677
0.0570586
-0.00406491
0.0560613
-0.00375588
0.0551082
-0.00345146
0.0542016
-0.00315324
0.0533432
-0.00286259
0.0525342
-0.00258071
0.0517752
-0.00230859
0.0510662
-0.00204706
0.0504068
-0.00179677
0.049796
-0.00155825
0.0492325
-0.00133188
0.0487149
-0.00111793
0.0482413
-0.000916587
0.0478094
-0.000727946
0.0474172
-0.000552045
0.0470623
-0.000388862
0.046742
-0.000238333
0.0464539
-0.000100324
0.0461953
2.53761e-05
0.000138851
0.0459636
0.0679886
-0.00642328
0.0665834
-0.00627581
0.0651611
-0.00610988
0.0637281
-0.00592657
0.0622911
-0.00572722
0.060857
-0.00551336
0.0594327
-0.00528673
0.0580249
-0.00504918
0.0566402
-0.00480267
0.0552849
-0.00454919
0.0539647
-0.00429072
0.052685
-0.00402922
0.0514506
-0.00376654
0.0502655
-0.00350445
0.0491333
-0.00324454
0.0480566
-0.00298828
0.0470376
-0.00273695
0.0460778
-0.00249168
0.0451779
-0.00225343
0.0443383
-0.00202298
0.0435586
-0.001801
0.0428379
-0.00158797
0.0421751
-0.0013843
0.0415686
-0.00119027
0.0410164
-0.00100607
0.0405163
-0.00083182
0.0400659
-0.000667585
0.0396627
-0.00051337
0.0393038
-0.000369152
0.0389866
-0.000234871
0.0387082
-0.00011044
0.0384655
4.32703e-06
0.0382557
0.000109481
0.038076
0.000205
0.000290985
0.0379239
0.0582194
-0.00482827
0.0566263
-0.00468266
0.0550415
-0.00452505
0.0534715
-0.00435657
0.0519228
-0.00417853
0.0504018
-0.00399231
0.0489144
-0.00379939
0.0474665
-0.00360128
0.0460633
-0.00339948
0.0447096
-0.00319546
0.0434095
-0.00299065
0.0421667
-0.00278638
0.0409839
-0.00258385
0.0398636
-0.00238417
0.0388074
-0.0021883
0.0378161
-0.00199707
0.0368904
-0.00181118
0.0360299
-0.00163122
0.035234
-0.00145762
0.0345018
-0.00129073
0.0338316
-0.00113082
0.0332216
-0.00097805
0.0326698
-0.000832529
0.0321739
-0.000694309
0.0317312
-0.000563398
0.0313391
-0.000439774
0.0309949
-0.000323392
0.0306957
-0.00021419
0.0304386
-0.000112095
0.0302207
-1.69748e-05
0.030039
7.12243e-05
0.0298909
0.000152456
0.0297736
0.000226779
0.0296843
0.000294272
0.000354997
0.0296203
0.0459507
-0.00323603
0.0443828
-0.00311478
0.0428449
-0.00298714
0.0413425
-0.00285409
0.0398806
-0.00271661
0.038464
-0.00257575
0.0370972
-0.00243253
0.0357839
-0.00228798
0.0345275
-0.00214305
0.0333307
-0.00199866
0.0321956
-0.00185564
0.031124
-0.00171473
0.0301167
-0.00157658
0.0291743
-0.00144175
0.0282967
-0.00131069
0.0274834
-0.00118378
0.0267335
-0.00106128
0.0260457
-0.000943416
0.0254184
-0.000830313
0.0248497
-0.00072206
0.0243375
-0.000618684
0.0238797
-0.000520191
0.0234737
-0.000426541
0.0231171
-0.000337697
0.0228072
-0.000253587
0.0225416
-0.000174156
0.0223175
-9.93249e-05
0.0221324
-2.90187e-05
0.0219834
3.68287e-05
0.0218682
9.81827e-05
0.0217844
0.000155081
0.0217293
0.000207553
0.0217004
0.000255631
0.0216953
0.000299322
0.000338648
0.0217117
0.0327902
-0.00185132
0.0314438
-0.00176836
0.0301396
-0.00168294
0.0288812
-0.00159565
0.0276717
-0.00150713
0.026514
-0.00141796
0.0254102
-0.00132873
0.0243622
-0.00123996
0.0233713
-0.00115217
0.0224384
-0.00106576
0.0215639
-0.000981144
0.0207478
-0.000898615
0.0199897
-0.000818455
0.0192888
-0.000740848
0.0186441
-0.000665963
0.0180542
-0.000593881
0.0175176
-0.000524682
0.0170326
-0.000458367
0.0165972
-0.000394952
0.0162095
-0.000334388
0.0158675
-0.000276651
0.015569
-0.000221663
0.0153118
-0.000169387
0.0150939
-0.000119736
0.014913
-7.26741e-05
0.0147669
-2.81206e-05
0.0146536
1.39511e-05
0.0145711
5.3567e-05
0.0145172
9.0718e-05
0.0144899
0.000125446
0.0144872
0.000157731
0.0145072
0.000187598
0.0145478
0.000215013
0.0146071
0.000239985
0.000262468
0.0146833
0.0203726
-0.000821403
0.0193827
-0.000778458
0.0184348
-0.000735018
0.0175305
-0.000691377
0.0166712
-0.000647792
0.0158578
-0.000604527
0.0150909
-0.0005618
0.0143708
-0.000519828
0.0136974
-0.000478774
0.0130705
-0.000438801
0.0124894
-0.00040001
0.0119533
-0.000362508
0.0114612
-0.000326341
0.0110119
-0.000291564
0.0106041
-0.000258178
0.0102365
-0.000226196
0.0099074
-0.000195587
0.00961537
-0.000166337
0.00935884
-0.000138395
0.00913619
-0.000111733
0.00894586
-8.6292e-05
0.00878624
-6.20427e-05
0.0086558
-3.89265e-05
0.00855298
-1.69201e-05
0.0084763
4.0273e-06
0.00842426
2.39133e-05
0.00839547
4.27649e-05
0.00838845
6.05803e-05
0.0084018
7.73757e-05
0.0084341
9.313e-05
0.00848399
0.00010785
0.00855007
0.000121506
0.00863099
0.000134093
0.00872539
0.000145572
0.000155931
0.00883193
0.0100227
-0.000208754
0.00944031
-0.000195995
0.00888862
-0.000183301
0.00836801
-0.000170741
0.00787862
-0.000158381
0.00742039
-0.000146274
0.00699308
-0.000134472
0.00659629
-0.000123011
0.00622946
-0.000111926
0.00589192
-0.000101237
0.00558289
-9.09601e-05
0.0053015
-8.11001e-05
0.00504684
-7.16608e-05
0.00481793
-6.26331e-05
0.00461378
-5.40107e-05
0.00443338
-4.5776e-05
0.00427573
-3.7916e-05
0.00413982
-3.04088e-05
0.00402468
-2.32393e-05
0.00392935
-1.63849e-05
0.0038529
-9.83178e-06
0.00379444
-3.56083e-06
0.00375308
2.43838e-06
0.00372799
8.18297e-06
0.00371834
1.36798e-05
0.00372333
1.89389e-05
0.00374214
2.39545e-05
0.003774
2.87295e-05
0.00381811
3.3257e-05
0.00387371
3.7535e-05
0.00394
4.15523e-05
0.0040162
4.53026e-05
0.00410151
4.8771e-05
0.00419514
5.19474e-05
5.48137e-05
0.00429624
0.00255879
0.0023628
0.0021795
0.00200877
0.00185039
0.00170412
0.00156965
0.00144665
0.00133472
0.00123349
0.00114253
0.00106144
0.00098978
0.00092715
0.000873142
0.00082737
0.000789456
0.000759051
0.000735813
0.000719431
0.000709601
0.000706043
0.000708482
0.000716667
0.000730347
0.000749287
0.000773242
0.000801972
0.000835228
0.000872763
0.000914314
0.000959616
0.00100839
0.00106033
0.00111514
0.00556025
-0.000101184
0.00565011
-8.98264e-05
0.00573007
-7.99276e-05
0.00580158
-7.14822e-05
0.00586608
-6.44837e-05
0.00592505
-5.89467e-05
0.00597989
-5.48593e-05
0.00603252
-5.26518e-05
0.00608332
-5.08246e-05
-6.33835e-05
0.0142443
-0.000326986
0.0144469
-0.000292313
0.0146286
-0.000261583
0.014792
-0.000234834
0.0149396
-0.000212078
0.015074
-0.000193345
0.0151977
-0.000178561
0.0153132
-0.000168196
0.0154228
-0.000160478
-0.000166434
0.0227057
-0.000612217
0.0229629
-0.000549458
0.0231946
-0.000493318
0.0234038
-0.000443899
0.023593
-0.000401266
0.0237651
-0.000365453
0.023923
-0.000336444
0.024069
-0.000314321
0.0242072
-0.00029871
-0.000289139
0.0311518
-0.000883072
0.0313952
-0.000792832
0.0316137
-0.000711821
0.03181
-0.000640181
0.0319868
-0.000578015
0.0321467
-0.00052534
0.0322926
-0.00048232
0.0324266
-0.000448352
0.0325539
-0.000426035
-0.000400922
0.0395066
-0.00108017
0.0396796
-0.000965773
0.0398309
-0.000863144
0.0399632
-0.000772409
0.0400788
-0.000693665
0.0401804
-0.00062689
0.0402705
-0.000572404
0.0403511
-0.000528959
0.0404271
-0.000502071
-0.000466102
0.0473319
-0.00117069
0.0474029
-0.00103671
0.0474566
-0.000916873
0.0474955
-0.000811244
0.0475217
-0.000719879
0.0475375
-0.000642664
0.0475451
-0.000580033
0.0475464
-0.000530259
0.0475448
-0.000500476
-0.000459954
0.0539676
-0.00114565
0.0539287
-0.000997773
0.0538778
-0.000866018
0.053817
-0.000750376
0.0537479
-0.000650815
0.0536724
-0.00056716
0.0535921
-0.00049974
0.0535087
-0.00044683
0.0534234
-0.000415251
-0.000375935
0.058741
-0.00101313
0.0586015
-0.000858228
0.0584562
-0.000720798
0.0583066
-0.000600733
0.0581537
-0.000497906
0.0579986
-0.000412065
0.0578422
-0.000343346
0.0576857
-0.000290356
0.0575284
-0.000257982
-0.000224403
0.0611282
-0.00079427
0.06091
-0.000640063
0.060693
-0.000503835
0.0604777
-0.000385396
0.0602643
-0.000284517
0.0600531
-0.000200915
0.0598442
-0.000134412
0.0596381
-8.42695e-05
0.0594325
-5.23779e-05
-2.77125e-05
0.0608529
-0.000520966
0.0605879
-0.000375137
0.0603309
-0.000246871
0.0600814
-0.000135909
0.0598388
-4.19339e-05
0.0596025
3.53425e-05
0.0593717
9.63584e-05
0.0591464
0.000141101
0.058923
0.000170973
0.000184845
0.0579386
-0.000232054
0.0576647
-0.000101201
0.0574043
1.34633e-05
0.0571562
0.000112184
0.056919
0.000195224
0.0566915
0.000262828
0.0564722
0.000315642
0.0562603
0.000353024
0.0560521
0.000379179
0.000381888
0.0527133
3.28832e-05
0.0524678
0.000144227
0.05224
0.000241296
0.0520278
0.00032432
0.0518294
0.000393606
0.0516428
0.000449356
0.0514662
0.000492275
0.0512979
0.000521293
0.0511349
0.000542243
0.000535225
0.0457563
0.000240151
0.045571
0.000329441
0.0454054
0.00040692
0.0452569
0.000472784
0.0451232
0.00052726
0.0450021
0.000570491
0.0448913
0.000603045
0.0447888
0.000623805
0.0446925
0.000638566
0.000624852
0.0377965
0.000367573
0.037691
0.000434881
0.0376049
0.000493037
0.0375355
0.000542158
0.0374803
0.000582387
0.037437
0.000613779
0.0374034
0.000636696
0.037377
0.000650218
0.0373569
0.000658629
0.000642338
0.0295788
0.000409011
0.0295573
0.00045637
0.0295532
0.000497125
0.029564
0.000531326
0.0295874
0.000559022
0.0296209
0.000580226
0.0296626
0.000595047
0.0297098
0.000602982
0.0297626
0.000605893
0.000591676
0.0217471
0.000373602
0.0217992
0.000404194
0.0218659
0.000430411
0.021945
0.000452262
0.0220343
0.000469739
0.0221317
0.000482842
0.0222352
0.000491566
0.0223424
0.000495789
0.022453
0.000495259
0.000487735
0.0147744
0.000282458
0.0148787
0.000299903
0.0149943
0.000314798
0.0151195
0.000327105
0.0152524
0.000336836
0.0153912
0.000344001
0.0155342
0.000348649
0.015679
0.000350983
0.0158242
0.000350135
0.000352929
0.00894925
0.000165123
0.00907602
0.000173134
0.00921088
0.000179926
0.0093525
0.000185499
0.00949949
0.000189855
0.00965043
0.000193083
0.00980378
0.000195342
0.00995776
0.000197052
0.0101093
0.000198604
0.000212419
0.00440401
5.73581e-05
0.00451757
5.95641e-05
0.00463607
6.14248e-05
0.00475864
6.2937e-05
0.00488439
6.41257e-05
0.00501242
6.50818e-05
0.00514184
6.59715e-05
0.00527188
6.70597e-05
0.00540054
6.99655e-05
8.79492e-05
0.0011725
0.00123206
0.00129349
0.00135643
0.00142056
0.00148565
0.00155163
0.00161869
0.00168866
)
;

boundaryField
{
    inlet
    {
        type            calculated;
        value           nonuniform List<scalar> 10(-0.019 -0.051 -0.075 -0.091 -0.099 -0.099 -0.091 -0.075 -0.051 -0.019);
    }
    outlet
    {
        type            calculated;
        value           nonuniform List<scalar> 
20
(
0.00614669
0.0155258
0.0243299
0.0326656
0.0404922
0.0475386
0.0533394
0.0573769
0.0592358
0.0587104
0.055855
0.0509815
0.0446029
0.0373395
0.0298132
0.022557
0.015959
0.0102498
0.00552502
0.00177661
)
;
    }
    upperWall
    {
        type            calculated;
        value           uniform 0;
    }
    lowerWall
    {
        type            calculated;
        value           uniform 0;
    }
    frontAndBack
    {
        type            empty;
    }
}


// ************************************************************************* //
