/*--------------------------------*- C++ -*----------------------------------*\
| =========                 |                                                 |
| \\      /  F ield         | OpenFOAM: The Open Source CFD Toolbox           |
|  \\    /   O peration     | Version:  2406                                  |
|   \\  /    A nd           | Website:  www.openfoam.com                      |
|    \\/     M anipulation  |                                                 |
\*---------------------------------------------------------------------------*/
FoamFile
{
    version     2.0;
    format      ascii;
    arch        "LSB;label=32;scalar=64";
    class       volVectorField;
    location    "100";
    object      U;
}
// * * * * * * * * * * * * * * * * * * * * * * * * * * * * * * * * * * * * * //

dimensions      [0 1 -1 0 0 0 0];

internalField   nonuniform List<vector> 
1900
(
(0.192122 -0.00271894 0)
(0.197096 -0.0042622 0)
(0.202655 -0.0037518 0)
(0.208181 -0.00303404 0)
(0.213438 -0.00260342 0)
(0.218612 -0.0024168 0)
(0.224 -0.00245564 0)
(0.229837 -0.00280003 0)
(0.236866 -0.00349203 0)
(0.242639 -0.0128634 0)
(0.508064 -0.00289494 0)
(0.507437 -0.00614659 0)
(0.50827 -0.00723579 0)
(0.51001 -0.00759238 0)
(0.512766 -0.00791988 0)
(0.516551 -0.00839411 0)
(0.52131 -0.00914753 0)
(0.527046 -0.0104503 0)
(0.533932 -0.0125792 0)
(0.541031 -0.0169059 0)
(0.748605 -0.00196976 0)
(0.748285 -0.00482284 0)
(0.748337 -0.00657246 0)
(0.748376 -0.00789685 0)
(0.748997 -0.00924218 0)
(0.750485 -0.0107553 0)
(0.752777 -0.0125591 0)
(0.755741 -0.0148835 0)
(0.759196 -0.0180058 0)
(0.762596 -0.022487 0)
(0.908859 -0.00146073 0)
(0.908703 -0.0040265 0)
(0.908588 -0.00611221 0)
(0.908018 -0.00796195 0)
(0.907606 -0.00983771 0)
(0.9077 -0.0118774 0)
(0.908229 -0.0141873 0)
(0.90902 -0.0169052 0)
(0.909893 -0.0201488 0)
(0.910573 -0.0239646 0)
(0.988937 -0.00111602 0)
(0.98872 -0.00325139 0)
(0.988358 -0.00526019 0)
(0.987271 -0.00723229 0)
(0.986031 -0.0092863 0)
(0.984998 -0.0115074 0)
(0.98411 -0.0139629 0)
(0.983192 -0.0167142 0)
(0.982101 -0.0197854 0)
(0.980676 -0.0231277 0)
(0.988914 -0.000733619 0)
(0.988523 -0.00226079 0)
(0.987801 -0.00395262 0)
(0.986154 -0.00581619 0)
(0.984147 -0.00782716 0)
(0.982134 -0.00999613 0)
(0.980042 -0.0123522 0)
(0.977704 -0.0149098 0)
(0.975004 -0.0176502 0)
(0.971843 -0.0205083 0)
(0.908791 -0.000203262 0)
(0.908118 -0.000939582 0)
(0.90694 -0.00218584 0)
(0.904715 -0.00377706 0)
(0.902035 -0.00554186 0)
(0.899214 -0.00744539 0)
(0.896151 -0.00949718 0)
(0.892682 -0.0116801 0)
(0.888712 -0.0139503 0)
(0.884176 -0.0162442 0)
(0.748495 0.00066204 0)
(0.747337 0.000918308 0)
(0.745681 6.91207e-05 0)
(0.743065 -0.00125975 0)
(0.740038 -0.00270303 0)
(0.736822 -0.00422178 0)
(0.733281 -0.00583083 0)
(0.729255 -0.00749827 0)
(0.724654 -0.00917475 0)
(0.719422 -0.0108125 0)
(0.507932 0.00204775 0)
(0.506236 0.0036529 0)
(0.504888 0.00315651 0)
(0.503246 0.00195174 0)
(0.501398 0.000668744 0)
(0.499287 -0.000614723 0)
(0.496728 -0.00189116 0)
(0.493561 -0.00311144 0)
(0.489701 -0.00423421 0)
(0.485112 -0.00523996 0)
(0.191995 0.00232703 0)
(0.195985 0.00330566 0)
(0.199545 0.002392 0)
(0.202087 0.0013456 0)
(0.203438 0.000589788 0)
(0.203746 2.58193e-05 0)
(0.203136 -0.000421303 0)
(0.201708 -0.00076334 0)
(0.199557 -0.0010115 0)
(0.196779 -0.00118528 0)
(-5.04721e-05 3.43745e-05 0)
(-0.000935523 0.00029 0)
(-0.00259279 0.000455 0)
(-0.00464458 0.00051181 0)
(-0.00679345 0.000522808 0)
(-0.00892838 0.000519577 0)
(-0.011021 0.000514132 0)
(-0.0130682 0.000509593 0)
(-0.0150724 0.000505834 0)
(-0.0170355 0.00050218 0)
(-0.0189586 0.000498227 0)
(-0.0208418 0.000493884 0)
(-0.0226855 0.000489232 0)
(-0.0244903 0.000484423 0)
(-0.026257 0.000479616 0)
(-0.0279865 0.000474952 0)
(-0.0296801 0.000470546 0)
(-0.031339 0.000466479 0)
(-0.0329644 0.000462819 0)
(-0.0345575 0.000459608 0)
(-0.0361192 0.000456867 0)
(-0.0376502 0.000454579 0)
(-0.0391508 0.000452713 0)
(-0.040621 0.000451194 0)
(-0.0420601 0.000449928 0)
(-0.0434667 0.000448769 0)
(-0.0448385 0.000447546 0)
(-0.0461724 0.000446001 0)
(-0.0474641 0.00044386 0)
(-0.0487082 0.000440782 0)
(-0.0498977 0.000436401 0)
(-0.0510244 0.00043024 0)
(-0.0520785 0.000421833 0)
(-0.0530486 0.000410643 0)
(-0.0539217 0.000396053 0)
(-0.000443905 0.00101154 0)
(-0.0031892 0.00265973 0)
(-0.00734085 0.00365511 0)
(-0.0121561 0.00404145 0)
(-0.0170925 0.00411074 0)
(-0.0219456 0.00405648 0)
(-0.0266502 0.00396696 0)
(-0.031191 0.00387271 0)
(-0.0355689 0.0037807 0)
(-0.0397894 0.00369107 0)
(-0.0438582 0.00360312 0)
(-0.0477809 0.00351665 0)
(-0.0515625 0.00343188 0)
(-0.0552082 0.00334915 0)
(-0.0587227 0.00326881 0)
(-0.0621101 0.00319107 0)
(-0.0653745 0.00311599 0)
(-0.0685192 0.0030435 0)
(-0.0715467 0.00297341 0)
(-0.0744592 0.00290537 0)
(-0.0772574 0.00283889 0)
(-0.0799415 0.00277328 0)
(-0.0825103 0.00270768 0)
(-0.084961 0.00264104 0)
(-0.0872896 0.00257211 0)
(-0.0894903 0.00249942 0)
(-0.0915554 0.00242125 0)
(-0.0934754 0.00233561 0)
(-0.0952382 0.00224035 0)
(-0.0968297 0.00213315 0)
(-0.0982337 0.00201147 0)
(-0.0994315 0.00187256 0)
(-0.100402 0.00171366 0)
(-0.101122 0.00153205 0)
(-0.101568 0.00132481 0)
(-0.000880182 0.00337182 0)
(-0.00551637 0.00726739 0)
(-0.0118479 0.00931881 0)
(-0.0188092 0.010038 0)
(-0.0257248 0.0100799 0)
(-0.0323775 0.00984824 0)
(-0.0387029 0.00953193 0)
(-0.0446905 0.00920218 0)
(-0.0503508 0.00887997 0)
(-0.0557004 0.00856936 0)
(-0.0607566 0.00827025 0)
(-0.0655354 0.00798197 0)
(-0.0700511 0.00770398 0)
(-0.0743159 0.00743575 0)
(-0.0783402 0.00717671 0)
(-0.0821326 0.00692613 0)
(-0.0857001 0.00668303 0)
(-0.0890479 0.00644621 0)
(-0.0921795 0.00621432 0)
(-0.0950969 0.00598576 0)
(-0.0978 0.00575861 0)
(-0.100287 0.00553061 0)
(-0.102555 0.00529919 0)
(-0.104598 0.00506146 0)
(-0.106408 0.00481418 0)
(-0.107976 0.00455373 0)
(-0.109289 0.0042761 0)
(-0.110333 0.0039769 0)
(-0.111091 0.00365152 0)
(-0.111546 0.00329527 0)
(-0.111676 0.00290328 0)
(-0.11146 0.00247045 0)
(-0.110873 0.00199189 0)
(-0.109891 0.0014635 0)
(-0.108488 0.000881938 0)
(-0.00129447 0.00706125 0)
(-0.00758307 0.0138554 0)
(-0.0155512 0.0169348 0)
(-0.0238491 0.0177719 0)
(-0.0317533 0.0175458 0)
(-0.039102 0.0169079 0)
(-0.0458759 0.0161534 0)
(-0.0520988 0.0153951 0)
(-0.0578091 0.0146674 0)
(-0.0630467 0.0139769 0)
(-0.0678478 0.0133219 0)
(-0.0722433 0.012699 0)
(-0.0762588 0.0121043 0)
(-0.0799151 0.0115343 0)
(-0.0832289 0.0109855 0)
(-0.0862132 0.0104548 0)
(-0.0888778 0.00993868 0)
(-0.0912296 0.00943368 0)
(-0.0932725 0.00893624 0)
(-0.0950082 0.00844265 0)
(-0.096436 0.00794886 0)
(-0.0975528 0.00745034 0)
(-0.0983534 0.00694228 0)
(-0.0988299 0.00641957 0)
(-0.0989729 0.00587673 0)
(-0.0987707 0.00530793 0)
(-0.0982099 0.00470705 0)
(-0.0972753 0.0040676 0)
(-0.0959504 0.00338282 0)
(-0.0942173 0.00264628 0)
(-0.0920567 0.00185209 0)
(-0.089448 0.000995265 0)
(-0.0863756 7.06446e-05 0)
(-0.0828222 -0.000926337 0)
(-0.0787728 -0.00199874 0)
(-0.00169632 0.0118837 0)
(-0.00925881 0.0218479 0)
(-0.0180173 0.0256056 0)
(-0.0265081 0.0261224 0)
(-0.0341146 0.0252518 0)
(-0.0408126 0.0239038 0)
(-0.0466733 0.0224648 0)
(-0.0517822 0.0210751 0)
(-0.0562216 0.0197721 0)
(-0.0600621 0.018557 0)
(-0.0633617 0.0174203 0)
(-0.0661664 0.0163509 0)
(-0.0685127 0.0153376 0)
(-0.0704282 0.014371 0)
(-0.0719343 0.0134427 0)
(-0.073047 0.0125451 0)
(-0.073778 0.0116713 0)
(-0.0741347 0.0108142 0)
(-0.0741214 0.00996716 0)
(-0.0737392 0.009124 0)
(-0.0729869 0.00827815 0)
(-0.0718607 0.00742256 0)
(-0.0703547 0.00655011 0)
(-0.068461 0.00565376 0)
(-0.0661698 0.00472611 0)
(-0.0634702 0.00375975 0)
(-0.0603496 0.00274798 0)
(-0.0567948 0.00168386 0)
(-0.0527935 0.00055963 0)
(-0.0483337 -0.000631583 0)
(-0.0434035 -0.00189551 0)
(-0.0379949 -0.00323661 0)
(-0.032095 -0.00465835 0)
(-0.0256945 -0.0061638 0)
(-0.0187861 -0.00775473 0)
(-0.00211355 0.017673 0)
(-0.0104671 0.0304949 0)
(-0.018755 0.0341445 0)
(-0.0258256 0.033693 0)
(-0.0314635 0.0317327 0)
(-0.0358914 0.0293717 0)
(-0.0393046 0.0270375 0)
(-0.0418611 0.0248664 0)
(-0.0436874 0.0228783 0)
(-0.04488 0.0210549 0)
(-0.0455111 0.01937 0)
(-0.045635 0.0177984 0)
(-0.045292 0.0163181 0)
(-0.0445115 0.0149113 0)
(-0.0433148 0.0135632 0)
(-0.0417174 0.0122608 0)
(-0.03973 0.0109921 0)
(-0.0373589 0.00974558 0)
(-0.0346069 0.00851144 0)
(-0.0314743 0.007281 0)
(-0.0279583 0.00604529 0)
(-0.0240544 0.00479498 0)
(-0.0197562 0.00352119 0)
(-0.015057 0.00221532 0)
(-0.00994774 0.000868674 0)
(-0.00441848 -0.000526884 0)
(0.00153975 -0.00197876 0)
(0.00793215 -0.0034942 0)
(0.0147654 -0.0050795 0)
(0.0220477 -0.00674014 0)
(0.0297853 -0.0084806 0)
(0.0379822 -0.0103049 0)
(0.0466412 -0.0122157 0)
(0.0557622 -0.0142138 0)
(0.0653424 -0.0162982 0)
(-0.00257549 0.0244999 0)
(-0.010935 0.0387576 0)
(-0.0166977 0.0408107 0)
(-0.0199693 0.0385878 0)
(-0.0214401 0.0351729 0)
(-0.0216675 0.0316395 0)
(-0.020946 0.0283532 0)
(-0.0194721 0.0253981 0)
(-0.0173858 0.0227485 0)
(-0.014782 0.0203514 0)
(-0.0117242 0.0181564 0)
(-0.00825637 0.0161209 0)
(-0.00440876 0.0142098 0)
(-0.00020145 0.0123947 0)
(0.00435084 0.0106539 0)
(0.00923842 0.00896981 0)
(0.0144575 0.00732642 0)
(0.0200073 0.00570887 0)
(0.0258896 0.00410455 0)
(0.0321036 0.00250147 0)
(0.0386584 0.000887608 0)
(0.0455615 -0.000747462 0)
(0.0528198 -0.00241299 0)
(0.0604404 -0.00411797 0)
(0.0684288 -0.00587078 0)
(0.0767901 -0.00767889 0)
(0.0855295 -0.0095498 0)
(0.0946511 -0.0114906 0)
(0.104157 -0.0135064 0)
(0.11405 -0.0156012 0)
(0.124328 -0.0177781 0)
(0.13499 -0.0200386 0)
(0.146028 -0.0223829 0)
(0.157435 -0.024809 0)
(0.169199 -0.0273126 0)
(-0.00303706 0.032686 0)
(-0.00911408 0.0447542 0)
(-0.00840577 0.0428003 0)
(-0.00418921 0.0382066 0)
(0.00135076 0.0334026 0)
(0.00750062 0.0288943 0)
(0.0140723 0.0248794 0)
(0.0209512 0.0213656 0)
(0.0280631 0.0182623 0)
(0.0353733 0.0154746 0)
(0.0428697 0.0129304 0)
(0.0505481 0.0105735 0)
(0.0584085 0.00835869 0)
(0.0664539 0.00625102 0)
(0.0746852 0.00422229 0)
(0.0831088 0.00224888 0)
(0.0917388 0.000311818 0)
(0.100585 -0.00160446 0)
(0.109658 -0.00351303 0)
(0.118967 -0.0054264 0)
(0.128519 -0.00735645 0)
(0.138319 -0.00931353 0)
(0.148373 -0.0113068 0)
(0.158687 -0.0133448 0)
(0.169265 -0.0154351 0)
(0.180112 -0.0175844 0)
(0.19123 -0.0197988 0)
(0.202618 -0.0220831 0)
(0.214276 -0.0244412 0)
(0.226199 -0.0268754 0)
(0.238381 -0.0293864 0)
(0.250812 -0.0319729 0)
(0.263478 -0.0346319 0)
(0.276364 -0.0373577 0)
(0.289448 -0.0401422 0)
(0.000176648 0.0370725 0)
(0.00358495 0.042526 0)
(0.0179803 0.0353603 0)
(0.0344754 0.0291056 0)
(0.0497854 0.0239367 0)
(0.0639604 0.0193019 0)
(0.0774368 0.0152108 0)
(0.090401 0.0116651 0)
(0.102955 0.00854882 0)
(0.115192 0.00573613 0)
(0.127205 0.00314288 0)
(0.139066 0.000715013 0)
(0.150823 -0.00158825 0)
(0.162517 -0.00379918 0)
(0.174181 -0.0059437 0)
(0.185844 -0.00804399 0)
(0.197522 -0.0101191 0)
(0.209233 -0.0121842 0)
(0.220993 -0.0142525 0)
(0.232816 -0.0163354 0)
(0.244715 -0.018443 0)
(0.256702 -0.0205844 0)
(0.268784 -0.0227679 0)
(0.280969 -0.0250008 0)
(0.293262 -0.0272893 0)
(0.305665 -0.0296387 0)
(0.31818 -0.0320529 0)
(0.330802 -0.0345345 0)
(0.343527 -0.0370848 0)
(0.356346 -0.0397029 0)
(0.369247 -0.0423866 0)
(0.382214 -0.045131 0)
(0.395228 -0.0479291 0)
(0.408267 -0.0507717 0)
(0.421302 -0.0536466 0)
(0.0442337 0.0158036 0)
(0.0690808 0.0173152 0)
(0.0982377 0.0121269 0)
(0.126526 0.00776396 0)
(0.150326 0.00451023 0)
(0.170847 0.00154076 0)
(0.189505 -0.00131815 0)
(0.206904 -0.00398524 0)
(0.223311 -0.00644941 0)
(0.238944 -0.00875638 0)
(0.253976 -0.0109512 0)
(0.268526 -0.0130644 0)
(0.28268 -0.0151182 0)
(0.296506 -0.0171319 0)
(0.310059 -0.0191225 0)
(0.323382 -0.021104 0)
(0.336514 -0.0230885 0)
(0.349484 -0.0250865 0)
(0.362317 -0.0271078 0)
(0.375035 -0.0291609 0)
(0.387653 -0.0312533 0)
(0.400186 -0.0333917 0)
(0.412643 -0.0355817 0)
(0.425034 -0.0378279 0)
(0.43736 -0.0401338 0)
(0.449624 -0.0425014 0)
(0.461823 -0.0449319 0)
(0.47395 -0.0474244 0)
(0.485998 -0.0499766 0)
(0.497952 -0.0525845 0)
(0.509796 -0.0552418 0)
(0.521511 -0.05794 0)
(0.533073 -0.0606685 0)
(0.544456 -0.063414 0)
(0.555628 -0.0661609 0)
(0.264662 -0.0253924 0)
(0.278815 -0.0243372 0)
(0.295861 -0.0218366 0)
(0.315617 -0.0205535 0)
(0.334633 -0.0201843 0)
(0.352174 -0.0204694 0)
(0.368696 -0.02126 0)
(0.384457 -0.0223742 0)
(0.399517 -0.0236678 0)
(0.413946 -0.0250668 0)
(0.427835 -0.0265365 0)
(0.441262 -0.0280576 0)
(0.454285 -0.0296193 0)
(0.46695 -0.0312172 0)
(0.479292 -0.0328517 0)
(0.491344 -0.034525 0)
(0.503133 -0.0362401 0)
(0.514678 -0.0380007 0)
(0.525999 -0.0398104 0)
(0.537107 -0.0416728 0)
(0.548014 -0.0435911 0)
(0.558728 -0.0455677 0)
(0.569251 -0.0476045 0)
(0.579584 -0.0497024 0)
(0.589727 -0.0518613 0)
(0.599674 -0.0540799 0)
(0.609416 -0.0563553 0)
(0.618942 -0.0586835 0)
(0.628237 -0.0610586 0)
(0.637284 -0.0634728 0)
(0.646063 -0.0659165 0)
(0.654548 -0.0683778 0)
(0.662715 -0.0708429 0)
(0.670535 -0.0732955 0)
(0.677976 -0.0757174 0)
(0.54647 -0.0235667 0)
(0.549554 -0.0273851 0)
(0.554149 -0.0291296 0)
(0.561336 -0.0304126 0)
(0.569786 -0.031585 0)
(0.578608 -0.0326475 0)
(0.587633 -0.0336834 0)
(0.596795 -0.0347593 0)
(0.60597 -0.0358839 0)
(0.615057 -0.0370497 0)
(0.624011 -0.0382553 0)
(0.632812 -0.0395018 0)
(0.641441 -0.0407904 0)
(0.649888 -0.042122 0)
(0.658143 -0.0434987 0)
(0.666201 -0.0449231 0)
(0.674058 -0.0463976 0)
(0.681709 -0.0479247 0)
(0.68915 -0.0495063 0)
(0.696377 -0.0511441 0)
(0.703384 -0.0528391 0)
(0.710163 -0.0545917 0)
(0.716705 -0.0564012 0)
(0.723002 -0.0582662 0)
(0.729039 -0.0601838 0)
(0.734804 -0.0621501 0)
(0.740279 -0.0641597 0)
(0.745446 -0.0662057 0)
(0.750284 -0.0682795 0)
(0.754772 -0.0703709 0)
(0.758884 -0.0724675 0)
(0.762595 -0.0745556 0)
(0.765877 -0.0766192 0)
(0.768703 -0.0786406 0)
(0.771044 -0.0806003 0)
(0.765013 -0.0276459 0)
(0.766361 -0.0313923 0)
(0.767845 -0.0336544 0)
(0.770236 -0.0353359 0)
(0.773295 -0.0368417 0)
(0.776643 -0.0382068 0)
(0.780165 -0.0394665 0)
(0.783836 -0.0406808 0)
(0.787595 -0.0418795 0)
(0.791369 -0.0430699 0)
(0.795109 -0.044257 0)
(0.798782 -0.0454487 0)
(0.802362 -0.0466522 0)
(0.805823 -0.0478739 0)
(0.809143 -0.0491196 0)
(0.812306 -0.0503945 0)
(0.815293 -0.0517031 0)
(0.818089 -0.0530492 0)
(0.820679 -0.0544354 0)
(0.823047 -0.0558638 0)
(0.825179 -0.057335 0)
(0.827056 -0.0588488 0)
(0.828664 -0.0604038 0)
(0.829984 -0.0619973 0)
(0.830998 -0.0636253 0)
(0.831685 -0.0652824 0)
(0.832025 -0.0669617 0)
(0.831995 -0.0686548 0)
(0.831573 -0.070352 0)
(0.830736 -0.0720415 0)
(0.829458 -0.0737104 0)
(0.827715 -0.0753439 0)
(0.825485 -0.0769258 0)
(0.822743 -0.0784387 0)
(0.819467 -0.0798638 0)
(0.910672 -0.0279629 0)
(0.910084 -0.0313713 0)
(0.909249 -0.0339488 0)
(0.908631 -0.0360065 0)
(0.908275 -0.0378011 0)
(0.908024 -0.0393957 0)
(0.907789 -0.0408178 0)
(0.907547 -0.042117 0)
(0.907268 -0.0433358 0)
(0.906908 -0.0444982 0)
(0.906432 -0.0456198 0)
(0.905817 -0.0467148 0)
(0.905041 -0.0477959 0)
(0.904089 -0.0488732 0)
(0.902941 -0.0499552 0)
(0.901582 -0.0510486 0)
(0.899998 -0.0521586 0)
(0.898173 -0.0532896 0)
(0.896093 -0.0544442 0)
(0.893741 -0.055624 0)
(0.891103 -0.0568293 0)
(0.88816 -0.0580594 0)
(0.884896 -0.0593118 0)
(0.881294 -0.0605831 0)
(0.877335 -0.0618685 0)
(0.873 -0.0631619 0)
(0.86827 -0.0644557 0)
(0.863125 -0.065741 0)
(0.857547 -0.0670078 0)
(0.851516 -0.0682443 0)
(0.845015 -0.069438 0)
(0.838026 -0.0705748 0)
(0.830536 -0.07164 0)
(0.822529 -0.0726176 0)
(0.813998 -0.0734913 0)
(0.978726 -0.0265346 0)
(0.976191 -0.0296379 0)
(0.973265 -0.0322049 0)
(0.97021 -0.0342998 0)
(0.967115 -0.0360756 0)
(0.963928 -0.0376147 0)
(0.960599 -0.0389568 0)
(0.957113 -0.0401455 0)
(0.953459 -0.0412235 0)
(0.949616 -0.0422213 0)
(0.945563 -0.0431598 0)
(0.941286 -0.0440554 0)
(0.93677 -0.0449221 0)
(0.932005 -0.0457715 0)
(0.926979 -0.0466123 0)
(0.92168 -0.0474514 0)
(0.916097 -0.048294 0)
(0.910218 -0.0491439 0)
(0.904033 -0.0500035 0)
(0.897527 -0.0508737 0)
(0.89069 -0.0517545 0)
(0.883507 -0.0526442 0)
(0.875966 -0.0535401 0)
(0.868054 -0.0544385 0)
(0.859757 -0.0553342 0)
(0.851061 -0.056221 0)
(0.841955 -0.0570916 0)
(0.832427 -0.0579377 0)
(0.822466 -0.0587497 0)
(0.812062 -0.0595174 0)
(0.801209 -0.0602297 0)
(0.789902 -0.0608746 0)
(0.778137 -0.0614398 0)
(0.765917 -0.0619127 0)
(0.753246 -0.0622805 0)
(0.968121 -0.0233474 0)
(0.963804 -0.0259615 0)
(0.958983 -0.028195 0)
(0.953805 -0.0300451 0)
(0.948352 -0.0315956 0)
(0.942631 -0.032915 0)
(0.936633 -0.0340423 0)
(0.930361 -0.0350118 0)
(0.923818 -0.0358592 0)
(0.917003 -0.0366143 0)
(0.909911 -0.0372992 0)
(0.902535 -0.0379312 0)
(0.894873 -0.0385247 0)
(0.88692 -0.0390911 0)
(0.878671 -0.0396395 0)
(0.870123 -0.0401767 0)
(0.861268 -0.0407079 0)
(0.852103 -0.0412367 0)
(0.842619 -0.0417651 0)
(0.832811 -0.042294 0)
(0.822672 -0.0428231 0)
(0.812196 -0.0433506 0)
(0.801376 -0.0438741 0)
(0.790206 -0.04439 0)
(0.778681 -0.0448937 0)
(0.766795 -0.0453797 0)
(0.754545 -0.0458419 0)
(0.74193 -0.0462733 0)
(0.728949 -0.0466662 0)
(0.715604 -0.0470123 0)
(0.7019 -0.0473032 0)
(0.687844 -0.0475299 0)
(0.673447 -0.0476833 0)
(0.658723 -0.0477548 0)
(0.64369 -0.0477357 0)
(0.879012 -0.0184689 0)
(0.873204 -0.0205058 0)
(0.866801 -0.0222603 0)
(0.859897 -0.0237133 0)
(0.852569 -0.0249053 0)
(0.844856 -0.0258846 0)
(0.836777 -0.0266866 0)
(0.828356 -0.0273411 0)
(0.819613 -0.0278787 0)
(0.810563 -0.0283268 0)
(0.801217 -0.0287071 0)
(0.791584 -0.0290363 0)
(0.781672 -0.0293279 0)
(0.771487 -0.0295926 0)
(0.761034 -0.0298388 0)
(0.750317 -0.0300728 0)
(0.739338 -0.0302992 0)
(0.728098 -0.0305209 0)
(0.716599 -0.0307397 0)
(0.704841 -0.0309563 0)
(0.692823 -0.0311701 0)
(0.680546 -0.0313799 0)
(0.668011 -0.0315833 0)
(0.655218 -0.0317775 0)
(0.642168 -0.0319589 0)
(0.628866 -0.0321233 0)
(0.615314 -0.0322661 0)
(0.60152 -0.032382 0)
(0.587491 -0.0324656 0)
(0.573238 -0.0325113 0)
(0.558774 -0.0325133 0)
(0.544114 -0.0324658 0)
(0.529278 -0.0323635 0)
(0.514289 -0.032201 0)
(0.499171 -0.0319736 0)
(0.713517 -0.0123558 0)
(0.70693 -0.0137389 0)
(0.699702 -0.0149076 0)
(0.691907 -0.0158466 0)
(0.683623 -0.0165788 0)
(0.674911 -0.0171396 0)
(0.665818 -0.0175599 0)
(0.656388 -0.0178657 0)
(0.646664 -0.0180819 0)
(0.636678 -0.0182311 0)
(0.62646 -0.0183312 0)
(0.616032 -0.0183963 0)
(0.605413 -0.0184371 0)
(0.594618 -0.0184621 0)
(0.583661 -0.0184778 0)
(0.572551 -0.0184888 0)
(0.561295 -0.0184982 0)
(0.549898 -0.0185079 0)
(0.538364 -0.0185187 0)
(0.526698 -0.0185307 0)
(0.514901 -0.0185431 0)
(0.502977 -0.0185545 0)
(0.490928 -0.0185632 0)
(0.478758 -0.0185669 0)
(0.466471 -0.0185629 0)
(0.454074 -0.0185484 0)
(0.441572 -0.0185203 0)
(0.428975 -0.0184752 0)
(0.416295 -0.0184099 0)
(0.403543 -0.0183213 0)
(0.390735 -0.018206 0)
(0.37789 -0.0180613 0)
(0.365027 -0.0178845 0)
(0.352169 -0.0176732 0)
(0.33934 -0.0174256 0)
(0.479787 -0.0061131 0)
(0.473755 -0.0068339 0)
(0.467085 -0.00738824 0)
(0.459873 -0.00778121 0)
(0.452221 -0.00803746 0)
(0.444218 -0.00818832 0)
(0.435941 -0.00826068 0)
(0.427455 -0.00827558 0)
(0.418814 -0.00825066 0)
(0.41006 -0.0082006 0)
(0.401226 -0.00813634 0)
(0.392336 -0.00806543 0)
(0.383408 -0.00799296 0)
(0.374453 -0.00792238 0)
(0.36548 -0.0078558 0)
(0.356494 -0.00779431 0)
(0.347497 -0.00773818 0)
(0.338489 -0.00768718 0)
(0.329472 -0.00764066 0)
(0.320444 -0.00759772 0)
(0.311406 -0.00755724 0)
(0.302358 -0.00751796 0)
(0.2933 -0.00747852 0)
(0.284233 -0.00743747 0)
(0.275163 -0.00739332 0)
(0.266091 -0.00734459 0)
(0.257024 -0.00728978 0)
(0.24797 -0.00722751 0)
(0.238937 -0.00715643 0)
(0.229936 -0.00707534 0)
(0.220979 -0.00698314 0)
(0.212079 -0.00687894 0)
(0.203252 -0.006762 0)
(0.194514 -0.00663181 0)
(0.185882 -0.0064881 0)
(0.193473 -0.00129907 0)
(0.189737 -0.00135992 0)
(0.185673 -0.0013743 0)
(0.181384 -0.00135334 0)
(0.176959 -0.00131136 0)
(0.172464 -0.0012606 0)
(0.167948 -0.00120827 0)
(0.16344 -0.00115794 0)
(0.158964 -0.0011117 0)
(0.154531 -0.00107081 0)
(0.150148 -0.00103552 0)
(0.145817 -0.00100537 0)
(0.141538 -0.00097971 0)
(0.137307 -0.000957896 0)
(0.133122 -0.000939283 0)
(0.128979 -0.000923241 0)
(0.124874 -0.00090916 0)
(0.120804 -0.000896537 0)
(0.116766 -0.000884929 0)
(0.112758 -0.000873986 0)
(0.108778 -0.000863378 0)
(0.104826 -0.000852829 0)
(0.100899 -0.000842055 0)
(0.0970008 -0.000830814 0)
(0.0931307 -0.000818864 0)
(0.0892914 -0.000806014 0)
(0.0854857 -0.000792085 0)
(0.0817172 -0.000776953 0)
(0.0779901 -0.000760508 0)
(0.0743093 -0.000742687 0)
(0.0706802 -0.000723439 0)
(0.0671087 -0.000702755 0)
(0.0636011 -0.000680643 0)
(0.0601637 -0.000657148 0)
(0.0568033 -0.000632339 0)
(-0.0546831 0.000377324 0)
(-0.0553168 0.000353787 0)
(-0.0558049 0.00032464 0)
(-0.0561289 0.000288951 0)
(-0.0562686 0.000246151 0)
(-0.0562018 0.000196487 0)
(-0.0559101 0.000140067 0)
(-0.0553749 7.66341e-05 0)
(-0.0545785 6.13801e-06 0)
(-0.053505 -7.11516e-05 0)
(-0.101712 0.0010891 0)
(-0.101528 0.00082271 0)
(-0.100985 0.000524076 0)
(-0.100058 0.000191608 0)
(-0.0987202 -0.000175785 0)
(-0.0969471 -0.000577608 0)
(-0.0947133 -0.00101217 0)
(-0.0919972 -0.00147736 0)
(-0.0887819 -0.0019699 0)
(-0.0850553 -0.0024851 0)
(-0.106639 0.000244238 0)
(-0.104321 -0.000452022 0)
(-0.101514 -0.00120791 0)
(-0.0981946 -0.0020233 0)
(-0.0943445 -0.00289697 0)
(-0.0899478 -0.00382615 0)
(-0.0849926 -0.00480599 0)
(-0.0794719 -0.0058294 0)
(-0.0733839 -0.00688739 0)
(-0.066732 -0.00796904 0)
(-0.0742111 -0.00314781 0)
(-0.0691218 -0.00437356 0)
(-0.0634934 -0.00567382 0)
(-0.0573182 -0.00704605 0)
(-0.0505916 -0.00848645 0)
(-0.043313 -0.00998778 0)
(-0.035487 -0.0115403 0)
(-0.0271235 -0.0131316 0)
(-0.0182375 -0.0147471 0)
(-0.00884908 -0.01637 0)
(-0.0113646 -0.00943109 0)
(-0.00342608 -0.0111903 0)
(0.00502544 -0.0130275 0)
(0.0139823 -0.0149364 0)
(0.0234361 -0.0169085 0)
(0.0333735 -0.0189317 0)
(0.0437756 -0.0209913 0)
(0.0546182 -0.0230701 0)
(0.0658723 -0.0251481 0)
(0.0775043 -0.0272029 0)
(0.0753762 -0.0184656 0)
(0.0858543 -0.02071 0)
(0.0967639 -0.0230246 0)
(0.108088 -0.0253992 0)
(0.119804 -0.0278194 0)
(0.131885 -0.0302681 0)
(0.144301 -0.0327257 0)
(0.157015 -0.0351702 0)
(0.169988 -0.0375771 0)
(0.183176 -0.0399198 0)
(0.181304 -0.0298868 0)
(0.19373 -0.032522 0)
(0.206454 -0.0352057 0)
(0.219447 -0.0379227 0)
(0.232676 -0.0406548 0)
(0.246106 -0.0433808 0)
(0.259695 -0.046077 0)
(0.273398 -0.0487171 0)
(0.287168 -0.051273 0)
(0.300954 -0.0537152 0)
(0.302706 -0.0429746 0)
(0.316109 -0.045841 0)
(0.329624 -0.0487249 0)
(0.343216 -0.0516069 0)
(0.356844 -0.0544647 0)
(0.370463 -0.0572733 0)
(0.384028 -0.0600057 0)
(0.397489 -0.0626326 0)
(0.410795 -0.0651238 0)
(0.423896 -0.0674481 0)
(0.434304 -0.0565388 0)
(0.447238 -0.059431 0)
(0.460066 -0.0623027 0)
(0.472748 -0.065131 0)
(0.48524 -0.0678906 0)
(0.497497 -0.0705541 0)
(0.509473 -0.0730923 0)
(0.521121 -0.0754751 0)
(0.532393 -0.0776718 0)
(0.543243 -0.0796517 0)
(0.566557 -0.068891 0)
(0.577206 -0.0715835 0)
(0.587539 -0.0742156 0)
(0.597515 -0.0767622 0)
(0.607094 -0.0791964 0)
(0.616235 -0.0814899 0)
(0.624898 -0.0836137 0)
(0.633044 -0.0855385 0)
(0.640637 -0.0872351 0)
(0.647644 -0.0886759 0)
(0.685006 -0.0780881 0)
(0.691592 -0.0803853 0)
(0.6977 -0.0825848 0)
(0.703296 -0.0846612 0)
(0.708346 -0.0865879 0)
(0.71282 -0.0883377 0)
(0.716688 -0.0898837 0)
(0.719926 -0.0911993 0)
(0.722513 -0.0922593 0)
(0.724432 -0.0930405 0)
(0.772871 -0.0824775 0)
(0.774156 -0.0842497 0)
(0.774874 -0.0858936 0)
(0.774999 -0.0873852 0)
(0.774509 -0.0887002 0)
(0.773388 -0.0898147 0)
(0.771622 -0.0907055 0)
(0.769201 -0.0913508 0)
(0.766123 -0.0917309 0)
(0.762393 -0.0918287 0)
(0.815637 -0.0811814 0)
(0.811236 -0.0823712 0)
(0.806249 -0.0834124 0)
(0.800664 -0.0842845 0)
(0.794476 -0.0849673 0)
(0.787684 -0.0854417 0)
(0.780292 -0.0856901 0)
(0.77231 -0.0856969 0)
(0.763757 -0.085449 0)
(0.754657 -0.0849362 0)
(0.804933 -0.0742445 0)
(0.795333 -0.0748603 0)
(0.785198 -0.0753224 0)
(0.774535 -0.0756149 0)
(0.763356 -0.0757232 0)
(0.751678 -0.0756343 0)
(0.739525 -0.0753368 0)
(0.726927 -0.0748218 0)
(0.713921 -0.0740832 0)
(0.70055 -0.0731174 0)
(0.740132 -0.0625306 0)
(0.726589 -0.0626509 0)
(0.712635 -0.0626302 0)
(0.698294 -0.0624581 0)
(0.683595 -0.0621259 0)
(0.668572 -0.0616265 0)
(0.653265 -0.0609547 0)
(0.637719 -0.0601077 0)
(0.621985 -0.0590851 0)
(0.606117 -0.0578889 0)
(0.628371 -0.0476178 0)
(0.612793 -0.047394 0)
(0.596986 -0.0470579 0)
(0.580987 -0.0466043 0)
(0.564835 -0.0460296 0)
(0.548573 -0.0453315 0)
(0.532251 -0.0445096 0)
(0.51592 -0.0435654 0)
(0.499632 -0.0425021 0)
(0.483445 -0.0413247 0)
(0.483954 -0.0316773 0)
(0.46867 -0.0313086 0)
(0.453354 -0.0308651 0)
(0.438046 -0.0303455 0)
(0.422785 -0.0297494 0)
(0.407617 -0.0290776 0)
(0.392584 -0.0283323 0)
(0.377733 -0.0275165 0)
(0.363111 -0.0266349 0)
(0.348764 -0.0256926 0)
(0.326568 -0.0171404 0)
(0.313881 -0.0168168 0)
(0.301311 -0.0164545 0)
(0.288888 -0.016054 0)
(0.276646 -0.0156164 0)
(0.264616 -0.0151434 0)
(0.252833 -0.0146374 0)
(0.241328 -0.0141013 0)
(0.230131 -0.0135383 0)
(0.219273 -0.0129523 0)
(0.177376 -0.00633081 0)
(0.169013 -0.00616014 0)
(0.160812 -0.00597655 0)
(0.152794 -0.00578072 0)
(0.144976 -0.00557358 0)
(0.137377 -0.00535623 0)
(0.130014 -0.00512996 0)
(0.122903 -0.0048962 0)
(0.116059 -0.00465648 0)
(0.109493 -0.00441239 0)
(0.0535265 -0.000606322 0)
(0.0503398 -0.000579226 0)
(0.0472495 -0.000551206 0)
(0.0442617 -0.00052244 0)
(0.0413819 -0.000493115 0)
(0.038615 -0.000463431 0)
(0.0359655 -0.000433585 0)
(0.0334369 -0.000403782 0)
(0.0310321 -0.000374212 0)
(0.0287533 -0.000345065 0)
(-0.0521412 -0.000154482 0)
(-0.0504778 -0.000242915 0)
(-0.048509 -0.000335219 0)
(-0.0462335 -0.000429983 0)
(-0.0436548 -0.000525503 0)
(-0.0407813 -0.000619957 0)
(-0.0376265 -0.000711355 0)
(-0.034209 -0.000797762 0)
(-0.0305522 -0.000877262 0)
(-0.0266839 -0.000948095 0)
(-0.022635 -0.0010089 0)
(-0.01844 -0.00105881 0)
(-0.0141344 -0.00109794 0)
(-0.0097547 -0.0011257 0)
(-0.00533922 -0.00114092 0)
(-0.000925808 -0.00114298 0)
(0.00345173 -0.00113107 0)
(0.00776215 -0.00110694 0)
(0.0119738 -0.00107325 0)
(0.0160578 -0.00103141 0)
(0.0199896 -0.000982683 0)
(0.0237487 -0.000928467 0)
(0.0273184 -0.000870149 0)
(0.0306857 -0.000809088 0)
(0.0338418 -0.000746558 0)
(0.0367812 -0.000683743 0)
(0.039502 -0.000621693 0)
(0.0420055 -0.000561335 0)
(0.0442957 -0.000503444 0)
(0.0463792 -0.00044866 0)
(0.0482645 -0.00039748 0)
(0.049962 -0.000350279 0)
(0.0514835 -0.000307307 0)
(0.0528417 -0.000268724 0)
(0.0540505 -0.000234595 0)
(-0.0808112 -0.00301688 0)
(-0.0760501 -0.00355838 0)
(-0.070779 -0.00410229 0)
(-0.0650116 -0.00464064 0)
(-0.0587685 -0.00516488 0)
(-0.052077 -0.00566636 0)
(-0.0449709 -0.00613673 0)
(-0.0374899 -0.00656868 0)
(-0.0296794 -0.00695466 0)
(-0.0215904 -0.00728744 0)
(-0.0132764 -0.00756281 0)
(-0.004795 -0.00777764 0)
(0.00379711 -0.00792865 0)
(0.0124487 -0.00801461 0)
(0.0211043 -0.00803693 0)
(0.0297058 -0.00799712 0)
(0.0382001 -0.00789626 0)
(0.0465377 -0.00773822 0)
(0.0546727 -0.00752956 0)
(0.0625633 -0.00727611 0)
(0.0701732 -0.00698398 0)
(0.0774708 -0.00665958 0)
(0.0844304 -0.00630951 0)
(0.0910312 -0.0059403 0)
(0.0972583 -0.00555832 0)
(0.103102 -0.00516964 0)
(0.108556 -0.0047799 0)
(0.113622 -0.00439428 0)
(0.118304 -0.00401738 0)
(0.122609 -0.00365323 0)
(0.126549 -0.00330529 0)
(0.130139 -0.0029764 0)
(0.133396 -0.00266886 0)
(0.136339 -0.00238445 0)
(0.138991 -0.00212447 0)
(-0.0595264 -0.00906134 0)
(-0.0517847 -0.0101502 0)
(-0.0435313 -0.0112216 0)
(-0.0347967 -0.0122609 0)
(-0.0256168 -0.0132533 0)
(-0.0160337 -0.0141842 0)
(-0.00609517 -0.0150398 0)
(0.0041431 -0.0158058 0)
(0.0146303 -0.0164707 0)
(0.0253145 -0.0170269 0)
(0.0361347 -0.0174678 0)
(0.0470304 -0.0177893 0)
(0.0579415 -0.0179877 0)
(0.0688097 -0.0180619 0)
(0.0795781 -0.0180152 0)
(0.0901915 -0.0178516 0)
(0.100599 -0.017577 0)
(0.110753 -0.0171988 0)
(0.120611 -0.0167262 0)
(0.130137 -0.0161696 0)
(0.139296 -0.0155401 0)
(0.148062 -0.0148494 0)
(0.156414 -0.0141095 0)
(0.164333 -0.0133323 0)
(0.171809 -0.0125294 0)
(0.178834 -0.0117121 0)
(0.185406 -0.0108908 0)
(0.191529 -0.0100753 0)
(0.197206 -0.0092743 0)
(0.20245 -0.00849577 0)
(0.207272 -0.00774656 0)
(0.211688 -0.00703259 0)
(0.215718 -0.0063588 0)
(0.219381 -0.00572924 0)
(0.222701 -0.00514708 0)
(0.00101196 -0.0179806 0)
(0.0113111 -0.0195592 0)
(0.0220141 -0.0210867 0)
(0.0330811 -0.0225433 0)
(0.0444654 -0.0239088 0)
(0.0561169 -0.0251641 0)
(0.0679818 -0.0262913 0)
(0.0800042 -0.027274 0)
(0.0921271 -0.0280988 0)
(0.104291 -0.0287561 0)
(0.116438 -0.0292382 0)
(0.128508 -0.0295405 0)
(0.140446 -0.0296614 0)
(0.152199 -0.0296025 0)
(0.163715 -0.0293688 0)
(0.174949 -0.028968 0)
(0.185858 -0.0284102 0)
(0.196405 -0.0277077 0)
(0.206558 -0.0268744 0)
(0.21629 -0.0259259 0)
(0.225579 -0.0248786 0)
(0.234407 -0.0237495 0)
(0.242762 -0.0225555 0)
(0.250638 -0.0213136 0)
(0.258032 -0.0200403 0)
(0.264945 -0.0187509 0)
(0.271382 -0.0174603 0)
(0.277353 -0.0161819 0)
(0.282869 -0.014928 0)
(0.287945 -0.0137096 0)
(0.292597 -0.0125362 0)
(0.296845 -0.0114162 0)
(0.30071 -0.0103566 0)
(0.304214 -0.00936327 0)
(0.30738 -0.00844085 0)
(0.0894764 -0.0292112 0)
(0.101747 -0.0311495 0)
(0.114268 -0.0329933 0)
(0.126991 -0.034718 0)
(0.13986 -0.0362996 0)
(0.152821 -0.037716 0)
(0.165817 -0.0389473 0)
(0.178791 -0.0399764 0)
(0.191684 -0.0407892 0)
(0.204442 -0.0413758 0)
(0.21701 -0.0417298 0)
(0.229335 -0.041849 0)
(0.241369 -0.0417348 0)
(0.253068 -0.0413927 0)
(0.264391 -0.0408317 0)
(0.275302 -0.040064 0)
(0.285771 -0.0391047 0)
(0.295774 -0.0379713 0)
(0.305289 -0.0366832 0)
(0.314304 -0.035261 0)
(0.322807 -0.0337263 0)
(0.330794 -0.032101 0)
(0.338264 -0.0304068 0)
(0.345223 -0.0286651 0)
(0.351676 -0.0268962 0)
(0.357636 -0.0251193 0)
(0.363116 -0.0233524 0)
(0.368133 -0.0216118 0)
(0.372706 -0.0199122 0)
(0.376854 -0.0182667 0)
(0.380601 -0.0166866 0)
(0.383969 -0.0151818 0)
(0.386982 -0.0137604 0)
(0.389666 -0.0124292 0)
(0.392044 -0.0111935 0)
(0.196532 -0.042171 0)
(0.210005 -0.0443026 0)
(0.223543 -0.0462869 0)
(0.237091 -0.0480971 0)
(0.250593 -0.0497077 0)
(0.263992 -0.0510958 0)
(0.277233 -0.0522413 0)
(0.290262 -0.053128 0)
(0.303026 -0.0537434 0)
(0.315476 -0.0540798 0)
(0.327567 -0.0541339 0)
(0.339257 -0.053907 0)
(0.350508 -0.053405 0)
(0.361289 -0.052638 0)
(0.371573 -0.05162 0)
(0.381338 -0.0503685 0)
(0.390569 -0.0489041 0)
(0.399254 -0.0472495 0)
(0.407388 -0.0454293 0)
(0.414969 -0.0434692 0)
(0.422002 -0.0413956 0)
(0.428494 -0.0392347 0)
(0.434457 -0.0370123 0)
(0.439904 -0.0347532 0)
(0.444853 -0.032481 0)
(0.449324 -0.0302178 0)
(0.453337 -0.0279836 0)
(0.456917 -0.0257967 0)
(0.460086 -0.0236735 0)
(0.462871 -0.0216282 0)
(0.465295 -0.019673 0)
(0.467385 -0.0178183 0)
(0.469167 -0.0160726 0)
(0.470666 -0.0144428 0)
(0.471908 -0.0129343 0)
(0.314704 -0.0560136 0)
(0.328364 -0.0581383 0)
(0.34188 -0.0600602 0)
(0.355198 -0.0617519 0)
(0.368263 -0.0631883 0)
(0.381025 -0.0643476 0)
(0.393435 -0.0652118 0)
(0.405447 -0.0657672 0)
(0.41702 -0.0660049 0)
(0.428118 -0.0659213 0)
(0.438708 -0.0655175 0)
(0.448765 -0.0648 0)
(0.458268 -0.0637799 0)
(0.467201 -0.0624728 0)
(0.475555 -0.0608983 0)
(0.483327 -0.0590794 0)
(0.490516 -0.0570418 0)
(0.497128 -0.0548133 0)
(0.503174 -0.0524233 0)
(0.508666 -0.0499015 0)
(0.513623 -0.0472782 0)
(0.518063 -0.0445829 0)
(0.522008 -0.0418442 0)
(0.525483 -0.0390893 0)
(0.528511 -0.0363437 0)
(0.53112 -0.0336308 0)
(0.533335 -0.0309721 0)
(0.535183 -0.0283864 0)
(0.53669 -0.0258906 0)
(0.537884 -0.0234989 0)
(0.538788 -0.0212237 0)
(0.539429 -0.0190751 0)
(0.539832 -0.0170612 0)
(0.540019 -0.0151883 0)
(0.540014 -0.0134613 0)
(0.436738 -0.0695748 0)
(0.449272 -0.0714738 0)
(0.461448 -0.0731169 0)
(0.473219 -0.0744784 0)
(0.48454 -0.0755358 0)
(0.495373 -0.0762706 0)
(0.505683 -0.0766688 0)
(0.515438 -0.0767214 0)
(0.524616 -0.0764249 0)
(0.533198 -0.0757809 0)
(0.541171 -0.0747965 0)
(0.54853 -0.073484 0)
(0.555273 -0.0718604 0)
(0.561407 -0.0699468 0)
(0.566941 -0.0677684 0)
(0.57189 -0.065353 0)
(0.576274 -0.0627309 0)
(0.580114 -0.0599338 0)
(0.583437 -0.0569945 0)
(0.586269 -0.0539457 0)
(0.588639 -0.0508197 0)
(0.590578 -0.0476479 0)
(0.592115 -0.0444599 0)
(0.593281 -0.0412836 0)
(0.594106 -0.038145 0)
(0.594619 -0.0350673 0)
(0.594848 -0.0320716 0)
(0.594819 -0.0291762 0)
(0.594558 -0.026397 0)
(0.59409 -0.0237476 0)
(0.593437 -0.0212392 0)
(0.59262 -0.0188809 0)
(0.591659 -0.0166796 0)
(0.590573 -0.0146408 0)
(0.589378 -0.0127681 0)
(0.553629 -0.0813854 0)
(0.56351 -0.0828451 0)
(0.572848 -0.0840058 0)
(0.581611 -0.0848456 0)
(0.589772 -0.0853468 0)
(0.597308 -0.085496 0)
(0.604206 -0.0852852 0)
(0.610456 -0.0847115 0)
(0.616055 -0.0837776 0)
(0.621009 -0.0824916 0)
(0.625326 -0.0808667 0)
(0.629024 -0.0789213 0)
(0.632123 -0.0766777 0)
(0.63465 -0.0741624 0)
(0.636635 -0.0714047 0)
(0.63811 -0.0684363 0)
(0.639113 -0.0652904 0)
(0.639679 -0.0620011 0)
(0.639846 -0.0586027 0)
(0.639653 -0.0551288 0)
(0.639138 -0.0516119 0)
(0.638335 -0.048083 0)
(0.637281 -0.0445713 0)
(0.636008 -0.0411033 0)
(0.634546 -0.0377034 0)
(0.632924 -0.0343933 0)
(0.631167 -0.0311921 0)
(0.629298 -0.0281163 0)
(0.62734 -0.0251798 0)
(0.625308 -0.0223943 0)
(0.623221 -0.0197691 0)
(0.621092 -0.0173115 0)
(0.618933 -0.0150269 0)
(0.616754 -0.0129192 0)
(0.614566 -0.0109907 0)
(0.654036 -0.0898347 0)
(0.659788 -0.0906882 0)
(0.664882 -0.0912164 0)
(0.669306 -0.0914032 0)
(0.673052 -0.091237 0)
(0.676123 -0.0907114 0)
(0.678526 -0.0898248 0)
(0.680275 -0.0885813 0)
(0.681392 -0.0869901 0)
(0.681904 -0.0850657 0)
(0.681844 -0.082827 0)
(0.681249 -0.0802976 0)
(0.680161 -0.0775042 0)
(0.678624 -0.0744769 0)
(0.676685 -0.0712476 0)
(0.67439 -0.0678499 0)
(0.671788 -0.0643179 0)
(0.668926 -0.0606858 0)
(0.665848 -0.0569872 0)
(0.662599 -0.0532545 0)
(0.659219 -0.0495182 0)
(0.655745 -0.0458069 0)
(0.652212 -0.042147 0)
(0.648649 -0.0385623 0)
(0.645082 -0.0350738 0)
(0.641536 -0.0317002 0)
(0.638028 -0.0284574 0)
(0.634575 -0.025359 0)
(0.631189 -0.022416 0)
(0.62788 -0.0196373 0)
(0.624654 -0.01703 0)
(0.621517 -0.0145991 0)
(0.61847 -0.0123481 0)
(0.615515 -0.0102792 0)
(0.61265 -0.00839329 0)
(0.725673 -0.0935221 0)
(0.726232 -0.0936868 0)
(0.726113 -0.0935211 0)
(0.725324 -0.0930159 0)
(0.723884 -0.0921668 0)
(0.721815 -0.0909741 0)
(0.719149 -0.0894435 0)
(0.715923 -0.0875856 0)
(0.71218 -0.0854155 0)
(0.707968 -0.0829531 0)
(0.703338 -0.0802218 0)
(0.698344 -0.0772485 0)
(0.693043 -0.0740627 0)
(0.687493 -0.0706957 0)
(0.681749 -0.0671799 0)
(0.675866 -0.0635485 0)
(0.669899 -0.059834 0)
(0.663897 -0.0560684 0)
(0.657906 -0.0522823 0)
(0.651967 -0.0485045 0)
(0.64612 -0.0447617 0)
(0.640395 -0.0410782 0)
(0.634821 -0.0374761 0)
(0.629419 -0.0339746 0)
(0.624209 -0.0305905 0)
(0.619203 -0.0273383 0)
(0.614411 -0.02423 0)
(0.609837 -0.0212754 0)
(0.605484 -0.0184823 0)
(0.60135 -0.0158568 0)
(0.597431 -0.013403 0)
(0.593722 -0.011124 0)
(0.590213 -0.00902143 0)
(0.586896 -0.00709576 0)
(0.583759 -0.00534662 0)
(0.758021 -0.0916302 0)
(0.753024 -0.091125 0)
(0.747426 -0.0903069 0)
(0.741261 -0.089174 0)
(0.734567 -0.087729 0)
(0.727388 -0.085979 0)
(0.719776 -0.0839359 0)
(0.711787 -0.0816155 0)
(0.703479 -0.0790377 0)
(0.694915 -0.0762255 0)
(0.68616 -0.073205 0)
(0.677276 -0.0700042 0)
(0.668328 -0.0666526 0)
(0.659378 -0.0631805 0)
(0.650484 -0.0596183 0)
(0.641702 -0.0559959 0)
(0.633082 -0.0523422 0)
(0.624668 -0.0486847 0)
(0.616502 -0.0450489 0)
(0.608618 -0.0414584 0)
(0.601042 -0.0379342 0)
(0.593798 -0.0344953 0)
(0.586902 -0.0311582 0)
(0.580364 -0.0279368 0)
(0.574192 -0.0248432 0)
(0.568386 -0.0218872 0)
(0.562944 -0.0190765 0)
(0.557858 -0.0164174 0)
(0.55312 -0.0139143 0)
(0.548717 -0.0115706 0)
(0.544635 -0.00938815 0)
(0.540856 -0.00736797 0)
(0.537363 -0.00551018 0)
(0.534137 -0.00381417 0)
(0.531158 -0.00227857 0)
(0.745041 -0.0841518 0)
(0.734946 -0.0830927 0)
(0.724419 -0.0817595 0)
(0.713509 -0.0801572 0)
(0.702274 -0.0782943 0)
(0.690773 -0.0761836 0)
(0.679072 -0.073841 0)
(0.667237 -0.0712858 0)
(0.655337 -0.0685401 0)
(0.64344 -0.0656279 0)
(0.631613 -0.0625749 0)
(0.619923 -0.0594077 0)
(0.608429 -0.0561531 0)
(0.59719 -0.0528378 0)
(0.586257 -0.0494877 0)
(0.575678 -0.0461276 0)
(0.565492 -0.0427804 0)
(0.555733 -0.0394676 0)
(0.546429 -0.0362083 0)
(0.537601 -0.0330196 0)
(0.529262 -0.0299164 0)
(0.521422 -0.0269116 0)
(0.514082 -0.0240159 0)
(0.507242 -0.0212382 0)
(0.500893 -0.0185856 0)
(0.495026 -0.0160637 0)
(0.489625 -0.0136765 0)
(0.484673 -0.011427 0)
(0.480151 -0.00931719 0)
(0.476037 -0.00734795 0)
(0.472308 -0.00551958 0)
(0.468938 -0.00383178 0)
(0.465903 -0.00228359 0)
(0.463176 -0.000873217 0)
(0.46073 0.000401118 0)
(0.686862 -0.0719245 0)
(0.672912 -0.0705075 0)
(0.658759 -0.0688729 0)
(0.644466 -0.0670302 0)
(0.630098 -0.0649923 0)
(0.615726 -0.0627746 0)
(0.601416 -0.060395 0)
(0.587238 -0.0578732 0)
(0.57326 -0.0552306 0)
(0.559544 -0.0524893 0)
(0.546153 -0.0496719 0)
(0.533141 -0.0468008 0)
(0.520559 -0.0438981 0)
(0.508452 -0.0409846 0)
(0.496857 -0.0380799 0)
(0.485807 -0.035202 0)
(0.475324 -0.0323673 0)
(0.465427 -0.0295902 0)
(0.456128 -0.0268831 0)
(0.44743 -0.0242569 0)
(0.439335 -0.0217202 0)
(0.431836 -0.0192805 0)
(0.424922 -0.0169435 0)
(0.41858 -0.0147135 0)
(0.412791 -0.0125937 0)
(0.407536 -0.0105864 0)
(0.40279 -0.008693 0)
(0.398528 -0.00691409 0)
(0.394725 -0.00524981 0)
(0.391352 -0.00369987 0)
(0.388381 -0.00226352 0)
(0.385783 -0.000939337 0)
(0.383527 0.000274071 0)
(0.381586 0.00137776 0)
(0.379934 0.00237252 0)
(0.590173 -0.0565238 0)
(0.574217 -0.054997 0)
(0.558311 -0.0533182 0)
(0.54252 -0.0514992 0)
(0.526911 -0.0495537 0)
(0.511546 -0.0474973 0)
(0.49649 -0.0453465 0)
(0.481799 -0.0431187 0)
(0.467531 -0.0408316 0)
(0.453735 -0.0385031 0)
(0.440456 -0.0361505 0)
(0.427733 -0.0337901 0)
(0.415599 -0.0314376 0)
(0.404079 -0.029107 0)
(0.393193 -0.0268112 0)
(0.382954 -0.0245613 0)
(0.373368 -0.0223669 0)
(0.364438 -0.0202362 0)
(0.356159 -0.0181758 0)
(0.348521 -0.016191 0)
(0.341513 -0.0142858 0)
(0.335118 -0.0124634 0)
(0.329314 -0.0107257 0)
(0.324082 -0.00907401 0)
(0.319395 -0.00750906 0)
(0.315228 -0.00603098 0)
(0.311554 -0.00463957 0)
(0.308344 -0.00333436 0)
(0.30557 -0.00211462 0)
(0.303203 -0.000979228 0)
(0.301212 7.28537e-05 0)
(0.299569 0.00104248 0)
(0.298249 0.00193007 0)
(0.297223 0.00273573 0)
(0.296463 0.00346011 0)
(0.467415 -0.0400402 0)
(0.4516 -0.0386569 0)
(0.436058 -0.0371848 0)
(0.420843 -0.0356349 0)
(0.406008 -0.0340193 0)
(0.391604 -0.0323504 0)
(0.377677 -0.0306411 0)
(0.364267 -0.0289043 0)
(0.351411 -0.0271524 0)
(0.339138 -0.0253974 0)
(0.327475 -0.0236503 0)
(0.316438 -0.0219212 0)
(0.306041 -0.0202193 0)
(0.296292 -0.0185524 0)
(0.287193 -0.0169272 0)
(0.27874 -0.0153492 0)
(0.270927 -0.0138228 0)
(0.263742 -0.0123514 0)
(0.257171 -0.0109375 0)
(0.251196 -0.00958289 0)
(0.245797 -0.00828844 0)
(0.240953 -0.00705469 0)
(0.23664 -0.00588163 0)
(0.232833 -0.004769 0)
(0.229508 -0.00371626 0)
(0.226637 -0.00272277 0)
(0.224195 -0.00178774 0)
(0.222156 -0.000910288 0)
(0.220492 -8.95885e-05 0)
(0.219177 0.00067501 0)
(0.218188 0.00138388 0)
(0.2175 0.00203682 0)
(0.217086 0.002634 0)
(0.216922 0.00317609 0)
(0.216985 0.00366363 0)
(0.334735 -0.0246961 0)
(0.32107 -0.0236524 0)
(0.307808 -0.0225693 0)
(0.294986 -0.0214547 0)
(0.282639 -0.0203169 0)
(0.270797 -0.019164 0)
(0.259483 -0.018004 0)
(0.248721 -0.0168445 0)
(0.238523 -0.0156926 0)
(0.228903 -0.0145544 0)
(0.219865 -0.0134358 0)
(0.211413 -0.0123416 0)
(0.203543 -0.0112758 0)
(0.19625 -0.0102418 0)
(0.189525 -0.00924199 0)
(0.183356 -0.00827835 0)
(0.177728 -0.0073521 0)
(0.172624 -0.00646396 0)
(0.168027 -0.00561421 0)
(0.163917 -0.00480277 0)
(0.160274 -0.0040293 0)
(0.157076 -0.00329325 0)
(0.154303 -0.00259396 0)
(0.151933 -0.0019307 0)
(0.149944 -0.00130274 0)
(0.148315 -0.000709313 0)
(0.147024 -0.000149786 0)
(0.146049 0.000376354 0)
(0.145372 0.00086944 0)
(0.144971 0.00132937 0)
(0.144827 0.00175608 0)
(0.144918 0.00214988 0)
(0.145226 0.00251096 0)
(0.14573 0.00283936 0)
(0.146412 0.00313494 0)
(0.208779 -0.0123474 0)
(0.198675 -0.0117277 0)
(0.188981 -0.0110976 0)
(0.179717 -0.0104615 0)
(0.170896 -0.00982338 0)
(0.16253 -0.00918733 0)
(0.154627 -0.00855699 0)
(0.147192 -0.00793565 0)
(0.140225 -0.00732625 0)
(0.133724 -0.00673123 0)
(0.127685 -0.00615266 0)
(0.122102 -0.00559212 0)
(0.116963 -0.00505084 0)
(0.11226 -0.0045296 0)
(0.107978 -0.0040289 0)
(0.104104 -0.00354889 0)
(0.100624 -0.00308953 0)
(0.0975228 -0.00265051 0)
(0.094784 -0.00223145 0)
(0.0923921 -0.00183179 0)
(0.0903311 -0.00145098 0)
(0.0885853 -0.00108838 0)
(0.0871389 -0.000743427 0)
(0.0859765 -0.000415521 0)
(0.0850828 -0.000104198 0)
(0.0844428 0.000190923 0)
(0.0840422 0.000470136 0)
(0.0838668 0.000733513 0)
(0.083902 0.000980966 0)
(0.0841338 0.00121258 0)
(0.0845483 0.00142839 0)
(0.0851315 0.00162835 0)
(0.0858699 0.00181222 0)
(0.0867499 0.00197978 0)
(0.0877579 0.00213067 0)
(0.103218 -0.00416555 0)
(0.0972407 -0.00391755 0)
(0.0915687 -0.00366995 0)
(0.0862064 -0.00342421 0)
(0.0811561 -0.00318165 0)
(0.0764181 -0.00294351 0)
(0.071991 -0.00271079 0)
(0.0678715 -0.0024844 0)
(0.0640548 -0.00226503 0)
(0.0605346 -0.00205322 0)
(0.0573036 -0.00184932 0)
(0.0543537 -0.00165358 0)
(0.0516757 -0.00146604 0)
(0.0492602 -0.00128669 0)
(0.0470974 -0.00111535 0)
(0.0451771 -0.000951836 0)
(0.0434894 -0.000795827 0)
(0.042024 -0.000647029 0)
(0.0407712 -0.000505066 0)
(0.0397212 -0.000369619 0)
(0.0388647 -0.00024032 0)
(0.0381924 -0.000116887 0)
(0.0376955 9.85375e-07 0)
(0.0373654 0.000113525 0)
(0.0371938 0.000220982 0)
(0.0371725 0.000323407 0)
(0.0372936 0.000420787 0)
(0.0375489 0.000513118 0)
(0.0379308 0.000600445 0)
(0.0384313 0.000682682 0)
(0.0390428 0.000759741 0)
(0.0397572 0.000831439 0)
(0.0405668 0.000897613 0)
(0.0414635 0.000958012 0)
(0.0424392 0.00101242 0)
(0.0266016 -0.000316506 0)
(0.0245777 -0.000288697 0)
(0.0226813 -0.000261764 0)
(0.0209112 -0.000235826 0)
(0.019266 -0.000210965 0)
(0.0177432 -0.000187249 0)
(0.01634 -0.000164711 0)
(0.0150533 -0.000143373 0)
(0.0138795 -0.000123221 0)
(0.0128145 -0.000104238 0)
(0.0118545 -8.6375e-05 0)
(0.0109951 -6.95842e-05 0)
(0.0102323 -5.37921e-05 0)
(0.00956185 -3.89323e-05 0)
(0.00897961 -2.49186e-05 0)
(0.00848165 -1.16775e-05 0)
(0.00806413 8.78582e-07 0)
(0.00772342 1.28204e-05 0)
(0.00745606 2.42271e-05 0)
(0.00725878 3.51564e-05 0)
(0.00712851 4.56712e-05 0)
(0.00706233 5.58097e-05 0)
(0.00705746 6.56257e-05 0)
(0.00711127 7.51437e-05 0)
(0.00722127 8.43733e-05 0)
(0.00738505 9.33058e-05 0)
(0.0076002 0.000101941 0)
(0.00786429 0.000110262 0)
(0.00817489 0.000118258 0)
(0.00852953 0.000125893 0)
(0.00892566 0.000133136 0)
(0.00936063 0.000139933 0)
(0.00983172 0.000146243 0)
(0.0103361 0.000152003 0)
(0.0108706 0.000157163 0)
(0.0551237 -0.00020492 0)
(0.0560761 -0.000179638 0)
(0.0569221 -0.000158657 0)
(0.0576763 -0.000141876 0)
(0.0583533 -0.00012922 0)
(0.0589675 -0.000120815 0)
(0.0595324 -0.000116551 0)
(0.0600667 -0.000118787 0)
(0.0605796 -0.000117078 0)
(0.061271 -0.000224284 0)
(0.141373 -0.00188979 0)
(0.143509 -0.00168095 0)
(0.145425 -0.00149816 0)
(0.147145 -0.00134147 0)
(0.148694 -0.00121076 0)
(0.150098 -0.00110622 0)
(0.15138 -0.00102733 0)
(0.152579 -0.000979297 0)
(0.153642 -0.000944666 0)
(0.155049 -0.00105908 0)
(0.225702 -0.00461476 0)
(0.228408 -0.00413402 0)
(0.230846 -0.00370601 0)
(0.233044 -0.00333146 0)
(0.235029 -0.00301071 0)
(0.23683 -0.00274407 0)
(0.238469 -0.00253091 0)
(0.239999 -0.00237436 0)
(0.241313 -0.00226085 0)
(0.24309 -0.00224693 0)
(0.310233 -0.00759305 0)
(0.312799 -0.00682262 0)
(0.315102 -0.00613158 0)
(0.31717 -0.00552129 0)
(0.319029 -0.00499266 0)
(0.320707 -0.00454606 0)
(0.322224 -0.00418214 0)
(0.323637 -0.00389857 0)
(0.324827 -0.00370554 0)
(0.326478 -0.00352401 0)
(0.394143 -0.0100575 0)
(0.395987 -0.00902438 0)
(0.397603 -0.00809639 0)
(0.399014 -0.00727502 0)
(0.400248 -0.00656139 0)
(0.401329 -0.00595558 0)
(0.402278 -0.00546015 0)
(0.403137 -0.00506566 0)
(0.403846 -0.0048142 0)
(0.404821 -0.00449707 0)
(0.472918 -0.0115511 0)
(0.473719 -0.010296 0)
(0.474337 -0.00917106 0)
(0.474795 -0.0081773 0)
(0.475115 -0.00731559 0)
(0.475319 -0.0065853 0)
(0.475432 -0.00599044 0)
(0.475466 -0.00551563 0)
(0.475476 -0.00522682 0)
(0.475394 -0.00483442 0)
(0.539838 -0.0118835 0)
(0.539513 -0.0104571 0)
(0.53906 -0.00918326 0)
(0.538496 -0.00806233 0)
(0.537843 -0.00709449 0)
(0.537114 -0.00627829 0)
(0.536338 -0.00561777 0)
(0.535488 -0.00509512 0)
(0.534761 -0.00478268 0)
(0.533516 -0.00437596 0)
(0.588092 -0.0110638 0)
(0.586728 -0.00952912 0)
(0.585301 -0.00816428 0)
(0.583823 -0.00696872 0)
(0.582308 -0.00594166 0)
(0.580763 -0.00508091 0)
(0.579215 -0.00438896 0)
(0.577601 -0.00384973 0)
(0.576244 -0.00352367 0)
(0.573989 -0.00315266 0)
(0.612375 -0.00924242 0)
(0.610188 -0.00767444 0)
(0.608012 -0.00628597 0)
(0.605849 -0.00507551 0)
(0.603705 -0.00404124 0)
(0.601578 -0.00318045 0)
(0.599493 -0.00249298 0)
(0.597356 -0.00196786 0)
(0.595574 -0.00163992 0)
(0.592643 -0.00134243 0)
(0.609874 -0.00669016 0)
(0.607183 -0.00516881 0)
(0.604575 -0.00382755 0)
(0.602043 -0.00266415 0)
(0.599585 -0.00167578 0)
(0.597188 -0.000859381 0)
(0.594872 -0.000211717 0)
(0.592526 0.000270939 0)
(0.590581 0.000586051 0)
(0.587412 0.000784675 0)
(0.580792 -0.00377292 0)
(0.577981 -0.00237279 0)
(0.575313 -0.0011436 0)
(0.572773 -8.25031e-05 0)
(0.570351 0.000813506 0)
(0.568027 0.00154708 0)
(0.565812 0.00212382 0)
(0.563599 0.00254024 0)
(0.561773 0.00282539 0)
(0.558835 0.00291254 0)
(0.528406 -0.000901175 0)
(0.525859 0.000320307 0)
(0.523497 0.00138812 0)
(0.521302 0.0023046 0)
(0.519254 0.00307262 0)
(0.517331 0.00369441 0)
(0.515532 0.00417695 0)
(0.513766 0.00451138 0)
(0.512321 0.00474978 0)
(0.510037 0.0047293 0)
(0.458541 0.00154096 0)
(0.456584 0.00254784 0)
(0.454836 0.0034234 0)
(0.453271 0.0041697 0)
(0.451867 0.00478953 0)
(0.450596 0.00528471 0)
(0.449449 0.0056619 0)
(0.448361 0.0059097 0)
(0.447491 0.00608868 0)
(0.446155 0.00598199 0)
(0.378543 0.00325915 0)
(0.377386 0.00403894 0)
(0.376434 0.00471366 0)
(0.375663 0.00528503 0)
(0.375047 0.00575499 0)
(0.37456 0.00612455 0)
(0.374183 0.00639845 0)
(0.37388 0.00656611 0)
(0.373681 0.00668005 0)
(0.373409 0.00652273 0)
(0.295942 0.00410433 0)
(0.295634 0.00466947 0)
(0.295512 0.00515647 0)
(0.295552 0.00556616 0)
(0.295728 0.00589941 0)
(0.296019 0.00615653 0)
(0.2964 0.00633976 0)
(0.296855 0.0064418 0)
(0.297318 0.00649422 0)
(0.298034 0.00633063 0)
(0.217249 0.00409696 0)
(0.217693 0.00447631 0)
(0.218292 0.00480183 0)
(0.219026 0.00507367 0)
(0.219873 0.005292 0)
(0.220812 0.00545674 0)
(0.22182 0.0055682 0)
(0.222889 0.00562317 0)
(0.223908 0.00562845 0)
(0.225373 0.00550667 0)
(0.147253 0.00339749 0)
(0.148235 0.00362678 0)
(0.149339 0.0038226 0)
(0.150547 0.00398476 0)
(0.151842 0.00411316 0)
(0.153205 0.00420776 0)
(0.154617 0.00426849 0)
(0.15607 0.0042956 0)
(0.157456 0.00428054 0)
(0.159322 0.00424692 0)
(0.0888805 0.00226457 0)
(0.0901043 0.00238113 0)
(0.0914158 0.00248006 0)
(0.0928015 0.00256113 0)
(0.0942479 0.00262437 0)
(0.0957412 0.00267025 0)
(0.0972654 0.00269981 0)
(0.098808 0.00271615 0)
(0.10031 0.00271551 0)
(0.102192 0.00280019 0)
(0.0434856 0.00106057 0)
(0.0445943 0.00110225 0)
(0.0457568 0.00113725 0)
(0.0469643 0.00116557 0)
(0.048208 0.00118742 0)
(0.0494792 0.00120389 0)
(0.0507669 0.00121722 0)
(0.0520632 0.00123293 0)
(0.053376 0.00126407 0)
(0.0549265 0.00143349 0)
(0.0114323 0.00016166 0)
(0.0120177 0.000165454 0)
(0.0126235 0.000168512 0)
(0.0132461 0.000170859 0)
(0.0138823 0.000172661 0)
(0.0145288 0.000174518 0)
(0.015182 0.000176987 0)
(0.0158439 0.000179717 0)
(0.0165685 0.000196863 0)
(0.0174501 0.000350136 0)
)
;

boundaryField
{
    inlet
    {
        type            fixedProfile;
        profile         csvFile;
        profileCoeffs
        {
            nHeaderLine     0;
            refColumn       0;
            componentColumns 3(1 2 3);
            separator       ",";
            mergeSeparators 0;
            file            "0/Uprofile.csv";
        }
        direction       (0 1 0);
        origin          0;
        value           nonuniform List<vector> 10((0.19 0 0) (0.51 0 0) (0.75 0 0) (0.91 0 0) (0.99 0 0) (0.99 0 0) (0.91 0 0) (0.75 0 0) (0.51 0 0) (0.19 0 0));
    }
    outlet
    {
        type            zeroGradient;
    }
    upperWall
    {
        type            noSlip;
    }
    lowerWall
    {
        type            noSlip;
    }
    frontAndBack
    {
        type            empty;
    }
}


// ************************************************************************* //
