/*--------------------------------*- C++ -*----------------------------------*\
| =========                 |                                                 |
| \\      /  F ield         | OpenFOAM: The Open Source CFD Toolbox           |
|  \\    /   O peration     | Version:  2406                                  |
|   \\  /    A nd           | Website:  www.openfoam.com                      |
|    \\/     M anipulation  |                                                 |
\*---------------------------------------------------------------------------*/
FoamFile
{
    version     2.0;
    format      ascii;
    arch        "LSB;label=32;scalar=64";
    class       volVectorField;
    location    "62";
    object      U;
}
// * * * * * * * * * * * * * * * * * * * * * * * * * * * * * * * * * * * * * //

dimensions      [0 1 -1 0 0 0 0];

internalField   nonuniform List<vector> 
1800
(
(0.193494 -0.00318246 0)
(0.198789 -0.00592176 0)
(0.205632 -0.00627708 0)
(0.214125 -0.00599689 0)
(0.223282 -0.00577136 0)
(0.23286 -0.00571934 0)
(0.243181 -0.00589107 0)
(0.254616 -0.00645891 0)
(0.267901 -0.00702076 0)
(0.281273 -0.0141391 0)
(0.508807 -0.0032848 0)
(0.508208 -0.00765158 0)
(0.509292 -0.0100309 0)
(0.512155 -0.0116431 0)
(0.516781 -0.0131387 0)
(0.523096 -0.0147229 0)
(0.531108 -0.0165696 0)
(0.540916 -0.018971 0)
(0.552724 -0.0222601 0)
(0.566196 -0.0273531 0)
(0.74914 -0.00271759 0)
(0.748961 -0.00713149 0)
(0.749405 -0.0104794 0)
(0.750465 -0.0133929 0)
(0.752572 -0.0163196 0)
(0.75593 -0.0194455 0)
(0.760551 -0.0229389 0)
(0.766411 -0.0270642 0)
(0.773428 -0.0321365 0)
(0.781256 -0.0387186 0)
(0.909297 -0.0023823 0)
(0.909156 -0.0067834 0)
(0.909167 -0.0107217 0)
(0.909166 -0.0144552 0)
(0.909624 -0.0182582 0)
(0.910802 -0.0222989 0)
(0.912681 -0.0267272 0)
(0.915163 -0.0317323 0)
(0.918119 -0.0375068 0)
(0.92133 -0.0441971 0)
(0.989324 -0.00209735 0)
(0.988967 -0.00617997 0)
(0.988399 -0.0101459 0)
(0.987353 -0.0141193 0)
(0.986268 -0.0182433 0)
(0.98541 -0.022634 0)
(0.984741 -0.027402 0)
(0.984134 -0.0326647 0)
(0.983452 -0.0385203 0)
(0.98252 -0.0450127 0)
(0.989279 -0.00168203 0)
(0.98858 -0.00509452 0)
(0.987306 -0.0086742 0)
(0.985164 -0.0124702 0)
(0.982584 -0.0164948 0)
(0.979812 -0.0207898 0)
(0.97678 -0.0254207 0)
(0.973337 -0.0304478 0)
(0.969343 -0.0359088 0)
(0.964639 -0.0418046 0)
(0.909162 -0.0010289 0)
(0.908004 -0.00341384 0)
(0.905927 -0.00630566 0)
(0.902682 -0.00958024 0)
(0.898709 -0.0131054 0)
(0.894199 -0.0168721 0)
(0.88904 -0.0209149 0)
(0.883063 -0.0252482 0)
(0.87612 -0.0298649 0)
(0.868059 -0.0347388 0)
(0.748919 2.13236e-05 0)
(0.747075 -0.000954939 0)
(0.744135 -0.00300968 0)
(0.739945 -0.00558152 0)
(0.734875 -0.0083417 0)
(0.729015 -0.0112579 0)
(0.722221 -0.0143492 0)
(0.714331 -0.0175983 0)
(0.705206 -0.0209746 0)
(0.694705 -0.0244457 0)
(0.50853 0.00153869 0)
(0.505748 0.00245171 0)
(0.502418 0.00146126 0)
(0.49849 -0.000253679 0)
(0.493921 -0.00214924 0)
(0.48855 -0.00415431 0)
(0.482179 -0.00624449 0)
(0.474639 -0.00835959 0)
(0.465781 -0.0104492 0)
(0.455471 -0.0124799 0)
(0.193249 0.00230356 0)
(0.196416 0.00363408 0)
(0.19888 0.00289242 0)
(0.200797 0.00169143 0)
(0.201321 0.000588034 0)
(0.200141 -0.000394464 0)
(0.197398 -0.00126952 0)
(0.193227 -0.00202023 0)
(0.187705 -0.00264089 0)
(0.180908 -0.00314005 0)
(-7.37448e-05 4.9446e-05 0)
(-0.00079921 0.000264557 0)
(-0.00211992 0.000405796 0)
(-0.00375277 0.000463866 0)
(-0.005508 0.000491435 0)
(-0.00733726 0.000513794 0)
(-0.00924687 0.000540382 0)
(-0.0112608 0.000574496 0)
(-0.0134138 0.000618675 0)
(-0.0157542 0.000675784 0)
(-0.0183479 0.000750451 0)
(-0.0212831 0.000850962 0)
(-0.0246776 0.00099463 0)
(-0.0286869 0.0012089 0)
(-0.0335112 0.00152942 0)
(-0.0393941 0.00199702 0)
(-0.0466046 0.00265237 0)
(-0.0553904 0.00353061 0)
(-0.0658919 0.00463802 0)
(-0.0780127 0.00589909 0)
(-0.0912743 0.00710036 0)
(-0.104722 0.00788365 0)
(-0.116943 0.00782435 0)
(-0.126208 0.00661981 0)
(-0.130613 0.00432002 0)
(-0.128241 0.00132089 0)
(-0.118664 -0.0020129 0)
(-0.101442 -0.00553848 0)
(-0.076476 -0.00918932 0)
(-0.0442194 -0.012948 0)
(-0.00563582 -0.0165026 0)
(0.0384084 -0.0190926 0)
(0.0872192 -0.0205477 0)
(0.139227 -0.0210875 0)
(0.192258 -0.0207114 0)
(-0.000472489 0.000888896 0)
(-0.00270522 0.00211315 0)
(-0.00600164 0.00286024 0)
(-0.00981076 0.00321156 0)
(-0.0138233 0.00339535 0)
(-0.0179702 0.00354556 0)
(-0.0222663 0.0037206 0)
(-0.0267592 0.00394941 0)
(-0.0315205 0.00425615 0)
(-0.0366474 0.00467127 0)
(-0.0422637 0.00523379 0)
(-0.0485211 0.00599319 0)
(-0.0555956 0.00700866 0)
(-0.0636718 0.00834282 0)
(-0.0729122 0.0100468 0)
(-0.0833978 0.0121309 0)
(-0.0950427 0.0145208 0)
(-0.107498 0.017002 0)
(-0.120065 0.0191696 0)
(-0.131661 0.0204256 0)
(-0.140873 0.0200721 0)
(-0.14613 0.017494 0)
(-0.145899 0.0123645 0)
(-0.138913 0.00476974 0)
(-0.124702 -0.00473677 0)
(-0.103957 -0.0153699 0)
(-0.0760196 -0.0266075 0)
(-0.0407398 -0.0381525 0)
(0.00162485 -0.0495901 0)
(0.0505806 -0.0604225 0)
(0.105568 -0.0700776 0)
(0.165589 -0.0777508 0)
(0.22924 -0.0829014 0)
(0.294924 -0.0853263 0)
(0.360817 -0.0848486 0)
(-0.000962033 0.00301112 0)
(-0.00489778 0.00588796 0)
(-0.0101345 0.00741805 0)
(-0.015853 0.00810662 0)
(-0.0216822 0.00846216 0)
(-0.0275629 0.00875679 0)
(-0.0335139 0.00911068 0)
(-0.0395809 0.00958487 0)
(-0.0458256 0.0102289 0)
(-0.0523187 0.0110963 0)
(-0.0591298 0.0122454 0)
(-0.0663113 0.0137303 0)
(-0.0738772 0.0155863 0)
(-0.0817677 0.0178051 0)
(-0.0898015 0.0203011 0)
(-0.0976232 0.022875 0)
(-0.104662 0.0251763 0)
(-0.110127 0.0266766 0)
(-0.113057 0.0266825 0)
(-0.112398 0.0244315 0)
(-0.107123 0.0192906 0)
(-0.0963856 0.0109954 0)
(-0.0797252 -0.00019691 0)
(-0.0575178 -0.0137667 0)
(-0.029856 -0.029185 0)
(0.00385738 -0.0460594 0)
(0.0436166 -0.0639437 0)
(0.0893967 -0.0821855 0)
(0.141084 -0.100038 0)
(0.198162 -0.116584 0)
(0.259811 -0.130922 0)
(0.324973 -0.14224 0)
(0.392372 -0.149782 0)
(0.460541 -0.15291 0)
(0.527803 -0.151223 0)
(-0.00147737 0.00648594 0)
(-0.00705389 0.0115204 0)
(-0.0139163 0.0137887 0)
(-0.0209783 0.0146498 0)
(-0.0278442 0.0150043 0)
(-0.0344796 0.0152709 0)
(-0.0408984 0.0156209 0)
(-0.0471156 0.0161307 0)
(-0.0531359 0.0168508 0)
(-0.0589399 0.017822 0)
(-0.0644675 0.0190689 0)
(-0.0695991 0.0205828 0)
(-0.0741338 0.022302 0)
(-0.0777664 0.0240843 0)
(-0.0800668 0.0256841 0)
(-0.0804743 0.0267348 0)
(-0.0783279 0.0267427 0)
(-0.0729395 0.0251004 0)
(-0.0636869 0.0211753 0)
(-0.0500692 0.014411 0)
(-0.0317259 0.00446592 0)
(-0.00845662 -0.00865258 0)
(0.0194345 -0.0246952 0)
(0.052065 -0.0433437 0)
(0.0897526 -0.0642442 0)
(0.132807 -0.0869327 0)
(0.181173 -0.110704 0)
(0.234515 -0.134581 0)
(0.292289 -0.157511 0)
(0.35374 -0.178415 0)
(0.417982 -0.196214 0)
(0.484013 -0.209858 0)
(0.550756 -0.218388 0)
(0.616966 -0.220896 0)
(0.681146 -0.216735 0)
(-0.00200803 0.0112372 0)
(-0.00898463 0.018635 0)
(-0.0168099 0.0213006 0)
(-0.0242398 0.0219178 0)
(-0.0309492 0.0218769 0)
(-0.0369602 0.0217279 0)
(-0.0422888 0.0216624 0)
(-0.0469185 0.0217412 0)
(-0.0507919 0.0219798 0)
(-0.0538021 0.0223709 0)
(-0.0557824 0.0228701 0)
(-0.0564937 0.0233812 0)
(-0.0556213 0.0237453 0)
(-0.0527732 0.0237247 0)
(-0.0474864 0.022996 0)
(-0.0392587 0.0211574 0)
(-0.0276064 0.0177475 0)
(-0.0121023 0.0122712 0)
(0.0074788 0.00426132 0)
(0.0313691 -0.00673364 0)
(0.0596571 -0.0209719 0)
(0.0924934 -0.038514 0)
(0.130013 -0.0593445 0)
(0.172289 -0.0831464 0)
(0.219209 -0.109304 0)
(0.27043 -0.137026 0)
(0.325353 -0.165326 0)
(0.383195 -0.193068 0)
(0.443088 -0.219065 0)
(0.504166 -0.24216 0)
(0.565661 -0.261244 0)
(0.626852 -0.275269 0)
(0.68724 -0.283282 0)
(0.746049 -0.284109 0)
(0.802231 -0.276729 0)
(-0.00258246 0.0171733 0)
(-0.010587 0.0266264 0)
(-0.0182734 0.0289266 0)
(-0.0245832 0.0286151 0)
(-0.0294898 0.0275995 0)
(-0.0331488 0.0264994 0)
(-0.0356057 0.0254762 0)
(-0.0368385 0.0245419 0)
(-0.0367577 0.0236533 0)
(-0.0352135 0.0227449 0)
(-0.0319939 0.0217084 0)
(-0.0268213 0.020374 0)
(-0.0193676 0.0185239 0)
(-0.00924981 0.0158869 0)
(0.00392284 0.0121405 0)
(0.0204842 0.00690871 0)
(0.0408102 -0.000229632 0)
(0.0652805 -0.00971337 0)
(0.0942333 -0.0220136 0)
(0.127853 -0.0375564 0)
(0.166148 -0.0565586 0)
(0.208971 -0.0789786 0)
(0.256003 -0.104521 0)
(0.306706 -0.132637 0)
(0.360303 -0.162529 0)
(0.415847 -0.193202 0)
(0.472298 -0.223532 0)
(0.528634 -0.252353 0)
(0.583942 -0.278533 0)
(0.637538 -0.301069 0)
(0.689019 -0.319014 0)
(0.73822 -0.331537 0)
(0.785609 -0.337743 0)
(0.830985 -0.336187 0)
(0.87477 -0.32567 0)
(-0.00327493 0.0244203 0)
(-0.0116947 0.0345716 0)
(-0.0173311 0.0350453 0)
(-0.0201927 0.0328817 0)
(-0.0210114 0.0302717 0)
(-0.0201591 0.0277038 0)
(-0.0177063 0.0252436 0)
(-0.0136266 0.0228186 0)
(-0.00781307 0.0203 0)
(-0.000100894 0.0175599 0)
(0.009759 0.0144431 0)
(0.0220676 0.0107382 0)
(0.037093 0.00619664 0)
(0.055256 0.000490446 0)
(0.0769957 -0.00673959 0)
(0.102746 -0.0158815 0)
(0.132843 -0.0273397 0)
(0.167459 -0.0414878 0)
(0.206598 -0.0586254 0)
(0.250056 -0.0789227 0)
(0.297375 -0.102353 0)
(0.347847 -0.128647 0)
(0.400554 -0.157283 0)
(0.454405 -0.187517 0)
(0.508203 -0.218415 0)
(0.560732 -0.248928 0)
(0.610861 -0.277987 0)
(0.657644 -0.304596 0)
(0.700386 -0.327898 0)
(0.738821 -0.347259 0)
(0.772998 -0.362101 0)
(0.803671 -0.372053 0)
(0.832116 -0.376129 0)
(0.859094 -0.372426 0)
(0.888495 -0.359974 0)
(-0.00414781 0.0335514 0)
(-0.0110272 0.0407134 0)
(-0.0105651 0.0368632 0)
(-0.00594018 0.0320517 0)
(0.000718303 0.0275301 0)
(0.0089703 0.0231732 0)
(0.0189003 0.0189494 0)
(0.0306219 0.0147202 0)
(0.0443148 0.0102624 0)
(0.0601216 0.00534616 0)
(0.0784873 -0.000298775 0)
(0.0997994 -0.00693316 0)
(0.124464 -0.0148459 0)
(0.152784 -0.0243424 0)
(0.184949 -0.0357195 0)
(0.221044 -0.0492527 0)
(0.261013 -0.0651776 0)
(0.304611 -0.0836618 0)
(0.351377 -0.104766 0)
(0.400623 -0.128406 0)
(0.451447 -0.154316 0)
(0.502763 -0.182026 0)
(0.553365 -0.210872 0)
(0.601994 -0.240032 0)
(0.647416 -0.268584 0)
(0.688496 -0.295582 0)
(0.72427 -0.320149 0)
(0.754027 -0.34157 0)
(0.777342 -0.359381 0)
(0.794364 -0.373459 0)
(0.80547 -0.383958 0)
(0.812941 -0.391457 0)
(0.817846 -0.395818 0)
(0.826136 -0.394902 0)
(0.842879 -0.391018 0)
(-0.00192137 0.0408928 0)
(0.000924958 0.0396945 0)
(0.0162041 0.0294115 0)
(0.034525 0.0221502 0)
(0.0529858 0.0162015 0)
(0.0719434 0.0102378 0)
(0.092165 0.00407783 0)
(0.114102 -0.0023397 0)
(0.138046 -0.00924555 0)
(0.164378 -0.0169303 0)
(0.193321 -0.0256471 0)
(0.225035 -0.0356179 0)
(0.259609 -0.0470538 0)
(0.297047 -0.0601507 0)
(0.337231 -0.0750765 0)
(0.379905 -0.091953 0)
(0.424656 -0.110839 0)
(0.470897 -0.131708 0)
(0.517874 -0.154424 0)
(0.564677 -0.178719 0)
(0.610265 -0.204175 0)
(0.653518 -0.230229 0)
(0.693286 -0.256183 0)
(0.728449 -0.28125 0)
(0.757971 -0.304606 0)
(0.780944 -0.325463 0)
(0.796633 -0.343149 0)
(0.804526 -0.357211 0)
(0.80434 -0.367542 0)
(0.796341 -0.374514 0)
(0.780848 -0.379255 0)
(0.761389 -0.383809 0)
(0.737372 -0.391789 0)
(0.730696 -0.404222 0)
(0.728318 -0.444307 0)
(0.0506944 0.0154169 0)
(0.0790024 0.0122629 0)
(0.11107 0.00324277 0)
(0.144345 -0.00424884 0)
(0.175242 -0.0105624 0)
(0.204959 -0.0170058 0)
(0.234974 -0.0240611 0)
(0.265902 -0.0318512 0)
(0.298008 -0.0405087 0)
(0.331499 -0.0501961 0)
(0.36651 -0.0610557 0)
(0.403064 -0.0732083 0)
(0.441063 -0.0867579 0)
(0.480299 -0.101783 0)
(0.520447 -0.118321 0)
(0.561064 -0.136355 0)
(0.601577 -0.1558 0)
(0.641296 -0.176485 0)
(0.679422 -0.198146 0)
(0.715066 -0.220411 0)
(0.747285 -0.242799 0)
(0.77511 -0.264724 0)
(0.79759 -0.285515 0)
(0.813831 -0.304458 0)
(0.82303 -0.320836 0)
(0.824509 -0.333999 0)
(0.817735 -0.34344 0)
(0.802356 -0.348893 0)
(0.778171 -0.35047 0)
(0.74529 -0.34882 0)
(0.703588 -0.34562 0)
(0.655258 -0.343792 0)
(0.596852 -0.3508 0)
(0.561914 -0.375544 0)
(0.489098 -0.477064 0)
(0.304919 -0.0280414 0)
(0.323227 -0.0325221 0)
(0.345011 -0.0353087 0)
(0.37045 -0.0390303 0)
(0.396946 -0.0438736 0)
(0.423957 -0.0498271 0)
(0.45184 -0.0569303 0)
(0.480718 -0.0651837 0)
(0.5105 -0.0745787 0)
(0.541075 -0.0851238 0)
(0.572318 -0.0968376 0)
(0.604033 -0.109735 0)
(0.635942 -0.123813 0)
(0.667689 -0.139041 0)
(0.698838 -0.155345 0)
(0.72887 -0.1726 0)
(0.757185 -0.19062 0)
(0.783106 -0.209147 0)
(0.805891 -0.227842 0)
(0.824757 -0.246286 0)
(0.838897 -0.263975 0)
(0.847512 -0.280335 0)
(0.849843 -0.294743 0)
(0.845202 -0.306559 0)
(0.833012 -0.315176 0)
(0.812841 -0.320077 0)
(0.784428 -0.320909 0)
(0.747702 -0.317562 0)
(0.702735 -0.310273 0)
(0.649712 -0.299728 0)
(0.58845 -0.287397 0)
(0.518728 -0.27557 0)
(0.435101 -0.270256 0)
(0.340712 -0.282328 0)
(0.131548 -0.336177 0)
(0.579624 -0.0353623 0)
(0.591836 -0.0423251 0)
(0.605193 -0.0486947 0)
(0.620789 -0.0556164 0)
(0.637997 -0.0632081 0)
(0.656296 -0.0713664 0)
(0.675544 -0.0801665 0)
(0.695596 -0.0897243 0)
(0.71621 -0.100098 0)
(0.737116 -0.111306 0)
(0.758031 -0.123354 0)
(0.778635 -0.136227 0)
(0.798554 -0.149877 0)
(0.817362 -0.164217 0)
(0.83458 -0.179113 0)
(0.849674 -0.194378 0)
(0.862054 -0.209769 0)
(0.871085 -0.224979 0)
(0.876097 -0.239635 0)
(0.876405 -0.253297 0)
(0.871332 -0.265469 0)
(0.860242 -0.275612 0)
(0.842575 -0.283172 0)
(0.817897 -0.28762 0)
(0.785938 -0.2885 0)
(0.746647 -0.285482 0)
(0.700212 -0.278427 0)
(0.647073 -0.267429 0)
(0.587861 -0.252859 0)
(0.523292 -0.235369 0)
(0.453827 -0.215942 0)
(0.379437 -0.195626 0)
(0.297783 -0.1761 0)
(0.206801 -0.156456 0)
(0.0807024 -0.146023 0)
(0.78918 -0.0466899 0)
(0.79685 -0.0546041 0)
(0.804872 -0.0621663 0)
(0.81382 -0.0698859 0)
(0.823559 -0.0780253 0)
(0.833739 -0.0866257 0)
(0.844149 -0.0957453 0)
(0.854628 -0.105452 0)
(0.86496 -0.115767 0)
(0.874871 -0.126674 0)
(0.884051 -0.138131 0)
(0.892157 -0.150072 0)
(0.898804 -0.162396 0)
(0.903563 -0.17496 0)
(0.905962 -0.187578 0)
(0.905488 -0.200015 0)
(0.901595 -0.211989 0)
(0.893714 -0.223163 0)
(0.881274 -0.233151 0)
(0.863726 -0.241525 0)
(0.840577 -0.247832 0)
(0.811433 -0.251617 0)
(0.776048 -0.252459 0)
(0.734375 -0.250014 0)
(0.686616 -0.244059 0)
(0.63326 -0.234542 0)
(0.575093 -0.22161 0)
(0.513175 -0.205618 0)
(0.448757 -0.187098 0)
(0.383137 -0.166669 0)
(0.317354 -0.144875 0)
(0.251781 -0.121709 0)
(0.185061 -0.0962468 0)
(0.116312 -0.0668041 0)
(0.0374631 -0.0422886 0)
(0.924442 -0.0516745 0)
(0.927207 -0.0594497 0)
(0.929747 -0.0672463 0)
(0.932303 -0.0752108 0)
(0.934841 -0.0835171 0)
(0.937141 -0.0922003 0)
(0.938999 -0.101247 0)
(0.940231 -0.110647 0)
(0.940613 -0.120382 0)
(0.939863 -0.130406 0)
(0.937665 -0.140642 0)
(0.933677 -0.150985 0)
(0.927524 -0.161295 0)
(0.918799 -0.171391 0)
(0.907071 -0.181056 0)
(0.891888 -0.190032 0)
(0.872797 -0.198022 0)
(0.849361 -0.204695 0)
(0.821192 -0.209697 0)
(0.787981 -0.212668 0)
(0.74955 -0.213267 0)
(0.705888 -0.2112 0)
(0.657209 -0.206262 0)
(0.603984 -0.198374 0)
(0.54697 -0.187613 0)
(0.487205 -0.17424 0)
(0.425982 -0.158686 0)
(0.364774 -0.141524 0)
(0.305121 -0.123365 0)
(0.24845 -0.104673 0)
(0.195695 -0.0853705 0)
(0.146783 -0.0641712 0)
(0.100478 -0.0383911 0)
(0.0568089 -0.00694272 0)
(0.0141628 0.0131672 0)
(0.981104 -0.052075 0)
(0.979011 -0.0594842 0)
(0.976213 -0.0670296 0)
(0.972758 -0.0746901 0)
(0.968592 -0.0825243 0)
(0.963544 -0.0905404 0)
(0.95741 -0.0987063 0)
(0.94998 -0.106987 0)
(0.941021 -0.115338 0)
(0.930264 -0.123689 0)
(0.917414 -0.131938 0)
(0.902159 -0.139947 0)
(0.884171 -0.14755 0)
(0.863114 -0.154549 0)
(0.838654 -0.160718 0)
(0.810481 -0.165804 0)
(0.778329 -0.169542 0)
(0.742008 -0.171659 0)
(0.701436 -0.171899 0)
(0.656682 -0.170041 0)
(0.608 -0.165929 0)
(0.555862 -0.159501 0)
(0.500974 -0.150812 0)
(0.44428 -0.140059 0)
(0.38693 -0.127587 0)
(0.330227 -0.113876 0)
(0.275547 -0.0995072 0)
(0.224253 -0.0850872 0)
(0.177573 -0.0710981 0)
(0.136359 -0.0575445 0)
(0.100657 -0.0433529 0)
(0.0695144 -0.0259181 0)
(0.0419944 -0.00215784 0)
(0.0190101 0.025799 0)
(0.00186315 0.0353625 0)
(0.959038 -0.0480762 0)
(0.952369 -0.054589 0)
(0.944531 -0.0611981 0)
(0.935467 -0.067838 0)
(0.925083 -0.0745037 0)
(0.913223 -0.0811805 0)
(0.899697 -0.0878247 0)
(0.884307 -0.0943771 0)
(0.866844 -0.100764 0)
(0.847086 -0.106889 0)
(0.824801 -0.11263 0)
(0.799759 -0.11784 0)
(0.771748 -0.122354 0)
(0.740582 -0.12599 0)
(0.706125 -0.128557 0)
(0.668315 -0.129865 0)
(0.627189 -0.129736 0)
(0.582909 -0.128023 0)
(0.535794 -0.124628 0)
(0.486332 -0.119524 0)
(0.435195 -0.112768 0)
(0.383227 -0.104518 0)
(0.331415 -0.095037 0)
(0.280836 -0.0846824 0)
(0.232579 -0.0738896 0)
(0.187667 -0.0631415 0)
(0.146991 -0.052934 0)
(0.111257 -0.0436982 0)
(0.0808968 -0.0355453 0)
(0.0558181 -0.0277343 0)
(0.03521 -0.0181663 0)
(0.0181385 -0.00378966 0)
(0.00473039 0.0168748 0)
(-0.0032176 0.038058 0)
(-0.00351167 0.0365561 0)
(0.858711 -0.0398135 0)
(0.847917 -0.044996 0)
(0.835552 -0.0501824 0)
(0.821521 -0.0552984 0)
(0.805725 -0.0603035 0)
(0.788037 -0.0651595 0)
(0.768314 -0.0698099 0)
(0.746414 -0.0741828 0)
(0.722203 -0.0781949 0)
(0.69556 -0.0817511 0)
(0.666384 -0.0847432 0)
(0.634612 -0.0870538 0)
(0.600232 -0.0885617 0)
(0.563308 -0.089149 0)
(0.523988 -0.0887107 0)
(0.482529 -0.0871661 0)
(0.439305 -0.0844717 0)
(0.394817 -0.0806337 0)
(0.349689 -0.0757183 0)
(0.304654 -0.0698564 0)
(0.26052 -0.0632427 0)
(0.218121 -0.0561267 0)
(0.178255 -0.0487937 0)
(0.141614 -0.0415403 0)
(0.108718 -0.0346544 0)
(0.0798909 -0.0284169 0)
(0.0552662 -0.0231139 0)
(0.0348152 -0.0189347 0)
(0.018286 -0.0155675 0)
(0.00511512 -0.0116828 0)
(-0.00531156 -0.00495295 0)
(-0.0128855 0.00679525 0)
(-0.0163504 0.0226449 0)
(-0.0136923 0.0352557 0)
(-0.00486115 0.0278794 0)
(0.682682 -0.0279649 0)
(0.669003 -0.0314649 0)
(0.65356 -0.0348681 0)
(0.636274 -0.0381071 0)
(0.617081 -0.0411321 0)
(0.595922 -0.0438989 0)
(0.572747 -0.046357 0)
(0.54753 -0.0484491 0)
(0.52028 -0.0501153 0)
(0.491045 -0.0512961 0)
(0.459928 -0.0519332 0)
(0.427093 -0.0519733 0)
(0.392777 -0.0513742 0)
(0.357297 -0.0501109 0)
(0.321048 -0.0481827 0)
(0.284505 -0.0456188 0)
(0.248201 -0.0424829 0)
(0.212714 -0.0388739 0)
(0.178634 -0.0349232 0)
(0.146522 -0.030783 0)
(0.116871 -0.0266101 0)
(0.0900581 -0.0225503 0)
(0.0663102 -0.0187207 0)
(0.0456992 -0.0152101 0)
(0.0281608 -0.0121037 0)
(0.0135201 -0.00953396 0)
(0.00151354 -0.00768805 0)
(-0.00820011 -0.00662614 0)
(-0.0160388 -0.00583851 0)
(-0.0223068 -0.00403066 0)
(-0.0267331 0.000470343 0)
(-0.0281271 0.00854869 0)
(-0.0247844 0.0185584 0)
(-0.0160421 0.0246792 0)
(-0.00432653 0.0171884 0)
(0.443599 -0.014418 0)
(0.430086 -0.0162214 0)
(0.414896 -0.0178446 0)
(0.398036 -0.019249 0)
(0.379552 -0.020409 0)
(0.359521 -0.0213076 0)
(0.338051 -0.0219303 0)
(0.315286 -0.0222635 0)
(0.291411 -0.022298 0)
(0.266652 -0.0220309 0)
(0.241278 -0.0214668 0)
(0.215595 -0.0206193 0)
(0.189946 -0.0195131 0)
(0.164695 -0.018184 0)
(0.140214 -0.0166779 0)
(0.116864 -0.0150479 0)
(0.0949694 -0.01335 0)
(0.0747963 -0.0116374 0)
(0.0565353 -0.00995793 0)
(0.0403039 -0.00835373 0)
(0.0261373 -0.00685672 0)
(0.0139906 -0.00548392 0)
(0.00376387 -0.00424097 0)
(-0.00467459 -0.00313624 0)
(-0.0114911 -0.00221139 0)
(-0.0169058 -0.00156069 0)
(-0.0212234 -0.00130046 0)
(-0.0248185 -0.00143079 0)
(-0.0280009 -0.00162541 0)
(-0.0306736 -0.00113299 0)
(-0.0319475 0.000974913 0)
(-0.0301922 0.00508559 0)
(-0.0239597 0.0100094 0)
(-0.0137961 0.0123932 0)
(-0.00327771 0.0079278 0)
(0.172941 -0.0035259 0)
(0.163924 -0.00380069 0)
(0.154001 -0.00396474 0)
(0.143329 -0.00402283 0)
(0.132081 -0.00398666 0)
(0.12043 -0.00387146 0)
(0.108547 -0.00369157 0)
(0.0966014 -0.00345972 0)
(0.0847586 -0.00318866 0)
(0.0731763 -0.00289216 0)
(0.0620001 -0.00258436 0)
(0.0513588 -0.00227847 0)
(0.0413614 -0.0019853 0)
(0.0320936 -0.00171171 0)
(0.0236176 -0.0014597 0)
(0.0159729 -0.00122684 0)
(0.00917968 -0.00100753 0)
(0.00323929 -0.000794567 0)
(-0.00186501 -0.000584526 0)
(-0.0061609 -0.000385009 0)
(-0.00969301 -0.000205292 0)
(-0.0125207 -4.96294e-05 0)
(-0.0147066 8.08679e-05 0)
(-0.0163104 0.000186473 0)
(-0.0173995 0.000261127 0)
(-0.018086 0.000285266 0)
(-0.0185618 0.000225994 0)
(-0.0190854 6.47882e-05 0)
(-0.0198608 -0.000145673 0)
(-0.0207733 -0.000238975 0)
(-0.0210897 4.09145e-05 0)
(-0.0194806 0.000878934 0)
(-0.0149055 0.00205634 0)
(-0.00807274 0.00268786 0)
(-0.00191365 0.0017384 0)
(0.244183 -0.01939 0)
(0.293026 -0.0171956 0)
(0.337078 -0.0143308 0)
(0.375084 -0.0110727 0)
(0.406346 -0.00767762 0)
(0.430657 -0.00433468 0)
(0.448166 -0.00117384 0)
(0.459224 0.00171683 0)
(0.464458 0.00435498 0)
(0.46405 0.00677611 0)
(0.42496 -0.0814176 0)
(0.485426 -0.0752499 0)
(0.54057 -0.0669252 0)
(0.589289 -0.0572488 0)
(0.63109 -0.0469725 0)
(0.665943 -0.0366632 0)
(0.694107 -0.0267268 0)
(0.716058 -0.0174445 0)
(0.732327 -0.00895117 0)
(0.743896 -0.00127026 0)
(0.592289 -0.144643 0)
(0.652049 -0.133556 0)
(0.705471 -0.119038 0)
(0.751751 -0.10254 0)
(0.79087 -0.0853306 0)
(0.823232 -0.0683206 0)
(0.849398 -0.0521591 0)
(0.870024 -0.0372883 0)
(0.885829 -0.0239603 0)
(0.897523 -0.0122661 0)
(0.741457 -0.205641 0)
(0.795826 -0.188226 0)
(0.84277 -0.166461 0)
(0.882049 -0.142692 0)
(0.914303 -0.118626 0)
(0.940329 -0.0953473 0)
(0.960839 -0.0736165 0)
(0.976568 -0.05394 0)
(0.9883 -0.0365585 0)
(0.996794 -0.0214878 0)
(0.853905 -0.260064 0)
(0.898921 -0.234912 0)
(0.936139 -0.205057 0)
(0.966034 -0.174046 0)
(0.989668 -0.143685 0)
(1.00779 -0.11493 0)
(1.021 -0.0885312 0)
(1.03008 -0.0649906 0)
(1.036 -0.0444965 0)
(1.03965 -0.0269933 0)
(0.915704 -0.303514 0)
(0.951307 -0.270793 0)
(0.978849 -0.233771 0)
(0.998171 -0.196601 0)
(1.01031 -0.160582 0)
(1.01623 -0.126686 0)
(1.01721 -0.0960063 0)
(1.01496 -0.0692269 0)
(1.01108 -0.0465103 0)
(1.0068 -0.0276749 0)
(0.9225 -0.333023 0)
(0.952401 -0.29466 0)
(0.966159 -0.251684 0)
(0.963189 -0.207434 0)
(0.94903 -0.164101 0)
(0.92865 -0.124238 0)
(0.906072 -0.0897087 0)
(0.884508 -0.061111 0)
(0.865968 -0.0382158 0)
(0.851311 -0.0204549 0)
(0.877994 -0.358698 0)
(0.885764 -0.306577 0)
(0.850616 -0.245766 0)
(0.790902 -0.184323 0)
(0.727831 -0.130157 0)
(0.670767 -0.0869694 0)
(0.623064 -0.0544688 0)
(0.58588 -0.0306403 0)
(0.558846 -0.0134556 0)
(0.540374 -0.00156415 0)
(0.759333 -0.389882 0)
(0.665921 -0.275566 0)
(0.522055 -0.168865 0)
(0.401487 -0.0897668 0)
(0.31384 -0.038244 0)
(0.253859 -0.00924146 0)
(0.214798 0.00480258 0)
(0.19162 0.010844 0)
(0.179611 0.013596 0)
(0.176383 0.0146481 0)
(0.442341 -0.302133 0)
(0.188096 -0.0918334 0)
(-0.00344105 0.0124454 0)
(-0.0229315 0.0206698 0)
(-0.0325757 0.0162159 0)
(-0.0369485 0.0108724 0)
(-0.0341355 0.00732119 0)
(-0.0290439 0.00540159 0)
(-0.0229394 0.00364672 0)
(-0.0145665 -0.00311098 0)
(0.458525 0.00887485 0)
(0.448891 0.0104831 0)
(0.436016 0.0115269 0)
(0.420639 0.0120435 0)
(0.403414 0.0121249 0)
(0.384895 0.0118753 0)
(0.365531 0.0113929 0)
(0.345667 0.010763 0)
(0.325567 0.0100548 0)
(0.305427 0.00931974 0)
(0.28539 0.00859338 0)
(0.265556 0.00789823 0)
(0.245993 0.00724677 0)
(0.226748 0.00664429 0)
(0.207856 0.00609057 0)
(0.189346 0.00558147 0)
(0.171254 0.00510973 0)
(0.153621 0.00466631 0)
(0.136502 0.00424166 0)
(0.119963 0.00382789 0)
(0.104083 0.00342059 0)
(0.0889493 0.00302058 0)
(0.0746523 0.00263379 0)
(0.0612777 0.00227009 0)
(0.0488989 0.00193977 0)
(0.0375698 0.00164978 0)
(0.0273215 0.00139971 0)
(0.0181636 0.00118066 0)
(0.0100901 0.000976257 0)
(0.00308067 0.000767588 0)
(-0.00289765 0.000545988 0)
(-0.00787872 0.000324321 0)
(-0.01192 0.000120415 0)
(-0.0151029 -5.20768e-05 0)
(-0.0175193 -0.000186297 0)
(0.751541 0.00554771 0)
(0.755467 0.0114245 0)
(0.755914 0.0163559 0)
(0.753109 0.0204109 0)
(0.747268 0.0236899 0)
(0.738603 0.026296 0)
(0.727321 0.0283281 0)
(0.71362 0.0298799 0)
(0.697684 0.0310371 0)
(0.679679 0.0318754 0)
(0.659756 0.0324596 0)
(0.638046 0.032843 0)
(0.614664 0.0330674 0)
(0.589713 0.0331626 0)
(0.563282 0.0331472 0)
(0.535456 0.0330285 0)
(0.506318 0.0328039 0)
(0.475962 0.0324618 0)
(0.444496 0.0319827 0)
(0.412054 0.031342 0)
(0.378806 0.0305123 0)
(0.344963 0.029468 0)
(0.310789 0.0281898 0)
(0.2766 0.0266696 0)
(0.242768 0.0249149 0)
(0.209705 0.0229516 0)
(0.177853 0.0208231 0)
(0.147652 0.0185869 0)
(0.119512 0.0163081 0)
(0.0937677 0.01405 0)
(0.0706519 0.0118701 0)
(0.0502969 0.00982088 0)
(0.0327127 0.00794288 0)
(0.0177941 0.0062576 0)
(0.00536745 0.00476567 0)
(0.905771 -0.00214527 0)
(0.911257 0.00657095 0)
(0.91443 0.0140766 0)
(0.915579 0.0205586 0)
(0.914881 0.0261795 0)
(0.912432 0.0310768 0)
(0.90828 0.0353708 0)
(0.902435 0.0391679 0)
(0.894881 0.0425613 0)
(0.885582 0.0456304 0)
(0.874487 0.0484419 0)
(0.861538 0.0510498 0)
(0.846668 0.0534953 0)
(0.829805 0.0558058 0)
(0.810868 0.0579948 0)
(0.789775 0.0600622 0)
(0.766441 0.0619939 0)
(0.740785 0.0637614 0)
(0.712732 0.0653217 0)
(0.682227 0.0666171 0)
(0.649241 0.0675771 0)
(0.613791 0.0681201 0)
(0.575951 0.0681585 0)
(0.53587 0.0676048 0)
(0.493789 0.0663798 0)
(0.450052 0.0644222 0)
(0.405116 0.0616991 0)
(0.359549 0.0582159 0)
(0.314022 0.0540252 0)
(0.269283 0.0492315 0)
(0.226124 0.043992 0)
(0.185331 0.0385025 0)
(0.147624 0.0329794 0)
(0.113583 0.0276362 0)
(0.0835863 0.0226491 0)
(1.00272 -0.00858568 0)
(1.00661 0.00240479 0)
(1.0089 0.0117992 0)
(1.00987 0.019894 0)
(1.00969 0.0269333 0)
(1.00846 0.0331214 0)
(1.00626 0.03864 0)
(1.00313 0.0436488 0)
(0.999063 0.0482833 0)
(0.994041 0.0526561 0)
(0.988007 0.0568604 0)
(0.980887 0.0609729 0)
(0.972581 0.0650544 0)
(0.962974 0.0691497 0)
(0.951927 0.0732875 0)
(0.939282 0.07748 0)
(0.92486 0.0817217 0)
(0.90846 0.0859879 0)
(0.889863 0.0902327 0)
(0.868833 0.0943866 0)
(0.845126 0.0983548 0)
(0.818502 0.102017 0)
(0.788735 0.105227 0)
(0.755637 0.107819 0)
(0.719078 0.109615 0)
(0.679008 0.110429 0)
(0.635491 0.110089 0)
(0.588724 0.108444 0)
(0.539072 0.105389 0)
(0.487076 0.100879 0)
(0.433472 0.0949478 0)
(0.379174 0.0877187 0)
(0.325251 0.0794096 0)
(0.272863 0.0703285 0)
(0.223183 0.0608531 0)
(1.04178 -0.0122517 0)
(1.04295 0.00011549 0)
(1.04356 0.0105839 0)
(1.04373 0.0195761 0)
(1.04348 0.0274047 0)
(1.04284 0.0343146 0)
(1.04181 0.0405182 0)
(1.04037 0.0462008 0)
(1.0385 0.0515183 0)
(1.03616 0.0566014 0)
(1.03332 0.06156 0)
(1.0299 0.0664869 0)
(1.02587 0.0714612 0)
(1.02113 0.0765496 0)
(1.01559 0.0818072 0)
(1.00914 0.0872763 0)
(1.00164 0.0929845 0)
(0.992915 0.0989417 0)
(0.98277 0.105136 0)
(0.970961 0.111531 0)
(0.957209 0.118057 0)
(0.941199 0.124612 0)
(0.922583 0.131055 0)
(0.900989 0.137205 0)
(0.876035 0.142848 0)
(0.847345 0.147734 0)
(0.81458 0.151591 0)
(0.777462 0.154131 0)
(0.73582 0.155072 0)
(0.689636 0.154156 0)
(0.639089 0.151174 0)
(0.5846 0.145995 0)
(0.526869 0.138596 0)
(0.466881 0.129092 0)
(0.405887 0.117749 0)
(1.00298 -0.0123051 0)
(1.00014 0.00028536 0)
(0.998393 0.0108354 0)
(0.997552 0.0198781 0)
(0.997399 0.0277598 0)
(0.997772 0.0347478 0)
(0.998553 0.0410679 0)
(0.999622 0.0469079 0)
(1.00086 0.0524269 0)
(1.00216 0.0577619 0)
(1.00342 0.0630305 0)
(1.00456 0.0683307 0)
(1.0055 0.0737454 0)
(1.00616 0.0793469 0)
(1.00644 0.0852001 0)
(1.00628 0.0913633 0)
(1.00555 0.0978877 0)
(1.00414 0.104813 0)
(1.00188 0.112166 0)
(0.998612 0.119948 0)
(0.994095 0.128139 0)
(0.988072 0.136681 0)
(0.980233 0.145483 0)
(0.970221 0.154408 0)
(0.957632 0.163276 0)
(0.942013 0.171864 0)
(0.922875 0.179897 0)
(0.899698 0.187059 0)
(0.871966 0.192991 0)
(0.8392 0.197303 0)
(0.801013 0.199592 0)
(0.757177 0.199469 0)
(0.707695 0.196597 0)
(0.652869 0.190741 0)
(0.593358 0.181817 0)
(0.840879 -0.00702988 0)
(0.8345 0.00347122 0)
(0.831657 0.012236 0)
(0.831561 0.019832 0)
(0.833562 0.026543 0)
(0.837241 0.0326089 0)
(0.84228 0.0382307 0)
(0.848403 0.0435567 0)
(0.855371 0.0487085 0)
(0.862984 0.0537988 0)
(0.871074 0.0589311 0)
(0.879493 0.0641953 0)
(0.88812 0.0696683 0)
(0.896848 0.0754181 0)
(0.905581 0.0815089 0)
(0.914225 0.0880038 0)
(0.922677 0.094965 0)
(0.930824 0.102451 0)
(0.93853 0.110513 0)
(0.945632 0.119183 0)
(0.951937 0.128476 0)
(0.957218 0.138374 0)
(0.961213 0.148828 0)
(0.963616 0.159751 0)
(0.964079 0.171019 0)
(0.962201 0.182467 0)
(0.957522 0.193885 0)
(0.949516 0.205009 0)
(0.937594 0.215517 0)
(0.921117 0.225019 0)
(0.899423 0.233056 0)
(0.871879 0.239111 0)
(0.837947 0.242637 0)
(0.797265 0.243098 0)
(0.74974 0.24003 0)
(0.529388 0.00577744 0)
(0.526123 0.0108394 0)
(0.52905 0.0151618 0)
(0.536029 0.0191598 0)
(0.545797 0.0229436 0)
(0.557711 0.026639 0)
(0.571284 0.0303552 0)
(0.586112 0.0341659 0)
(0.601913 0.0381247 0)
(0.61849 0.0422839 0)
(0.635693 0.046696 0)
(0.653401 0.0514121 0)
(0.671523 0.0564802 0)
(0.689991 0.0619477 0)
(0.708754 0.0678658 0)
(0.727761 0.0742931 0)
(0.746953 0.0812966 0)
(0.766256 0.0889504 0)
(0.785568 0.0973275 0)
(0.804752 0.106491 0)
(0.823637 0.116487 0)
(0.84201 0.127329 0)
(0.85962 0.139003 0)
(0.876177 0.151457 0)
(0.891348 0.164609 0)
(0.904756 0.178344 0)
(0.915968 0.192514 0)
(0.924484 0.206929 0)
(0.92973 0.22134 0)
(0.931051 0.235427 0)
(0.927725 0.248776 0)
(0.918982 0.260874 0)
(0.904047 0.271111 0)
(0.882192 0.278806 0)
(0.852818 0.283255 0)
(0.179176 0.0101528 0)
(0.192639 0.00646854 0)
(0.211627 0.00482684 0)
(0.231378 0.00485712 0)
(0.250982 0.00614269 0)
(0.270739 0.00825951 0)
(0.290798 0.0108952 0)
(0.311204 0.0138893 0)
(0.331993 0.0172027 0)
(0.353224 0.0208299 0)
(0.374952 0.0247786 0)
(0.397218 0.0290684 0)
(0.42007 0.0337293 0)
(0.443565 0.0387974 0)
(0.467761 0.0443184 0)
(0.492712 0.0503542 0)
(0.518455 0.0569867 0)
(0.545002 0.0643158 0)
(0.572331 0.0724508 0)
(0.600374 0.0814994 0)
(0.629016 0.0915532 0)
(0.658091 0.102676 0)
(0.687383 0.114898 0)
(0.716626 0.128212 0)
(0.745503 0.142582 0)
(0.77364 0.157945 0)
(0.800591 0.174215 0)
(0.825829 0.191277 0)
(0.848734 0.20896 0)
(0.868591 0.227022 0)
(0.884602 0.245117 0)
(0.895901 0.262777 0)
(0.901586 0.279405 0)
(0.900755 0.294286 0)
(0.892555 0.306613 0)
(0.000248754 -0.0257775 0)
(0.026974 -0.0255519 0)
(0.0495583 -0.0228946 0)
(0.0678618 -0.0198814 0)
(0.0840718 -0.0165655 0)
(0.0996025 -0.0132356 0)
(0.115034 -0.0100602 0)
(0.130617 -0.00695762 0)
(0.146576 -0.0038215 0)
(0.163081 -0.000573088 0)
(0.180264 0.00284167 0)
(0.19824 0.00646149 0)
(0.217164 0.0103257 0)
(0.237168 0.0144843 0)
(0.258386 0.0189939 0)
(0.280956 0.0239255 0)
(0.30501 0.0293821 0)
(0.330658 0.0354948 0)
(0.357977 0.0424126 0)
(0.387002 0.0502893 0)
(0.417723 0.0592671 0)
(0.450085 0.0694632 0)
(0.483986 0.0809598 0)
(0.519279 0.093807 0)
(0.555766 0.10803 0)
(0.593174 0.123643 0)
(0.631138 0.140653 0)
(0.669159 0.159052 0)
(0.706592 0.178785 0)
(0.742642 0.199714 0)
(0.776381 0.221582 0)
(0.806774 0.243977 0)
(0.832734 0.266322 0)
(0.853158 0.287882 0)
(0.866976 0.3078 0)
(-0.00569138 -0.0322191 0)
(-0.00513752 -0.0368119 0)
(0.000316147 -0.0340919 0)
(0.00720645 -0.0305259 0)
(0.0144984 -0.0270622 0)
(0.0221734 -0.023972 0)
(0.0302815 -0.0212249 0)
(0.0388537 -0.0186641 0)
(0.0479293 -0.0161597 0)
(0.0575573 -0.0136297 0)
(0.0678084 -0.0110271 0)
(0.0787833 -0.00833368 0)
(0.0905391 -0.0055498 0)
(0.103285 -0.00265518 0)
(0.117257 0.000391385 0)
(0.132686 0.00366203 0)
(0.149783 0.0072681 0)
(0.168797 0.0113828 0)
(0.189871 0.0162005 0)
(0.213114 0.0219147 0)
(0.238625 0.0287055 0)
(0.266492 0.0367219 0)
(0.296803 0.0460769 0)
(0.329639 0.0568579 0)
(0.365061 0.0691476 0)
(0.403083 0.0830523 0)
(0.44361 0.0987149 0)
(0.486377 0.116291 0)
(0.530903 0.135909 0)
(0.576473 0.157615 0)
(0.622146 0.181308 0)
(0.66679 0.206686 0)
(0.70915 0.233229 0)
(0.747911 0.260205 0)
(0.781751 0.286709 0)
(-0.00322261 -0.0252036 0)
(-0.00928407 -0.0345431 0)
(-0.0121977 -0.0349392 0)
(-0.0129031 -0.0329589 0)
(-0.0123084 -0.0305462 0)
(-0.0108042 -0.0282468 0)
(-0.00856192 -0.0261456 0)
(-0.00567288 -0.0241638 0)
(-0.00217155 -0.0222116 0)
(0.00190491 -0.0202428 0)
(0.00655369 -0.0182431 0)
(0.0118376 -0.016224 0)
(0.0178382 -0.0142367 0)
(0.0246878 -0.0123334 0)
(0.0325617 -0.010514 0)
(0.0416609 -0.00871312 0)
(0.0521797 -0.00680808 0)
(0.0642515 -0.00460594 0)
(0.0780314 -0.00187418 0)
(0.093652 0.00158682 0)
(0.111266 0.00594888 0)
(0.131104 0.0113549 0)
(0.153399 0.0179058 0)
(0.178432 0.0256724 0)
(0.206563 0.0347458 0)
(0.238178 0.0453017 0)
(0.273574 0.0576296 0)
(0.312856 0.0720932 0)
(0.355888 0.0890788 0)
(0.402259 0.108906 0)
(0.451261 0.131718 0)
(0.501929 0.157408 0)
(0.553102 0.185587 0)
(0.603473 0.215604 0)
(0.651629 0.246579 0)
(-0.00231938 -0.0185304 0)
(-0.00896202 -0.0285342 0)
(-0.0147259 -0.0309405 0)
(-0.0191239 -0.0304909 0)
(-0.0223547 -0.029191 0)
(-0.0247038 -0.0277491 0)
(-0.0263499 -0.0263509 0)
(-0.027397 -0.0249878 0)
(-0.0278924 -0.0236115 0)
(-0.0278358 -0.0222025 0)
(-0.0271975 -0.0207904 0)
(-0.0259385 -0.0194361 0)
(-0.0240084 -0.0182146 0)
(-0.0213551 -0.0171925 0)
(-0.0179212 -0.0163894 0)
(-0.0136305 -0.0157583 0)
(-0.00838049 -0.0151794 0)
(-0.00203746 -0.0144608 0)
(0.00566709 -0.0133354 0)
(0.0149135 -0.0115664 0)
(0.0257479 -0.00901756 0)
(0.0383029 -0.00560704 0)
(0.0527801 -0.00135675 0)
(0.0695765 0.00363756 0)
(0.0892288 0.00934559 0)
(0.112361 0.0159858 0)
(0.139545 0.0240046 0)
(0.171169 0.033979 0)
(0.207396 0.046569 0)
(0.248098 0.0623998 0)
(0.292879 0.081902 0)
(0.341154 0.105197 0)
(0.392208 0.132082 0)
(0.44518 0.162066 0)
(0.49901 0.19442 0)
(-0.00179885 -0.0133094 0)
(-0.00784534 -0.0219651 0)
(-0.01428 -0.0250304 0)
(-0.0201426 -0.0255318 0)
(-0.0252331 -0.0250777 0)
(-0.0296698 -0.024341 0)
(-0.0335571 -0.0235417 0)
(-0.0369642 -0.022722 0)
(-0.0399221 -0.0218752 0)
(-0.0424297 -0.0210083 0)
(-0.0444653 -0.0201599 0)
(-0.0459971 -0.0193948 0)
(-0.0469949 -0.0187929 0)
(-0.0474388 -0.0184232 0)
(-0.0473196 -0.0183152 0)
(-0.0466319 -0.0184392 0)
(-0.0453623 -0.0187011 0)
(-0.0434763 -0.0189453 0)
(-0.040877 -0.0189547 0)
(-0.0373534 -0.0184998 0)
(-0.0326032 -0.0174447 0)
(-0.0262844 -0.015771 0)
(-0.0179968 -0.0135525 0)
(-0.0072984 -0.010929 0)
(0.00595887 -0.00805828 0)
(0.0221337 -0.00491649 0)
(0.0421015 -0.00107517 0)
(0.0663044 0.00428479 0)
(0.0948767 0.0121712 0)
(0.127794 0.023462 0)
(0.164784 0.0387494 0)
(0.205471 0.0582356 0)
(0.249629 0.081805 0)
(0.29713 0.109104 0)
(0.347746 0.13964 0)
(-0.00138742 -0.00904376 0)
(-0.00655032 -0.0157776 0)
(-0.0126705 -0.0187273 0)
(-0.0187524 -0.0196619 0)
(-0.0244351 -0.0197274 0)
(-0.0297163 -0.0194713 0)
(-0.0346354 -0.0191053 0)
(-0.0392225 -0.0186912 0)
(-0.0434919 -0.0182442 0)
(-0.0474445 -0.0177849 0)
(-0.0510724 -0.0173542 0)
(-0.0543701 -0.0170139 0)
(-0.0573419 -0.0168346 0)
(-0.0600078 -0.0168776 0)
(-0.0624005 -0.0171736 0)
(-0.0645527 -0.0177089 0)
(-0.0664785 -0.0184181 0)
(-0.068154 -0.019188 0)
(-0.0694899 -0.0198716 0)
(-0.070308 -0.0203344 0)
(-0.0703399 -0.0205115 0)
(-0.0692255 -0.020443 0)
(-0.0665031 -0.0202673 0)
(-0.0616263 -0.0201791 0)
(-0.0540408 -0.0203231 0)
(-0.0433068 -0.0206053 0)
(-0.0291551 -0.0205347 0)
(-0.0114683 -0.0192211 0)
(0.0102212 -0.0154573 0)
(0.0360633 -0.00799586 0)
(0.0654006 0.00383138 0)
(0.0977187 0.0200127 0)
(0.132915 0.0401877 0)
(0.171154 0.0638529 0)
(0.213053 0.0906354 0)
(-0.00103284 -0.00562867 0)
(-0.00518909 -0.010406 0)
(-0.0104733 -0.0128525 0)
(-0.0160349 -0.0138582 0)
(-0.0214779 -0.0141638 0)
(-0.0267349 -0.014176 0)
(-0.0317982 -0.0140739 0)
(-0.0366697 -0.0139178 0)
(-0.0413519 -0.0137303 0)
(-0.0458458 -0.0135297 0)
(-0.0501556 -0.0133484 0)
(-0.0542951 -0.0132329 0)
(-0.0582937 -0.0132366 0)
(-0.0621977 -0.0134092 0)
(-0.0660639 -0.0137821 0)
(-0.069946 -0.0143592 0)
(-0.0738764 -0.0151139 0)
(-0.0778484 -0.0159943 0)
(-0.0818025 -0.0169387 0)
(-0.0856172 -0.0179066 0)
(-0.0891073 -0.0189176 0)
(-0.0920186 -0.0200787 0)
(-0.0940192 -0.0215791 0)
(-0.0947048 -0.0236413 0)
(-0.0936105 -0.0264044 0)
(-0.0902333 -0.029767 0)
(-0.0840788 -0.0332068 0)
(-0.0747293 -0.0356911 0)
(-0.0618234 -0.0357678 0)
(-0.0450502 -0.0319799 0)
(-0.0241957 -0.0234188 0)
(0.000867779 -0.00997131 0)
(0.0294833 0.00766075 0)
(0.0603078 0.028234 0)
(0.0936804 0.0509612 0)
(-0.000713902 -0.00305235 0)
(-0.00380673 -0.00608796 0)
(-0.007975 -0.00787451 0)
(-0.0125766 -0.00872364 0)
(-0.0172447 -0.00906758 0)
(-0.0218787 -0.00918327 0)
(-0.0264453 -0.00920386 0)
(-0.0309299 -0.00918029 0)
(-0.035326 -0.00913025 0)
(-0.039632 -0.00906563 0)
(-0.043854 -0.00900579 0)
(-0.0480098 -0.00897933 0)
(-0.0521334 -0.00902203 0)
(-0.056277 -0.00916883 0)
(-0.0605055 -0.00944566 0)
(-0.0648835 -0.00986334 0)
(-0.0694616 -0.0104182 0)
(-0.0742646 -0.011099 0)
(-0.079288 -0.0119019 0)
(-0.0845029 -0.0128528 0)
(-0.0898686 -0.0140308 0)
(-0.0953389 -0.0155846 0)
(-0.100853 -0.0177351 0)
(-0.106311 -0.0207404 0)
(-0.111539 -0.0248077 0)
(-0.116249 -0.0299505 0)
(-0.119995 -0.0358001 0)
(-0.12211 -0.041441 0)
(-0.121651 -0.0453994 0)
(-0.117485 -0.0459683 0)
(-0.108607 -0.0417497 0)
(-0.0944109 -0.0321717 0)
(-0.0747634 -0.0177777 0)
(-0.050175 5.52999e-05 0)
(-0.0218178 0.0197863 0)
(-0.000425456 -0.00129332 0)
(-0.00246036 -0.00293974 0)
(-0.00540042 -0.00405001 0)
(-0.00880874 -0.00462527 0)
(-0.012381 -0.00488393 0)
(-0.0160054 -0.00499476 0)
(-0.0196371 -0.0050437 0)
(-0.0232554 -0.00506519 0)
(-0.0268498 -0.00506906 0)
(-0.0304153 -0.00505994 0)
(-0.0339523 -0.00504508 0)
(-0.0374709 -0.00503755 0)
(-0.0409945 -0.0050572 0)
(-0.0445626 -0.00512641 0)
(-0.0482286 -0.00526368 0)
(-0.0520536 -0.00547748 0)
(-0.0560938 -0.00576681 0)
(-0.0603924 -0.00612832 0)
(-0.064982 -0.00657004 0)
(-0.0698983 -0.00712989 0)
(-0.075205 -0.0078922 0)
(-0.0810228 -0.00899597 0)
(-0.08754 -0.0106376 0)
(-0.0950004 -0.0130615 0)
(-0.103662 -0.0165298 0)
(-0.113718 -0.0212387 0)
(-0.12518 -0.0271644 0)
(-0.137691 -0.0338541 0)
(-0.15033 -0.0402886 0)
(-0.161548 -0.0449678 0)
(-0.169381 -0.0462541 0)
(-0.171885 -0.0428738 0)
(-0.167609 -0.0344231 0)
(-0.155967 -0.0215592 0)
(-0.137368 -0.00569827 0)
(-0.000173228 -0.00030528 0)
(-0.00123417 -0.000977166 0)
(-0.00296677 -0.00149732 0)
(-0.00510704 -0.00177502 0)
(-0.00742187 -0.00190109 0)
(-0.00981034 -0.0019567 0)
(-0.0122317 -0.00198443 0)
(-0.0146689 -0.00200047 0)
(-0.0171131 -0.00200925 0)
(-0.0195582 -0.00201211 0)
(-0.0219999 -0.00201061 0)
(-0.0244387 -0.00200849 0)
(-0.0268829 -0.00201194 0)
(-0.0293512 -0.00202988 0)
(-0.0318727 -0.00207174 0)
(-0.0344853 -0.00214313 0)
(-0.0372296 -0.00224248 0)
(-0.0401422 -0.002363 0)
(-0.0432554 -0.00249905 0)
(-0.0466075 -0.00265748 0)
(-0.0502658 -0.00287126 0)
(-0.0543597 -0.00321039 0)
(-0.059115 -0.00378315 0)
(-0.0648809 -0.00473918 0)
(-0.072143 -0.00627053 0)
(-0.0814999 -0.0086094 0)
(-0.0935804 -0.0119806 0)
(-0.108855 -0.0164682 0)
(-0.127336 -0.0218277 0)
(-0.148278 -0.027351 0)
(-0.170053 -0.0319034 0)
(-0.190305 -0.0341803 0)
(-0.206378 -0.0331387 0)
(-0.215908 -0.0283691 0)
(-0.217294 -0.0201826 0)
(1.01355e-05 1.96436e-05 0)
(-0.000279659 -0.000103345 0)
(-0.000936898 -0.000205841 0)
(-0.00182838 -0.000256647 0)
(-0.00282257 -0.000280171 0)
(-0.00385892 -0.000293035 0)
(-0.00491523 -0.000303058 0)
(-0.00598412 -0.000313255 0)
(-0.00706194 -0.000322614 0)
(-0.00814376 -0.000327649 0)
(-0.00922282 -0.000324746 0)
(-0.0102919 -0.000311897 0)
(-0.0113467 -0.000291332 0)
(-0.0123902 -0.000269431 0)
(-0.0134353 -0.000253283 0)
(-0.0145032 -0.000247039 0)
(-0.0156187 -0.000247804 0)
(-0.0168031 -0.000244256 0)
(-0.0180665 -0.000223949 0)
(-0.0194092 -0.00018619 0)
(-0.0208334 -0.000150065 0)
(-0.0223661 -0.000150742 0)
(-0.024085 -0.000219336 0)
(-0.0261383 -0.000360573 0)
(-0.028763 -0.000553172 0)
(-0.0323102 -0.000783336 0)
(-0.0372705 -0.0010994 0)
(-0.0442747 -0.00166272 0)
(-0.0540316 -0.00273087 0)
(-0.067178 -0.00453753 0)
(-0.0840301 -0.00708645 0)
(-0.10425 -0.00996912 0)
(-0.126587 -0.0124182 0)
(-0.148969 -0.0136224 0)
(-0.168966 -0.0130787 0)
(-0.0192635 -0.00028524 0)
(-0.0204195 -0.000357946 0)
(-0.0210587 -0.000419496 0)
(-0.0212362 -0.000483018 0)
(-0.0209981 -0.000544939 0)
(-0.0204489 -0.000562499 0)
(-0.019827 -0.000457591 0)
(-0.0196421 -0.000161106 0)
(-0.0206155 0.000377175 0)
(-0.0225138 0.00104514 0)
(-0.00476272 0.00346022 0)
(-0.012821 0.00232521 0)
(-0.0190589 0.00132499 0)
(-0.0237074 0.000441489 0)
(-0.0269814 -0.000267601 0)
(-0.0291392 -0.0006237 0)
(-0.0306162 -0.000385445 0)
(-0.0321253 0.000603639 0)
(-0.0346102 0.00222699 0)
(-0.0377648 0.00359243 0)
(0.0577758 0.0181372 0)
(0.0360697 0.0141479 0)
(0.0182007 0.0106547 0)
(0.00377128 0.00760685 0)
(-0.00764056 0.0050531 0)
(-0.0164419 0.00327703 0)
(-0.0230899 0.0026819 0)
(-0.0282956 0.00349548 0)
(-0.0332939 0.0053909 0)
(-0.0381408 0.00718811 0)
(0.177288 0.0513966 0)
(0.136048 0.0423513 0)
(0.100016 0.0340253 0)
(0.0693567 0.0266049 0)
(0.0438777 0.0202095 0)
(0.0231948 0.015068 0)
(0.00690084 0.0116178 0)
(-0.00554146 0.0103289 0)
(-0.0155834 0.0110285 0)
(-0.0242743 0.0128262 0)
(0.345343 0.104988 0)
(0.286806 0.0913611 0)
(0.231789 0.0774969 0)
(0.181597 0.0640321 0)
(0.13717 0.0515443 0)
(0.0990183 0.0405631 0)
(0.0673559 0.0316162 0)
(0.0420912 0.0253567 0)
(0.0226638 0.0218802 0)
(0.00550538 0.022845 0)
(0.530201 0.169934 0)
(0.464804 0.155428 0)
(0.398871 0.138864 0)
(0.334277 0.121004 0)
(0.272899 0.102739 0)
(0.2164 0.0850274 0)
(0.166231 0.0687598 0)
(0.123161 0.0550125 0)
(0.0890668 0.0438114 0)
(0.0558407 0.0399879 0)
(0.695633 0.233113 0)
(0.635633 0.22224 0)
(0.570886 0.207579 0)
(0.502977 0.189604 0)
(0.433869 0.169086 0)
(0.365676 0.14707 0)
(0.300802 0.124645 0)
(0.240546 0.103388 0)
(0.190429 0.0830871 0)
(0.134473 0.0695399 0)
(0.81554 0.283794 0)
(0.770287 0.279881 0)
(0.717398 0.271189 0)
(0.657688 0.257687 0)
(0.592517 0.239688 0)
(0.523606 0.217921 0)
(0.453567 0.19327 0)
(0.383271 0.167482 0)
(0.322258 0.140358 0)
(0.243485 0.114922 0)
(0.876234 0.315537 0)
(0.851218 0.320234 0)
(0.817205 0.319985 0)
(0.774242 0.314277 0)
(0.722893 0.30288 0)
(0.664024 0.285991 0)
(0.599883 0.264003 0)
(0.53 0.23832 0)
(0.467432 0.209217 0)
(0.373794 0.173924 0)
(0.873185 0.325125 0)
(0.870893 0.338872 0)
(0.85938 0.348084 0)
(0.83814 0.351911 0)
(0.807082 0.349683 0)
(0.766204 0.341081 0)
(0.717182 0.32597 0)
(0.657859 0.30501 0)
(0.603505 0.27936 0)
(0.507832 0.239396 0)
(0.809388 0.311707 0)
(0.82962 0.334094 0)
(0.841378 0.352744 0)
(0.843729 0.366583 0)
(0.83609 0.374646 0)
(0.817759 0.376207 0)
(0.789862 0.370757 0)
(0.748811 0.358047 0)
(0.710251 0.340309 0)
(0.626155 0.302217 0)
(0.696104 0.277451 0)
(0.735416 0.307031 0)
(0.768143 0.334062 0)
(0.792939 0.357288 0)
(0.808767 0.375526 0)
(0.81435 0.387743 0)
(0.810259 0.39322 0)
(0.792085 0.390849 0)
(0.773742 0.38379 0)
(0.71262 0.353887 0)
(0.552425 0.228204 0)
(0.603943 0.262287 0)
(0.65196 0.295384 0)
(0.694794 0.326123 0)
(0.730985 0.353158 0)
(0.758752 0.375201 0)
(0.777997 0.391427 0)
(0.784186 0.40005 0)
(0.787372 0.40464 0)
(0.756902 0.387993 0)
(0.400938 0.172792 0)
(0.455733 0.207738 0)
(0.510764 0.243397 0)
(0.564342 0.278456 0)
(0.614781 0.311534 0)
(0.65999 0.34118 0)
(0.699097 0.366518 0)
(0.728116 0.385354 0)
(0.751391 0.400912 0)
(0.755063 0.400796 0)
(0.259118 0.120318 0)
(0.309327 0.152617 0)
(0.363031 0.186932 0)
(0.419036 0.222285 0)
(0.475881 0.257506 0)
(0.531595 0.291201 0)
(0.584637 0.322547 0)
(0.63228 0.349345 0)
(0.671903 0.373654 0)
(0.709158 0.391295 0)
(0.130922 0.0759574 0)
(0.17304 0.103511 0)
(0.220303 0.133549 0)
(0.272416 0.165602 0)
(0.328661 0.198944 0)
(0.38778 0.232517 0)
(0.447923 0.265748 0)
(0.508412 0.296964 0)
(0.559227 0.326483 0)
(0.626249 0.36098 0)
(0.00936599 0.0406685 0)
(0.0441942 0.0631361 0)
(0.0839934 0.0875247 0)
(0.129553 0.113849 0)
(0.181178 0.142067 0)
(0.238699 0.171707 0)
(0.300328 0.202567 0)
(0.368177 0.234014 0)
(0.425081 0.264389 0)
(0.516692 0.313072 0)
(-0.113164 0.0115852 0)
(-0.0847949 0.0295741 0)
(-0.0507956 0.0486534 0)
(-0.0107903 0.0690502 0)
(0.0353361 0.0906401 0)
(0.0886415 0.113575 0)
(0.148337 0.138319 0)
(0.219924 0.165615 0)
(0.279097 0.191834 0)
(0.391873 0.250461 0)
(-0.20986 -0.00939744 0)
(-0.193934 0.00299799 0)
(-0.171133 0.016292 0)
(-0.140873 0.0301895 0)
(-0.102311 0.0446359 0)
(-0.055355 0.0598296 0)
(-8.36534e-05 0.0760653 0)
(0.0708024 0.0961797 0)
(0.127315 0.113737 0)
(0.26318 0.174729 0)
(-0.184233 -0.0107625 0)
(-0.192593 -0.00710669 0)
(-0.192082 -0.00275061 0)
(-0.182246 0.00186619 0)
(-0.162987 0.00667566 0)
(-0.133406 0.0118593 0)
(-0.0924668 0.0180674 0)
(-0.041468 0.0264976 0)
(0.00714336 0.0328008 0)
(0.141143 0.0763858 0)
)
;

boundaryField
{
    inlet
    {
        type            fixedProfile;
        profile         csvFile;
        profileCoeffs
        {
            nHeaderLine     0;
            refColumn       0;
            componentColumns 3(1 2 3);
            separator       ",";
            mergeSeparators 0;
            file            "0/Uprofile.csv";
        }
        direction       (0 1 0);
        origin          0;
        value           nonuniform List<vector> 10((0.19 0 0) (0.51 0 0) (0.75 0 0) (0.91 0 0) (0.99 0 0) (0.99 0 0) (0.91 0 0) (0.75 0 0) (0.51 0 0) (0.19 0 0));
    }
    outlet
    {
        type            zeroGradient;
    }
    upperWall
    {
        type            noSlip;
    }
    lowerWall
    {
        type            noSlip;
    }
    frontAndBack
    {
        type            empty;
    }
}


// ************************************************************************* //
