/*--------------------------------*- C++ -*----------------------------------*\
| =========                 |                                                 |
| \\      /  F ield         | OpenFOAM: The Open Source CFD Toolbox           |
|  \\    /   O peration     | Version:  2406                                  |
|   \\  /    A nd           | Website:  www.openfoam.com                      |
|    \\/     M anipulation  |                                                 |
\*---------------------------------------------------------------------------*/
FoamFile
{
    version     2.0;
    format      ascii;
    arch        "LSB;label=32;scalar=64";
    class       volVectorField;
    location    "45";
    object      U;
}
// * * * * * * * * * * * * * * * * * * * * * * * * * * * * * * * * * * * * * //

dimensions      [0 1 -1 0 0 0 0];

internalField   nonuniform List<vector> 
1964
(
(0.196272 -0.00158824 0)
(0.199242 -0.00187433 0)
(0.201927 -0.00118994 0)
(0.203963 -0.000693027 0)
(0.205444 -0.000443444 0)
(0.206566 -0.00029493 0)
(0.207431 -0.0001938 0)
(0.208097 -0.000132901 0)
(0.20862 -0.000101541 0)
(0.209045 -8.29789e-05 0)
(0.209402 -6.58672e-05 0)
(0.209708 -4.99808e-05 0)
(0.209972 -4.02475e-05 0)
(0.210205 -3.9764e-05 0)
(0.210417 -4.56613e-05 0)
(0.210616 -5.30343e-05 0)
(0.21081 -5.72079e-05 0)
(0.211005 -5.78817e-05 0)
(0.211207 -5.68569e-05 0)
(0.211423 -5.85302e-05 0)
(0.211662 -6.6078e-05 0)
(0.211937 -8.26234e-05 0)
(0.212264 -0.000108953 0)
(0.212665 -0.000146451 0)
(0.213166 -0.000195487 0)
(0.213805 -0.000258975 0)
(0.214629 -0.00034023 0)
(0.2157 -0.000446632 0)
(0.217103 -0.000587018 0)
(0.218951 -0.000775487 0)
(0.221394 -0.00102927 0)
(0.224636 -0.00137309 0)
(0.228949 -0.00183866 0)
(0.234702 -0.00246964 0)
(0.242386 -0.00332355 0)
(0.252661 -0.00447692 0)
(0.266401 -0.00602853 0)
(0.284752 -0.00810103 0)
(0.309185 -0.0108379 0)
(0.341531 -0.0143888 0)
(0.383974 -0.0188754 0)
(0.438921 -0.0243275 0)
(0.508759 -0.0305859 0)
(0.595234 -0.0371007 0)
(0.698855 -0.0428895 0)
(0.817374 -0.0460304 0)
(0.944987 -0.0445966 0)
(0.553315 -0.00192042 0)
(0.552991 -0.00341404 0)
(0.553439 -0.00322579 0)
(0.554003 -0.00264442 0)
(0.554743 -0.00213546 0)
(0.55561 -0.00171262 0)
(0.55648 -0.00135945 0)
(0.557278 -0.00108066 0)
(0.557991 -0.000873353 0)
(0.558629 -0.00072409 0)
(0.559202 -0.000614539 0)
(0.55972 -0.000530195 0)
(0.560187 -0.000463753 0)
(0.560612 -0.000414611 0)
(0.561004 -0.000381842 0)
(0.561373 -0.000364377 0)
(0.56173 -0.000358909 0)
(0.562085 -0.000364751 0)
(0.562447 -0.000382037 0)
(0.562828 -0.000414593 0)
(0.563244 -0.00046669 0)
(0.563714 -0.000545475 0)
(0.564261 -0.000657854 0)
(0.564918 -0.000814697 0)
(0.565725 -0.0010277 0)
(0.566737 -0.00131561 0)
(0.568025 -0.0017007 0)
(0.569684 -0.00221668 0)
(0.571839 -0.00290554 0)
(0.574654 -0.00382725 0)
(0.578348 -0.00505847 0)
(0.583212 -0.0067048 0)
(0.589628 -0.0089032 0)
(0.598098 -0.0118376 0)
(0.60928 -0.0157454 0)
(0.624031 -0.0209349 0)
(0.643452 -0.0277902 0)
(0.668939 -0.0367771 0)
(0.702234 -0.0484226 0)
(0.745449 -0.0632663 0)
(0.801058 -0.0817523 0)
(0.871806 -0.104047 0)
(0.960573 -0.129764 0)
(1.06973 -0.157463 0)
(1.20112 -0.184607 0)
(1.35343 -0.205513 0)
(1.52192 -0.214339 0)
(0.873791 -0.000994717 0)
(0.873517 -0.00211792 0)
(0.873302 -0.00238894 0)
(0.872818 -0.00232137 0)
(0.872514 -0.00218914 0)
(0.872509 -0.00201837 0)
(0.872679 -0.00181535 0)
(0.872926 -0.00160773 0)
(0.873211 -0.0014195 0)
(0.873519 -0.00126102 0)
(0.873843 -0.00112945 0)
(0.874174 -0.00101687 0)
(0.8745 -0.000919407 0)
(0.874815 -0.000839623 0)
(0.875121 -0.000781842 0)
(0.875424 -0.000748225 0)
(0.875729 -0.000737695 0)
(0.876043 -0.000748968 0)
(0.876373 -0.000782119 0)
(0.876727 -0.000841383 0)
(0.877115 -0.000934229 0)
(0.877555 -0.0010726 0)
(0.878067 -0.00127144 0)
(0.878681 -0.00155052 0)
(0.879433 -0.00193436 0)
(0.880373 -0.00245559 0)
(0.881564 -0.0031567 0)
(0.883093 -0.00409526 0)
(0.885071 -0.00534763 0)
(0.887645 -0.00701679 0)
(0.891009 -0.0092391 0)
(0.89542 -0.0121961 0)
(0.901214 -0.0161264 0)
(0.90883 -0.0213426 0)
(0.918841 -0.0282492 0)
(0.93199 -0.0373624 0)
(0.949238 -0.0493265 0)
(0.971813 -0.0649204 0)
(1.00128 -0.0850377 0)
(1.03962 -0.110626 0)
(1.08926 -0.142522 0)
(1.15319 -0.181225 0)
(1.23497 -0.226342 0)
(1.33809 -0.276056 0)
(1.46759 -0.326708 0)
(1.62311 -0.368463 0)
(1.80641 -0.394267 0)
(1.15408 -0.000543697 0)
(1.15404 -0.00136621 0)
(1.15397 -0.00176193 0)
(1.15345 -0.00187624 0)
(1.15292 -0.00188351 0)
(1.1526 -0.00183212 0)
(1.15243 -0.00173356 0)
(1.15231 -0.00160921 0)
(1.15224 -0.0014829 0)
(1.15222 -0.0013696 0)
(1.15223 -0.00127227 0)
(1.15228 -0.00118593 0)
(1.15236 -0.00110805 0)
(1.15245 -0.00104138 0)
(1.15254 -0.000993072 0)
(1.15265 -0.000968007 0)
(1.15278 -0.000969472 0)
(1.15293 -0.000997942 0)
(1.1531 -0.00105635 0)
(1.15329 -0.0011494 0)
(1.15352 -0.00128775 0)
(1.1538 -0.00148535 0)
(1.15412 -0.00176349 0)
(1.15453 -0.00214763 0)
(1.15503 -0.00267343 0)
(1.15567 -0.00338446 0)
(1.15648 -0.00434113 0)
(1.15753 -0.00562022 0)
(1.1589 -0.00732706 0)
(1.16068 -0.00959829 0)
(1.163 -0.0126184 0)
(1.16605 -0.0166279 0)
(1.17006 -0.0219462 0)
(1.17532 -0.0289876 0)
(1.18225 -0.0382922 0)
(1.19136 -0.0505503 0)
(1.20338 -0.0666364 0)
(1.21925 -0.0876314 0)
(1.24027 -0.11483 0)
(1.26822 -0.149715 0)
(1.30553 -0.193801 0)
(1.35567 -0.24846 0)
(1.42316 -0.313941 0)
(1.51387 -0.389229 0)
(1.63689 -0.468746 0)
(1.79269 -0.537657 0)
(2.00666 -0.592791 0)
(1.39423 -0.000344928 0)
(1.3943 -0.000936992 0)
(1.39438 -0.00130271 0)
(1.39398 -0.00146231 0)
(1.39349 -0.0015197 0)
(1.39313 -0.00152202 0)
(1.39287 -0.00148071 0)
(1.39266 -0.00141005 0)
(1.39246 -0.00132923 0)
(1.39228 -0.00125339 0)
(1.39214 -0.00118724 0)
(1.39204 -0.00112855 0)
(1.39196 -0.00107488 0)
(1.3919 -0.00102966 0)
(1.39184 -0.000999366 0)
(1.39179 -0.0009912 0)
(1.39176 -0.00100936 0)
(1.39175 -0.00105731 0)
(1.39176 -0.00113842 0)
(1.39179 -0.00125981 0)
(1.39184 -0.0014321 0)
(1.39191 -0.00167248 0)
(1.39201 -0.00200323 0)
(1.39214 -0.00245548 0)
(1.39233 -0.00306826 0)
(1.39257 -0.00389443 0)
(1.39289 -0.00500156 0)
(1.39332 -0.00648082 0)
(1.39389 -0.00845101 0)
(1.39464 -0.0110716 0)
(1.39563 -0.0145516 0)
(1.39693 -0.0191692 0)
(1.39864 -0.0252891 0)
(1.40091 -0.0333915 0)
(1.40392 -0.0441027 0)
(1.40793 -0.0582386 0)
(1.41332 -0.0768529 0)
(1.42065 -0.101297 0)
(1.43079 -0.133286 0)
(1.4451 -0.174963 0)
(1.4657 -0.228903 0)
(1.49647 -0.298168 0)
(1.5425 -0.385417 0)
(1.61535 -0.493401 0)
(1.7241 -0.617915 0)
(1.89028 -0.742976 0)
(2.15875 -0.882838 0)
(1.59432 -0.000231626 0)
(1.59444 -0.000649715 0)
(1.5946 -0.00094592 0)
(1.5943 -0.00110579 0)
(1.59387 -0.0011845 0)
(1.59352 -0.0012156 0)
(1.59326 -0.00120803 0)
(1.59302 -0.00117121 0)
(1.59278 -0.0011204 0)
(1.59255 -0.00106934 0)
(1.59235 -0.0010239 0)
(1.59219 -0.000983511 0)
(1.59205 -0.000946948 0)
(1.59191 -0.00091713 0)
(1.59177 -0.000900185 0)
(1.59164 -0.000903129 0)
(1.59152 -0.000931114 0)
(1.5914 -0.00098848 0)
(1.5913 -0.00107966 0)
(1.5912 -0.00121206 0)
(1.59111 -0.00139679 0)
(1.59101 -0.00165081 0)
(1.5909 -0.00199693 0)
(1.59079 -0.00246636 0)
(1.59066 -0.00309931 0)
(1.59051 -0.00394944 0)
(1.59033 -0.00508639 0)
(1.59012 -0.00660309 0)
(1.58986 -0.00862153 0)
(1.58952 -0.0113044 0)
(1.5891 -0.0148661 0)
(1.58854 -0.0195915 0)
(1.58783 -0.0258565 0)
(1.5869 -0.0341586 0)
(1.58571 -0.0451543 0)
(1.58421 -0.0597117 0)
(1.58238 -0.0789794 0)
(1.58025 -0.104482 0)
(1.57802 -0.138252 0)
(1.5762 -0.183023 0)
(1.57588 -0.242497 0)
(1.58003 -0.321784 0)
(1.5923 -0.427814 0)
(1.63 -0.570459 0)
(1.69325 -0.760763 0)
(1.88151 -1.00006 0)
(2.13482 -1.37362 0)
(1.75438 -0.000156813 0)
(1.75451 -0.000447504 0)
(1.75472 -0.000671791 0)
(1.75449 -0.000809707 0)
(1.7541 -0.000888588 0)
(1.75378 -0.000928856 0)
(1.75352 -0.000936369 0)
(1.75327 -0.000917826 0)
(1.75302 -0.000885574 0)
(1.75277 -0.000851271 0)
(1.75254 -0.000820721 0)
(1.75235 -0.000793998 0)
(1.75217 -0.000770599 0)
(1.752 -0.000752469 0)
(1.75182 -0.000744881 0)
(1.75164 -0.000753601 0)
(1.75146 -0.000784017 0)
(1.75129 -0.0008403 0)
(1.75111 -0.000927494 0)
(1.75092 -0.00105227 0)
(1.75072 -0.00122538 0)
(1.75049 -0.00146166 0)
(1.75022 -0.00178244 0)
(1.74989 -0.00221537 0)
(1.74949 -0.00279787 0)
(1.749 -0.00357816 0)
(1.74837 -0.00462077 0)
(1.74757 -0.00600993 0)
(1.74653 -0.00785815 0)
(1.74519 -0.0103136 0)
(1.74343 -0.013574 0)
(1.74113 -0.0179007 0)
(1.73811 -0.0236418 0)
(1.73413 -0.0312597 0)
(1.72892 -0.041372 0)
(1.72208 -0.0548058 0)
(1.71315 -0.0726771 0)
(1.70157 -0.0965054 0)
(1.68665 -0.128387 0)
(1.6677 -0.171263 0)
(1.64393 -0.229378 0)
(1.61535 -0.30895 0)
(1.58088 -0.419919 0)
(1.55051 -0.577297 0)
(1.51036 -0.810912 0)
(1.61419 -1.15972 0)
(1.54567 -1.78573 0)
(1.87442 -0.00010206 0)
(1.87456 -0.000294019 0)
(1.87478 -0.000449605 0)
(1.8746 -0.000552464 0)
(1.87424 -0.000616132 0)
(1.87394 -0.000652369 0)
(1.87369 -0.000664192 0)
(1.87344 -0.000656213 0)
(1.87318 -0.000637534 0)
(1.87292 -0.000616874 0)
(1.87267 -0.000598535 0)
(1.87245 -0.000582848 0)
(1.87226 -0.000569366 0)
(1.87206 -0.000559579 0)
(1.87186 -0.000557209 0)
(1.87165 -0.000566908 0)
(1.87143 -0.00059302 0)
(1.87121 -0.000639433 0)
(1.87098 -0.000710382 0)
(1.87074 -0.000811652 0)
(1.87045 -0.000951691 0)
(1.87012 -0.00114261 0)
(1.86972 -0.00140106 0)
(1.86923 -0.00174939 0)
(1.86862 -0.00221708 0)
(1.86784 -0.00284304 0)
(1.86684 -0.00367852 0)
(1.86555 -0.00479133 0)
(1.86387 -0.0062713 0)
(1.86168 -0.00823767 0)
(1.85881 -0.0108489 0)
(1.85503 -0.0143159 0)
(1.85005 -0.01892 0)
(1.84348 -0.0250374 0)
(1.8348 -0.0331742 0)
(1.82334 -0.0440153 0)
(1.80821 -0.0584963 0)
(1.78825 -0.0779106 0)
(1.76192 -0.104075 0)
(1.72721 -0.139579 0)
(1.68134 -0.188223 0)
(1.62079 -0.25558 0)
(1.53945 -0.350572 0)
(1.4313 -0.486032 0)
(1.26916 -0.689298 0)
(1.07059 -1.00877 0)
(0.397104 -1.4008 0)
(1.95444 -5.78908e-05 0)
(1.95458 -0.000167325 0)
(1.95482 -0.000258673 0)
(1.95466 -0.000321346 0)
(1.95432 -0.00036176 0)
(1.95403 -0.000386426 0)
(1.95379 -0.000396422 0)
(1.95354 -0.000394232 0)
(1.95328 -0.000385289 0)
(1.953 -0.000374731 0)
(1.95275 -0.0003651 0)
(1.95252 -0.000356726 0)
(1.95231 -0.000349509 0)
(1.9521 -0.000344464 0)
(1.95188 -0.000343923 0)
(1.95165 -0.000350865 0)
(1.95141 -0.000368158 0)
(1.95116 -0.000398474 0)
(1.9509 -0.000444678 0)
(1.95061 -0.000510601 0)
(1.95027 -0.000601693 0)
(1.94987 -0.000725736 0)
(1.94938 -0.000893389 0)
(1.94877 -0.001119 0)
(1.948 -0.00142151 0)
(1.94702 -0.001826 0)
(1.94576 -0.0023655 0)
(1.94412 -0.00308381 0)
(1.94198 -0.00403892 0)
(1.93919 -0.00530796 0)
(1.93551 -0.00699349 0)
(1.93065 -0.0092323 0)
(1.92425 -0.0122073 0)
(1.91578 -0.016164 0)
(1.90457 -0.0214341 0)
(1.88972 -0.0284694 0)
(1.87 -0.037891 0)
(1.84379 -0.0505637 0)
(1.80888 -0.0677082 0)
(1.76223 -0.091068 0)
(1.69962 -0.123177 0)
(1.6152 -0.167677 0)
(1.50023 -0.229983 0)
(1.34341 -0.317017 0)
(1.12306 -0.439499 0)
(0.827788 -0.598329 0)
(0.308109 -0.721247 0)
(1.99445 -1.87921e-05 0)
(1.99459 -5.43054e-05 0)
(1.99483 -8.4437e-05 0)
(1.99469 -0.000105472 0)
(1.99436 -0.000119204 0)
(1.99407 -0.000127784 0)
(1.99383 -0.000131494 0)
(1.99359 -0.000131196 0)
(1.99332 -0.000128653 0)
(1.99305 -0.000125411 1.72204e-34)
(1.99278 -0.000122261 0)
(1.99255 -0.000119427 0)
(1.99234 -0.000117039 0)
(1.99212 -0.000115501 0)
(1.99189 -0.000115566 0)
(1.99165 -0.000118179 1.70264e-34)
(1.9914 -0.0001243 0)
(1.99113 -0.000134871 0)
(1.99085 -0.000150933 0)
(1.99054 -0.000173849 0)
(1.99017 -0.000205533 0)
(1.98973 -0.000248663 0)
(1.9892 -0.000306901 0)
(1.98853 -0.000385161 -1.6786e-34)
(1.98768 -0.000489961 0)
(1.98659 -0.000629932 0)
(1.98519 -0.000816472 0)
(1.98337 -0.0010647 0)
(1.981 -0.00139467 0)
(1.97788 -0.00183306 0)
(1.97378 -0.00241538 0)
(1.96836 -0.00318902 0)
(1.96121 -0.0042174 0)
(1.95175 -0.00558585 0)
(1.9392 -0.00740986 0)
(1.92255 -0.00984712 0)
(1.90039 -0.013115 0)
(1.87086 -0.017517 0)
(1.83138 -0.0234812 0)
(1.77839 -0.0316184 0)
(1.70693 -0.0428057 0)
(1.61015 -0.058285 -2.56055e-34)
(1.47818 -0.0798155 0)
(1.29849 -0.109564 0)
(1.05114 -0.150184 0)
(0.730394 -0.20154 0)
(0.242337 -0.227709 0)
(1.99445 1.88738e-05 0)
(1.99459 5.4484e-05 0)
(1.99483 8.48432e-05 0)
(1.99469 0.000105933 0)
(1.99436 0.000119719 0)
(1.99407 0.00012862 0)
(1.99383 0.000132682 0)
(1.99359 0.000132369 0)
(1.99332 0.000129549 0)
(1.99305 0.000126216 -1.72204e-34)
(1.99278 0.000123339 0)
(1.99255 0.000120874 0)
(1.99234 0.000118607 0)
(1.99212 0.000116846 0)
(1.99189 0.000116533 0)
(1.99165 0.000118856 -1.70264e-34)
(1.9914 0.000124905 0)
(1.99113 0.000135587 0)
(1.99085 0.00015183 0)
(1.99054 0.00017485 0)
(1.99017 0.000206466 0)
(1.98973 0.000249311 0)
(1.9892 0.000307087 0)
(1.98853 0.000384759 1.6786e-34)
(1.98768 0.000488934 0)
(1.98659 0.000628292 0)
(1.98519 0.000814295 0)
(1.98337 0.00106208 0)
(1.981 0.00139169 0)
(1.97788 0.00182977 0)
(1.97378 0.00241177 0)
(1.96836 0.00318502 0)
(1.96121 0.00421291 0)
(1.95175 0.00558074 0)
(1.9392 0.00740395 0)
(1.92255 0.00984025 0)
(1.90039 0.0131069 0)
(1.87086 0.0175075 0)
(1.83138 0.02347 0)
(1.77839 0.0316055 0)
(1.70693 0.0427913 0)
(1.61014 0.0582702 2.56057e-34)
(1.47818 0.0797995 0)
(1.29849 0.109549 0)
(1.05113 0.150161 0)
(0.730397 0.201517 0)
(0.242332 0.227697 0)
(1.95444 5.79713e-05 0)
(1.95458 0.000167503 0)
(1.95482 0.000259072 0)
(1.95466 0.000321785 0)
(1.95432 0.000362269 0)
(1.95403 0.000387276 0)
(1.95379 0.00039765 0)
(1.95354 0.000395462 0)
(1.95328 0.000386222 0)
(1.953 0.000375503 0)
(1.95275 0.00036606 0)
(1.95252 0.000357975 0)
(1.95231 0.000350839 0)
(1.9521 0.000345593 0)
(1.95188 0.000344749 0)
(1.95165 0.000351494 0)
(1.95141 0.000368798 0)
(1.95116 0.000399284 0)
(1.9509 0.000445701 0)
(1.95061 0.000511746 0)
(1.95027 0.000602787 0)
(1.94987 0.000726575 0)
(1.94938 0.000893789 0)
(1.94877 0.00111883 0)
(1.948 0.00142074 0)
(1.94702 0.00182463 0)
(1.94576 0.00236361 0)
(1.94412 0.00308146 0)
(1.94198 0.0040362 0)
(1.93918 0.00530488 0)
(1.9355 0.00699005 0)
(1.93065 0.00922843 0)
(1.92425 0.0122029 0)
(1.91578 0.0161589 0)
(1.90457 0.0214283 0)
(1.88971 0.0284626 0)
(1.87 0.0378832 0)
(1.84379 0.0505546 0)
(1.80887 0.0676977 0)
(1.76223 0.0910559 0)
(1.69962 0.123164 0)
(1.6152 0.167663 0)
(1.50023 0.22997 0)
(1.3434 0.317 0)
(1.12306 0.439485 0)
(0.82778 0.598311 0)
(0.308113 0.721229 0)
(1.87442 0.000102151 0)
(1.87456 0.000294195 0)
(1.87478 0.00045003 0)
(1.8746 0.00055292 0)
(1.87424 0.000616656 0)
(1.87394 0.000653215 0)
(1.87369 0.000665423 0)
(1.87344 0.000657517 0)
(1.87318 0.000638625 0)
(1.87292 0.000617848 0)
(1.87267 0.000599667 0)
(1.87246 0.000584178 0)
(1.87226 0.000570672 0)
(1.87206 0.000560621 0)
(1.87186 0.000557913 0)
(1.87165 0.000567384 0)
(1.87144 0.000593432 0)
(1.87122 0.000639923 0)
(1.87099 0.000710985 0)
(1.87074 0.000812322 0)
(1.87045 0.000952314 0)
(1.87012 0.00114306 0)
(1.86972 0.00140121 0)
(1.86923 0.00174915 0)
(1.86861 0.00221642 0)
(1.86784 0.00284196 0)
(1.86684 0.00367703 0)
(1.86555 0.00478947 0)
(1.86387 0.00626905 0)
(1.86168 0.00823503 0)
(1.85881 0.0108458 0)
(1.85503 0.0143123 0)
(1.85005 0.0189158 0)
(1.84347 0.0250325 0)
(1.83479 0.0331685 0)
(1.82333 0.0440086 0)
(1.80821 0.0584885 0)
(1.78825 0.0779017 0)
(1.76192 0.104065 0)
(1.7272 0.139568 0)
(1.68134 0.18821 0)
(1.62079 0.255566 0)
(1.53944 0.350557 0)
(1.4313 0.486019 0)
(1.26915 0.689283 0)
(1.07057 1.00875 0)
(0.397104 1.40079 0)
(1.75438 0.000156896 0)
(1.75451 0.000447677 0)
(1.75472 0.00067218 0)
(1.75449 0.000810146 0)
(1.7541 0.000889075 0)
(1.75378 0.000929533 0)
(1.75352 0.000937279 0)
(1.75327 0.000918835 0)
(1.75302 0.000886523 0)
(1.75277 0.000852343 0)
(1.75254 0.000822078 0)
(1.75235 0.000795685 0)
(1.75217 0.00077234 0)
(1.752 0.000754142 0)
(1.75182 0.000746332 0)
(1.75164 0.000754898 0)
(1.75146 0.000785103 0)
(1.75129 0.000841239 0)
(1.75111 0.000928195 0)
(1.75092 0.0010528 0)
(1.75072 0.00122562 0)
(1.75049 0.00146174 0)
(1.75022 0.00178224 0)
(1.74989 0.00221504 0)
(1.74949 0.00279728 0)
(1.749 0.00357745 0)
(1.74837 0.00461978 0)
(1.74757 0.00600874 0)
(1.74653 0.00785657 0)
(1.74519 0.0103117 0)
(1.74343 0.0135715 0)
(1.74113 0.0178977 0)
(1.73811 0.023638 0)
(1.73413 0.0312552 0)
(1.72891 0.0413667 0)
(1.72207 0.0547997 0)
(1.71314 0.0726702 0)
(1.70156 0.0964975 0)
(1.68664 0.128379 0)
(1.66769 0.171253 0)
(1.64393 0.229368 0)
(1.61534 0.308938 0)
(1.58088 0.419908 0)
(1.5505 0.577286 0)
(1.51034 0.810898 0)
(1.61418 1.15972 0)
(1.54566 1.78571 0)
(1.59432 0.000231702 0)
(1.59444 0.000649915 0)
(1.5946 0.000946346 0)
(1.5943 0.00110639 0)
(1.59387 0.00118522 0)
(1.59352 0.00121635 0)
(1.59326 0.0012088 0)
(1.59302 0.0011719 0)
(1.59278 0.00112093 0)
(1.59255 0.00106975 0)
(1.59235 0.00102429 0)
(1.59219 0.000983932 0)
(1.59205 0.000947547 0)
(1.59191 0.000917978 0)
(1.59177 0.000901426 0)
(1.59164 0.000904564 0)
(1.59152 0.000932614 0)
(1.59141 0.000989686 0)
(1.5913 0.00108052 0)
(1.5912 0.0012124 0)
(1.59111 0.00139681 0)
(1.59101 0.0016505 0)
(1.5909 0.0019966 0)
(1.59079 0.00246593 0)
(1.59066 0.00309903 0)
(1.59051 0.00394907 0)
(1.59033 0.00508608 0)
(1.59012 0.00660247 0)
(1.58985 0.00862069 0)
(1.58952 0.0113029 0)
(1.58909 0.0148641 0)
(1.58854 0.0195888 0)
(1.58782 0.0258531 0)
(1.5869 0.0341544 0)
(1.58571 0.0451495 0)
(1.58421 0.0597062 0)
(1.58237 0.0789733 0)
(1.58025 0.104475 0)
(1.57801 0.138245 0)
(1.57619 0.183015 0)
(1.57587 0.242487 0)
(1.58003 0.321773 0)
(1.5923 0.427802 0)
(1.62999 0.570446 0)
(1.69324 0.760751 0)
(1.88148 1.00005 0)
(2.13479 1.37361 0)
(1.39423 0.000344967 0)
(1.3943 0.000937193 0)
(1.39438 0.00130311 0)
(1.39398 0.00146293 0)
(1.39349 0.00152057 0)
(1.39313 0.00152298 0)
(1.39287 0.00148194 0)
(1.39265 0.00141164 0)
(1.39245 0.00133109 0)
(1.39228 0.00125504 0)
(1.39214 0.00118835 0)
(1.39204 0.00112902 0)
(1.39196 0.00107526 0)
(1.3919 0.00103036 0)
(1.39184 0.00100073 0)
(1.39179 0.000992927 0)
(1.39176 0.00101109 0)
(1.39175 0.00105858 0)
(1.39176 0.00113908 0)
(1.39179 0.00125981 0)
(1.39184 0.00143176 0)
(1.39191 0.00167196 0)
(1.39201 0.00200295 0)
(1.39214 0.00245541 0)
(1.39232 0.0030686 0)
(1.39257 0.00389485 0)
(1.39289 0.00500204 0)
(1.39332 0.00648092 0)
(1.39389 0.00845069 0)
(1.39464 0.0110705 0)
(1.39563 0.0145498 0)
(1.39693 0.0191666 0)
(1.39864 0.0252859 0)
(1.40091 0.0333876 0)
(1.40391 0.0440985 0)
(1.40792 0.058234 0)
(1.41331 0.0768481 0)
(1.42064 0.101292 0)
(1.43078 0.13328 0)
(1.44508 0.174957 0)
(1.46569 0.228895 0)
(1.49646 0.298159 0)
(1.54249 0.385404 0)
(1.61534 0.493388 0)
(1.72407 0.617899 0)
(1.89027 0.742961 0)
(2.15872 0.882837 0)
(1.15408 0.000543727 0)
(1.15404 0.0013664 0)
(1.15397 0.00176223 0)
(1.15345 0.00187676 0)
(1.15292 0.0018839 0)
(1.1526 0.00183218 0)
(1.15243 0.00173358 0)
(1.15231 0.00160979 0)
(1.15224 0.00148415 0)
(1.15222 0.00137093 0)
(1.15223 0.00127292 0)
(1.15228 0.00118611 0)
(1.15236 0.00110829 0)
(1.15245 0.0010425 0)
(1.15254 0.000994839 0)
(1.15265 0.000970129 0)
(1.15278 0.000971012 0)
(1.15293 0.00099874 0)
(1.1531 0.00105611 0)
(1.15329 0.00114873 0)
(1.15352 0.00128681 0)
(1.1538 0.00148498 0)
(1.15412 0.00176353 0)
(1.15453 0.00214859 0)
(1.15503 0.00267459 0)
(1.15567 0.00338606 0)
(1.15648 0.00434219 0)
(1.15753 0.00562103 0)
(1.1589 0.00732678 0)
(1.16068 0.00959749 0)
(1.163 0.0126165 0)
(1.16605 0.0166258 0)
(1.17005 0.0219433 0)
(1.17532 0.0289848 0)
(1.18224 0.0382891 0)
(1.19135 0.0505475 0)
(1.20337 0.0666335 0)
(1.21924 0.0876288 0)
(1.24026 0.114828 0)
(1.26821 0.149712 0)
(1.30552 0.193798 0)
(1.35566 0.248455 0)
(1.42315 0.313935 0)
(1.51386 0.389221 0)
(1.63688 0.468739 0)
(1.79267 0.537656 0)
(2.00664 0.59279 0)
(0.873791 0.00099479 0)
(0.873516 0.00211816 0)
(0.873302 0.00238944 0)
(0.872817 0.00232227 0)
(0.872513 0.00218988 0)
(0.872509 0.00201879 0)
(0.872679 0.00181556 0)
(0.872926 0.00160832 0)
(0.87321 0.00142055 0)
(0.873519 0.00126169 0)
(0.873844 0.00112942 0)
(0.874174 0.0010167 0)
(0.874499 0.000920181 0)
(0.874815 0.000841502 0)
(0.875123 0.000784361 0)
(0.875426 0.000750161 0)
(0.875731 0.000738584 0)
(0.876045 0.000748406 0)
(0.876374 0.00078095 0)
(0.876726 0.000839993 0)
(0.877114 0.0009337 0)
(0.877554 0.00107291 0)
(0.878066 0.00127299 0)
(0.87868 0.00155255 0)
(0.879432 0.00193676 0)
(0.880372 0.00245743 0)
(0.881564 0.00315801 0)
(0.883093 0.00409542 0)
(0.88507 0.00534711 0)
(0.887643 0.00701535 0)
(0.891006 0.00923741 0)
(0.895416 0.0121941 0)
(0.901209 0.0161246 0)
(0.908824 0.021341 0)
(0.918834 0.0282479 0)
(0.931982 0.0373614 0)
(0.949229 0.0493258 0)
(0.971803 0.0649202 0)
(1.00127 0.0850379 0)
(1.0396 0.110626 0)
(1.08925 0.142522 0)
(1.15319 0.181224 0)
(1.23496 0.22634 0)
(1.33808 0.276054 0)
(1.46758 0.326705 0)
(1.6231 0.368459 0)
(1.8064 0.394264 0)
(0.553315 0.00192048 0)
(0.552991 0.00341432 0)
(0.553438 0.00322639 0)
(0.554003 0.00264544 0)
(0.554743 0.00213668 0)
(0.555611 0.00171352 0)
(0.556479 0.00136021 0)
(0.557277 0.00108177 0)
(0.55799 0.000874666 0)
(0.558628 0.000724833 0)
(0.559202 0.000614809 0)
(0.559719 0.00053067 0)
(0.560187 0.000465172 0)
(0.560612 0.000416397 0)
(0.561005 0.000383444 0)
(0.561374 0.000364874 0)
(0.561731 0.000358557 0)
(0.562084 0.000363791 0)
(0.562446 0.000381356 0)
(0.562827 0.000414486 0)
(0.563243 0.000467551 0)
(0.563712 0.00054686 0)
(0.56426 0.000659735 0)
(0.564917 0.00081625 0)
(0.565724 0.0010291 0)
(0.566736 0.00131615 0)
(0.568024 0.00170098 0)
(0.569683 0.00221621 0)
(0.571836 0.00290514 0)
(0.574651 0.00382647 0)
(0.578345 0.00505806 0)
(0.583208 0.00670424 0)
(0.589622 0.00890312 0)
(0.598091 0.0118373 0)
(0.609273 0.0157456 0)
(0.624023 0.0209348 0)
(0.643443 0.0277905 0)
(0.66893 0.0367775 0)
(0.702225 0.0484236 0)
(0.74544 0.063268 0)
(0.801051 0.0817537 0)
(0.871801 0.104048 0)
(0.96057 0.129763 0)
(1.06972 0.15746 0)
(1.20111 0.184601 0)
(1.35342 0.205507 0)
(1.5219 0.214327 0)
(0.196272 0.00158827 0)
(0.199242 0.00187433 0)
(0.201927 0.00119023 0)
(0.203962 0.000693262 0)
(0.205444 0.000442945 0)
(0.206566 0.000294386 0)
(0.20743 0.000194057 0)
(0.208096 0.000133097 0)
(0.208619 0.000100621 0)
(0.209044 8.13489e-05 0)
(0.209401 6.53366e-05 0)
(0.209707 5.13082e-05 0)
(0.209972 4.27658e-05 0)
(0.210206 4.15387e-05 0)
(0.210418 4.57788e-05 0)
(0.210617 5.12416e-05 0)
(0.21081 5.486e-05 0)
(0.211004 5.59104e-05 0)
(0.211205 5.64866e-05 0)
(0.211421 5.95494e-05 0)
(0.21166 6.83555e-05 0)
(0.211936 8.49658e-05 0)
(0.212263 0.000111018 0)
(0.212664 0.000147344 0)
(0.213166 0.000195576 0)
(0.213805 0.000258007 0)
(0.214628 0.000339156 0)
(0.215699 0.000445406 0)
(0.217102 0.000586493 0)
(0.218949 0.00077535 0)
(0.221391 0.00102997 0)
(0.224632 0.00137412 0)
(0.228945 0.0018401 0)
(0.234698 0.00247103 0)
(0.242381 0.0033248 0)
(0.252656 0.00447793 0)
(0.266396 0.00602928 0)
(0.284747 0.00810199 0)
(0.30918 0.0108392 0)
(0.341529 0.0143904 0)
(0.383974 0.0188766 0)
(0.438923 0.0243276 0)
(0.50876 0.0305843 0)
(0.595231 0.0370976 0)
(0.698847 0.0428855 0)
(0.817364 0.0460238 0)
(0.944975 0.0445878 0)
(1.07132 -0.0363256 0)
(1.18133 -0.0210204 0)
(1.26098 -0.00254266 0)
(1.30414 0.0151346 0)
(1.31137 0.0305554 0)
(1.28547 0.0427616 0)
(1.6963 -0.201561 0)
(1.85928 -0.164513 0)
(1.99506 -0.114442 0)
(2.09758 -0.0627982 0)
(2.16882 -0.0142893 0)
(2.21344 0.0292717 0)
(2.00879 -0.380556 0)
(2.202 -0.320799 0)
(2.35958 -0.239872 0)
(2.47645 -0.157688 0)
(2.55826 -0.0813881 0)
(2.61081 -0.0143201 0)
(2.27254 -0.577908 0)
(2.51839 -0.492221 0)
(2.68822 -0.377387 0)
(2.78731 -0.258818 0)
(2.83938 -0.147994 0)
(2.86136 -0.0527667 0)
(2.5115 -0.852732 0)
(2.73724 -0.70301 0)
(2.79503 -0.517816 0)
(2.7639 -0.336452 0)
(2.71085 -0.182193 0)
(2.6628 -0.0649877 0)
(2.48442 -1.23986 0)
(2.35541 -0.844581 0)
(2.04158 -0.494373 0)
(1.79384 -0.240853 0)
(1.63796 -0.0694826 0)
(1.54784 0.0371917 0)
(1.55428 -1.12223 0)
(0.760404 -0.323005 0)
(0.157903 0.0518464 0)
(0.0934055 0.11254 0)
(0.138578 0.100967 0)
(0.186863 0.0870958 0)
(1.55425 1.12222 0)
(0.76039 0.322977 0)
(0.157885 -0.0518728 0)
(0.0933792 -0.112556 0)
(0.138539 -0.100989 0)
(0.186852 -0.0871331 0)
(2.48439 1.23984 0)
(2.35536 0.844585 0)
(2.04152 0.49437 0)
(1.79378 0.240853 0)
(1.63789 0.0695029 0)
(1.54775 -0.0371774 0)
(2.51147 0.852731 0)
(2.73721 0.703026 0)
(2.79498 0.517851 0)
(2.76386 0.336493 0)
(2.71079 0.182228 0)
(2.66269 0.0650139 0)
(2.27253 0.577923 0)
(2.51837 0.492234 0)
(2.68819 0.377401 0)
(2.78726 0.258815 0)
(2.83932 0.147965 0)
(2.86131 0.0527432 0)
(2.00877 0.380546 0)
(2.20198 0.320785 0)
(2.35954 0.239853 0)
(2.4764 0.157675 0)
(2.55823 0.0813927 0)
(2.61081 0.0143546 0)
(1.69628 0.20155 0)
(1.85926 0.164506 0)
(1.99504 0.114448 0)
(2.09756 0.0628287 0)
(2.16882 0.0143398 0)
(2.21346 -0.0292186 0)
(1.07131 0.0363231 0)
(1.18132 0.0210356 0)
(1.26097 0.00257738 0)
(1.30414 -0.0150978 0)
(1.31137 -0.0305517 0)
(1.28547 -0.0428103 0)
(1.23428 0.050567 0)
(1.16512 0.0535112 0)
(1.08443 0.0522896 0)
(0.997639 0.0481744 0)
(0.908858 0.0423619 0)
(0.821098 0.0357873 0)
(0.736546 0.0291688 0)
(0.656741 0.0230148 0)
(0.582688 0.0176085 0)
(0.514986 0.0130448 0)
(0.45393 0.00930392 0)
(0.399575 0.00631541 0)
(0.351782 0.00399359 0)
(0.310251 0.0022493 0)
(0.274562 0.000992497 0)
(0.244218 0.000130651 0)
(0.218686 -0.000429162 0)
(0.197434 -0.000776509 0)
(0.179958 -0.000989284 0)
(0.165804 -0.00112872 0)
(0.15457 -0.00123559 0)
(0.145903 -0.00133292 0)
(0.139493 -0.00142927 0)
(0.135064 -0.00152528 0)
(0.132368 -0.00161709 0)
(0.131176 -0.00170049 0)
(0.131282 -0.00177265 0)
(0.132491 -0.00182866 0)
(0.134619 -0.00186344 0)
(0.137506 -0.00187758 0)
(0.141012 -0.00187604 0)
(0.145012 -0.00186171 0)
(0.149391 -0.00183294 0)
(0.154039 -0.00179092 0)
(0.158862 -0.00173902 0)
(0.163782 -0.00167955 0)
(0.16873 -0.00161336 0)
(0.17365 -0.00154159 0)
(0.17849 -0.0014656 0)
(0.183212 -0.00138706 0)
(0.187783 -0.00130726 0)
(0.19218 -0.00122781 0)
(0.196384 -0.00114939 0)
(0.200384 -0.00107239 0)
(0.204183 -0.00100404 0)
(0.207692 -0.000873083 0)
(0.211908 -0.00115825 0)
(2.23162 0.0658498 0)
(2.22554 0.0943498 0)
(2.19814 0.115135 0)
(2.15213 0.12926 0)
(2.08997 0.137701 0)
(2.0141 0.141292 0)
(1.927 0.14086 0)
(1.83112 0.137214 0)
(1.72883 0.131074 0)
(1.62243 0.123055 0)
(1.51417 0.113679 0)
(1.40621 0.103402 0)
(1.30061 0.0926294 0)
(1.19918 0.0817273 0)
(1.10353 0.071021 0)
(1.0149 0.0607867 0)
(0.934204 0.0512396 0)
(0.861964 0.0425241 0)
(0.798347 0.0347124 0)
(0.743204 0.027813 0)
(0.696141 0.0217867 0)
(0.656592 0.0165651 0)
(0.623888 0.0120665 0)
(0.59732 0.00820779 0)
(0.576175 0.00491141 0)
(0.559773 0.00210809 0)
(0.547476 -0.000259619 0)
(0.538706 -0.00224198 0)
(0.532943 -0.00388679 0)
(0.529738 -0.00523855 0)
(0.528691 -0.00633033 0)
(0.529404 -0.00718242 0)
(0.531532 -0.00781172 0)
(0.534787 -0.00824539 0)
(0.538924 -0.00851875 0)
(0.543735 -0.00865931 0)
(0.549039 -0.00868615 0)
(0.554679 -0.0086155 0)
(0.56052 -0.00846342 0)
(0.566452 -0.00824512 0)
(0.572384 -0.00797415 0)
(0.578243 -0.00766443 0)
(0.58397 -0.0073258 0)
(0.589526 -0.00697943 0)
(0.594911 -0.00660925 0)
(0.599796 -0.00629858 0)
(0.606141 -0.00579227 0)
(2.64157 0.0413998 0)
(2.65645 0.0860334 0)
(2.65889 0.121726 0)
(2.65005 0.150467 0)
(2.62998 0.173389 0)
(2.59859 0.191176 0)
(2.55601 0.204355 0)
(2.50254 0.213319 0)
(2.43864 0.21834 0)
(2.36512 0.219625 0)
(2.2831 0.217378 0)
(2.19407 0.211839 0)
(2.09976 0.20331 0)
(2.00212 0.192172 0)
(1.9032 0.178886 0)
(1.80501 0.163978 0)
(1.70944 0.148015 0)
(1.61815 0.131559 0)
(1.53247 0.115132 0)
(1.4534 0.0991838 0)
(1.38157 0.0840719 0)
(1.3173 0.0700514 0)
(1.26058 0.0572802 0)
(1.21119 0.045831 0)
(1.16874 0.035708 0)
(1.13268 0.0268661 0)
(1.10244 0.0192273 0)
(1.07739 0.0126948 0)
(1.05693 0.00716198 0)
(1.04043 0.00252143 0)
(1.02734 -0.0013237 0)
(1.01717 -0.00446179 0)
(1.00948 -0.00698087 0)
(1.0039 -0.0089609 0)
(1.00008 -0.0104706 0)
(0.997676 -0.0115729 0)
(0.996404 -0.012324 0)
(0.996026 -0.0127768 0)
(0.996342 -0.0129826 0)
(0.997184 -0.0129874 0)
(0.998415 -0.01283 0)
(0.999921 -0.0125468 0)
(1.0016 -0.0121642 0)
(1.00341 -0.0117358 0)
(1.00523 -0.0112109 0)
(1.00708 -0.0109465 0)
(1.00938 -0.00967082 0)
(2.86558 0.0226528 0)
(2.86191 0.0803962 0)
(2.85521 0.125824 0)
(2.84616 0.162618 0)
(2.83401 0.192716 0)
(2.81809 0.217513 0)
(2.79772 0.238066 0)
(2.77211 0.254956 0)
(2.74049 0.268337 0)
(2.7023 0.278115 0)
(2.65726 0.2841 0)
(2.60543 0.28611 0)
(2.54717 0.284046 0)
(2.48321 0.277949 0)
(2.41458 0.268035 0)
(2.34255 0.254701 0)
(2.2685 0.238498 0)
(2.1939 0.220091 0)
(2.12014 0.200198 0)
(2.04849 0.179534 0)
(1.98002 0.15876 0)
(1.91558 0.138447 0)
(1.85577 0.119049 0)
(1.80094 0.100905 0)
(1.75123 0.0842354 0)
(1.70661 0.0691634 0)
(1.66689 0.0557284 0)
(1.63178 0.0439064 0)
(1.60094 0.0336282 0)
(1.57396 0.0247951 0)
(1.55044 0.0172896 0)
(1.52999 0.0109844 0)
(1.5122 0.00574789 0)
(1.4967 0.00145537 0)
(1.48317 -0.00200404 0)
(1.47135 -0.00473516 0)
(1.46097 -0.00683936 0)
(1.45185 -0.00840819 0)
(1.4438 -0.00952282 0)
(1.43663 -0.0102563 0)
(1.43019 -0.0106742 0)
(1.42437 -0.0108382 0)
(1.41904 -0.010795 0)
(1.41419 -0.0106291 0)
(1.40946 -0.0102737 0)
(1.40581 -0.0102457 0)
(1.39982 -0.00889286 0)
(2.62504 0.0177579 0)
(2.60262 0.0768513 0)
(2.5952 0.123267 0)
(2.5971 0.16202 0)
(2.60371 0.194916 0)
(2.6125 0.223147 0)
(2.6215 0.247683 0)
(2.62884 0.269081 0)
(2.63298 0.287479 0)
(2.63283 0.302713 0)
(2.62765 0.314452 0)
(2.61701 0.322315 0)
(2.60069 0.325967 0)
(2.57877 0.325204 0)
(2.55153 0.32 0)
(2.51948 0.310541 0)
(2.48332 0.297215 0)
(2.44386 0.280586 0)
(2.40198 0.261341 0)
(2.35859 0.240238 0)
(2.31458 0.218038 0)
(2.27076 0.195461 0)
(2.22782 0.17314 0)
(2.18634 0.1516 0)
(2.14675 0.131243 0)
(2.10935 0.112357 0)
(2.0743 0.0951165 0)
(2.04168 0.0796078 0)
(2.01147 0.0658407 0)
(1.98357 0.0537688 0)
(1.95787 0.0433048 0)
(1.93421 0.0343345 0)
(1.91241 0.0267306 0)
(1.8923 0.0203577 0)
(1.8737 0.0150773 0)
(1.85647 0.010755 0)
(1.84043 0.0072638 0)
(1.82545 0.00448642 0)
(1.8114 0.00232073 0)
(1.7982 0.000674998 0)
(1.78573 -0.000533309 0)
(1.77394 -0.00138003 0)
(1.76272 -0.00192663 0)
(1.75212 -0.00225756 0)
(1.74159 -0.00234891 0)
(1.73309 -0.0025727 0)
(1.71931 -0.00190052 0)
(1.51529 0.0902446 0)
(1.53688 0.118681 0)
(1.59659 0.139372 0)
(1.67133 0.158503 0)
(1.74955 0.178251 0)
(1.82748 0.199067 0)
(1.90302 0.220548 0)
(1.97429 0.24203 0)
(2.03984 0.262767 0)
(2.09882 0.281925 0)
(2.15075 0.298623 0)
(2.19539 0.312036 0)
(2.23272 0.32148 0)
(2.26287 0.326486 0)
(2.2861 0.326831 0)
(2.30278 0.322539 0)
(2.31337 0.313876 0)
(2.31839 0.301305 0)
(2.31841 0.285445 0)
(2.31404 0.267015 0)
(2.30591 0.246777 0)
(2.29465 0.225479 0)
(2.28086 0.203814 0)
(2.26511 0.182383 0)
(2.24791 0.161682 0)
(2.22973 0.142093 0)
(2.21093 0.123886 0)
(2.19183 0.10723 0)
(2.17268 0.0922088 0)
(2.15367 0.0788351 0)
(2.13494 0.0670679 0)
(2.1166 0.0568271 0)
(2.09872 0.0480065 0)
(2.08133 0.0404839 0)
(2.06447 0.0341286 0)
(2.04814 0.0288101 0)
(2.03236 0.0244032 0)
(2.01711 0.0207897 0)
(2.00239 0.0178587 0)
(1.98818 0.0155096 0)
(1.97447 0.0136528 0)
(1.96124 0.0122105 0)
(1.94845 0.0111138 0)
(1.9362 0.0103087 0)
(1.92388 0.00972985 0)
(1.91385 0.00939068 0)
(1.89742 0.00902827 0)
(0.276141 0.0125545 0)
(0.411011 -0.00552747 0)
(0.549607 0.003716 0)
(0.674583 0.0234393 0)
(0.78904 0.0489585 0)
(0.898762 0.077558 0)
(1.00554 0.107381 0)
(1.10927 0.137297 0)
(1.20933 0.166526 0)
(1.30508 0.194249 0)
(1.39592 0.219534 0)
(1.48133 0.241453 0)
(1.5609 0.259217 0)
(1.6343 0.272266 0)
(1.70135 0.280313 0)
(1.76194 0.283341 0)
(1.81605 0.281581 0)
(1.86376 0.275465 0)
(1.90519 0.265578 0)
(1.94055 0.252611 0)
(1.97014 0.237304 0)
(1.9943 0.220393 0)
(2.01343 0.202569 0)
(2.02796 0.184447 0)
(2.03837 0.166546 0)
(2.04512 0.149284 0)
(2.04868 0.132973 0)
(2.04948 0.11783 0)
(2.04795 0.103987 0)
(2.04447 0.0915031 0)
(2.03938 0.0803806 0)
(2.03299 0.0705787 0)
(2.02557 0.0620254 0)
(2.01736 0.0546283 0)
(2.00856 0.0482833 0)
(1.99935 0.0428816 0)
(1.98988 0.0383154 0)
(1.98026 0.0344808 0)
(1.9706 0.0312804 0)
(1.96099 0.0286257 0)
(1.95149 0.0264375 0)
(1.94216 0.0246502 0)
(1.93301 0.0231986 0)
(1.92417 0.022073 0)
(1.91521 0.0211175 0)
(1.90791 0.0207726 0)
(1.8959 0.0194295 0)
(0.0235867 -0.125049 0)
(0.0456357 -0.134648 0)
(0.0927891 -0.108391 0)
(0.143879 -0.0788804 0)
(0.197018 -0.0493789 0)
(0.254719 -0.0201419 0)
(0.319014 0.00862322 0)
(0.389883 0.0374178 0)
(0.466325 0.0663491 0)
(0.547183 0.0948452 0)
(0.63132 0.121967 0)
(0.717562 0.146712 0)
(0.804692 0.168157 0)
(0.891528 0.185622 0)
(0.976945 0.198707 0)
(1.0599 0.207279 0)
(1.13944 0.211451 0)
(1.21473 0.211535 0)
(1.28512 0.207996 0)
(1.35011 0.201405 0)
(1.40939 0.192384 0)
(1.4628 0.18156 0)
(1.51035 0.169531 0)
(1.55215 0.156839 0)
(1.58848 0.143948 0)
(1.61966 0.131242 0)
(1.64609 0.119015 0)
(1.66821 0.107485 0)
(1.68647 0.0967951 0)
(1.70133 0.0870264 0)
(1.71323 0.078211 0)
(1.72258 0.0703417 0)
(1.72977 0.0633824 0)
(1.73514 0.0572775 0)
(1.73902 0.0519589 0)
(1.74168 0.0473522 0)
(1.74336 0.0433815 0)
(1.74427 0.0399727 0)
(1.74458 0.0370553 0)
(1.74445 0.0345654 0)
(1.744 0.0324452 0)
(1.74334 0.0306495 0)
(1.74253 0.029127 0)
(1.74167 0.027903 0)
(1.74075 0.0267797 0)
(1.74004 0.0264507 0)
(1.73881 0.0245282 0)
(-0.0124588 -0.0948904 0)
(-0.0668924 -0.114767 0)
(-0.102163 -0.0984003 0)
(-0.125785 -0.0791603 0)
(-0.138828 -0.0603961 0)
(-0.141118 -0.0423782 0)
(-0.13271 -0.0246478 0)
(-0.113554 -0.00635636 0)
(-0.0832182 0.0129653 0)
(-0.0419032 0.0329218 0)
(0.00991853 0.0525527 0)
(0.0708959 0.0710452 0)
(0.139699 0.0877023 0)
(0.215036 0.101963 0)
(0.295327 0.113456 0)
(0.37885 0.122022 0)
(0.463896 0.127617 0)
(0.548837 0.130276 0)
(0.632218 0.130302 0)
(0.712815 0.128135 0)
(0.789638 0.124183 0)
(0.861947 0.118845 0)
(0.92925 0.11251 0)
(0.991271 0.105535 0)
(1.04793 0.0982334 0)
(1.0993 0.0908643 0)
(1.14559 0.0836346 0)
(1.18709 0.0766997 0)
(1.22415 0.070169 0)
(1.25718 0.0641117 0)
(1.28658 0.0585644 0)
(1.31274 0.0535377 0)
(1.33606 0.0490226 0)
(1.35691 0.0449964 0)
(1.37561 0.0414272 0)
(1.39247 0.0382779 0)
(1.40775 0.0355087 0)
(1.4217 0.0330802 0)
(1.43452 0.0309541 0)
(1.44639 0.029095 0)
(1.45746 0.0274709 0)
(1.46786 0.0260581 0)
(1.47773 0.0248254 0)
(1.48707 0.0238058 0)
(1.49634 0.0228364 0)
(1.50402 0.0225405 0)
(1.51627 0.0207751 0)
(-0.0227278 -0.035462 0)
(-0.112056 -0.0449476 0)
(-0.192184 -0.0399539 0)
(-0.259127 -0.0333294 0)
(-0.312911 -0.0268171 0)
(-0.354241 -0.0204019 0)
(-0.383475 -0.0138668 0)
(-0.400397 -0.00699797 2.18535e-34)
(-0.404247 0.000201893 0)
(-0.394291 0.00747465 0)
(-0.370573 0.0145431 0)
(-0.33351 0.0211786 0)
(-0.284074 0.0272547 1.70441e-34)
(-0.223637 0.0326123 0)
(-0.153964 0.0371228 0)
(-0.0771582 0.0407071 0)
(0.00453428 0.0432156 0)
(0.0893401 0.0444946 0)
(0.175849 0.0447788 0)
(0.262362 0.0443329 0)
(0.347286 0.0432846 0)
(0.429437 0.0417498 0)
(0.507942 0.0398497 1.12245e-35)
(0.582181 0.037699 0)
(0.651771 0.0354003 0)
(0.71653 0.0330404 0)
(0.776444 0.0306898 0)
(0.831627 0.0284034 0)
(0.882291 0.0262211 0)
(0.928714 0.0241702 0)
(0.97121 0.0222671 0)
(1.01012 0.0205197 0)
(1.04578 0.0189291 0)
(1.07852 0.0174914 0)
(1.10866 0.0161994 0)
(1.13649 0.0150435 0)
(1.16228 0.0140131 0)
(1.18627 0.0130967 -4.95572e-38)
(1.20869 0.0122833 0)
(1.22973 0.0115623 0)
(1.24955 0.0109238 0)
(1.26831 0.0103609 2.03967e-37)
(1.28617 0.00986313 0)
(1.3031 0.00944481 0)
(1.31988 0.00904321 0)
(1.33373 0.00890715 0)
(1.35567 0.00816886 0)
(-0.0227382 0.0352631 0)
(-0.112126 0.0446099 0)
(-0.192307 0.0396994 0)
(-0.259293 0.0332119 0)
(-0.313115 0.0268462 0)
(-0.354474 0.0205471 0)
(-0.383724 0.0140781 0)
(-0.400636 0.00724509 -2.18486e-34)
(-0.404464 7.38314e-05 0)
(-0.39447 -0.00716908 0)
(-0.370704 -0.0142218 0)
(-0.333587 -0.0208642 0)
(-0.284095 -0.0269673 -1.70522e-34)
(-0.223604 -0.0323629 0)
(-0.153881 -0.0369135 0)
(-0.0770295 -0.0405336 0)
(0.00471247 -0.0430853 0)
(0.0895702 -0.044426 0)
(0.176116 -0.0447724 0)
(0.262647 -0.0443757 0)
(0.347574 -0.0433621 0)
(0.429718 -0.0418505 0)
(0.508208 -0.0399653 -1.12216e-35)
(0.582429 -0.0378238 0)
(0.652001 -0.0355303 0)
(0.716741 -0.0331731 0)
(0.776638 -0.030824 0)
(0.831807 -0.0285384 0)
(0.882459 -0.0263567 0)
(0.928872 -0.0243065 0)
(0.971362 -0.0224045 0)
(1.01027 -0.0206585 0)
(1.04592 -0.0190697 0)
(1.07866 -0.0176343 0)
(1.1088 -0.016345 0)
(1.13663 -0.0151921 0)
(1.16243 -0.014165 0)
(1.18643 -0.0132522 4.95504e-38)
(1.20885 -0.0124425 0)
(1.22989 -0.0117254 0)
(1.24972 -0.0110908 0)
(1.26849 -0.0105318 -2.03933e-37)
(1.28635 -0.0100381 0)
(1.30329 -0.00962375 0)
(1.32007 -0.00922675 0)
(1.33393 -0.00909311 0)
(1.35587 -0.00836653 0)
(-0.0124826 0.0947411 0)
(-0.0670141 0.114505 0)
(-0.102416 0.0981826 0)
(-0.126153 0.0790216 0)
(-0.139278 0.0603636 0)
(-0.14163 0.0424399 0)
(-0.13325 0.0247654 0)
(-0.114085 0.00650542 0)
(-0.0837043 -0.0127774 0)
(-0.0423202 -0.0326914 0)
(0.00958981 -0.0522886 0)
(0.0706768 -0.0707744 0)
(0.139604 -0.0874583 0)
(0.215066 -0.101765 0)
(0.29547 -0.113311 0)
(0.379089 -0.121928 0)
(0.464212 -0.127569 0)
(0.549209 -0.130267 0)
(0.63262 -0.130327 0)
(0.713225 -0.128185 0)
(0.790038 -0.124251 0)
(0.862327 -0.118925 0)
(0.929602 -0.112599 0)
(0.991594 -0.105632 0)
(1.04822 -0.0983351 0)
(1.09957 -0.0909707 0)
(1.14583 -0.0837455 0)
(1.18731 -0.0768153 0)
(1.22437 -0.0702893 0)
(1.25738 -0.064237 0)
(1.28677 -0.0586949 0)
(1.31294 -0.0536735 0)
(1.33626 -0.0491638 0)
(1.35711 -0.0451429 0)
(1.37582 -0.041579 0)
(1.39268 -0.0384348 0)
(1.40798 -0.0356706 0)
(1.42194 -0.0332467 0)
(1.43477 -0.031125 0)
(1.44665 -0.0292702 0)
(1.45773 -0.0276501 0)
(1.46815 -0.026241 0)
(1.47802 -0.0250119 0)
(1.48738 -0.0239959 0)
(1.49666 -0.0230302 0)
(1.50435 -0.0227372 0)
(1.51661 -0.0209793 0)
(0.0235948 0.124969 0)
(0.0455183 0.134494 0)
(0.0925744 0.108253 0)
(0.143555 0.0787996 0)
(0.196608 0.0493646 0)
(0.254254 0.0201998 0)
(0.318527 -0.00852114 0)
(0.389397 -0.0372947 0)
(0.465861 -0.0662138 0)
(0.546776 -0.0947058 0)
(0.631004 -0.121837 0)
(0.717354 -0.146603 0)
(0.804593 -0.168075 0)
(0.891524 -0.185565 0)
(0.977016 -0.198668 0)
(1.06002 -0.207252 0)
(1.13959 -0.211436 0)
(1.2149 -0.211534 0)
(1.28528 -0.208009 0)
(1.35026 -0.201431 0)
(1.40952 -0.192422 0)
(1.4629 -0.181609 0)
(1.51042 -0.169589 0)
(1.5522 -0.156906 0)
(1.5885 -0.144024 0)
(1.61966 -0.131327 0)
(1.64607 -0.119109 0)
(1.66818 -0.107588 0)
(1.68643 -0.0969069 0)
(1.70128 -0.0871469 0)
(1.71317 -0.0783401 0)
(1.72252 -0.0704792 0)
(1.72971 -0.063528 0)
(1.73509 -0.0574309 0)
(1.73897 -0.0521196 0)
(1.74164 -0.0475197 0)
(1.74332 -0.0435552 0)
(1.74424 -0.0401519 0)
(1.74456 -0.0372397 0)
(1.74443 -0.0347542 0)
(1.74399 -0.0326379 0)
(1.74333 -0.0308457 0)
(1.74253 -0.0293263 0)
(1.74168 -0.0281053 0)
(1.74076 -0.0269845 0)
(1.74006 -0.0266583 0)
(1.73883 -0.0247383 0)
(0.276088 -0.0125885 0)
(0.410918 0.00550885 0)
(0.549433 -0.00370652 0)
(0.674311 -0.0233995 0)
(0.788705 -0.0488741 0)
(0.898403 -0.077426 0)
(1.00518 -0.10723 0)
(1.10894 -0.137164 0)
(1.20904 -0.166427 0)
(1.30483 -0.194185 0)
(1.39574 -0.219498 0)
(1.48121 -0.241439 0)
(1.56082 -0.259217 0)
(1.63426 -0.272273 0)
(1.70132 -0.280322 0)
(1.76191 -0.28335 0)
(1.81602 -0.281591 0)
(1.86371 -0.275477 0)
(1.90512 -0.265593 0)
(1.94046 -0.252631 0)
(1.97003 -0.237331 0)
(1.99416 -0.220427 0)
(2.01326 -0.202612 0)
(2.02777 -0.184498 0)
(2.03815 -0.166607 0)
(2.04488 -0.149355 0)
(2.04841 -0.133055 0)
(2.04919 -0.117923 0)
(2.04764 -0.10409 0)
(2.04414 -0.0916165 0)
(2.03903 -0.0805039 0)
(2.03262 -0.0707116 0)
(2.02519 -0.0621673 0)
(2.01697 -0.054779 0)
(2.00816 -0.048442 0)
(1.99893 -0.0430479 0)
(1.98945 -0.0384883 0)
(1.97982 -0.0346599 0)
(1.97015 -0.0314648 0)
(1.96053 -0.0288147 0)
(1.95102 -0.0266304 0)
(1.94168 -0.0248465 0)
(1.93252 -0.0233976 0)
(1.92367 -0.0222746 0)
(1.9147 -0.0213208 0)
(1.90739 -0.0209784 0)
(1.89536 -0.0196347 0)
(1.51518 -0.0902408 0)
(1.53673 -0.118678 0)
(1.59638 -0.139351 0)
(1.67106 -0.158442 0)
(1.74927 -0.178146 0)
(1.82722 -0.198939 0)
(1.90278 -0.220424 0)
(1.97408 -0.241933 0)
(2.03967 -0.262702 0)
(2.09869 -0.281887 0)
(2.15064 -0.298606 0)
(2.19531 -0.312031 0)
(2.23266 -0.321483 0)
(2.26281 -0.326491 0)
(2.28603 -0.326834 0)
(2.3027 -0.322539 0)
(2.31328 -0.313873 0)
(2.31828 -0.301301 0)
(2.31828 -0.285441 0)
(2.31389 -0.267014 0)
(2.30574 -0.246781 0)
(2.29445 -0.22549 0)
(2.28063 -0.203831 0)
(2.26485 -0.182409 0)
(2.24763 -0.161718 0)
(2.22941 -0.142138 0)
(2.21058 -0.123941 0)
(2.19145 -0.107296 0)
(2.17227 -0.0922852 0)
(2.15323 -0.0789222 0)
(2.13447 -0.0671655 0)
(2.1161 -0.056935 0)
(2.09818 -0.0481243 0)
(2.08076 -0.040611 0)
(2.06386 -0.0342646 0)
(2.04751 -0.0289542 0)
(2.03169 -0.0245545 0)
(2.01641 -0.0209475 0)
(2.00166 -0.0180222 0)
(1.98742 -0.015678 0)
(1.97368 -0.0138254 0)
(1.96043 -0.0123867 0)
(1.9476 -0.0112928 0)
(1.93533 -0.0104902 0)
(1.92298 -0.00991301 0)
(1.91293 -0.00957572 0)
(1.89645 -0.00921282 0)
(2.62491 -0.0177292 0)
(2.60248 -0.0768121 0)
(2.59506 -0.123205 0)
(2.59696 -0.16193 0)
(2.60358 -0.194813 0)
(2.61239 -0.223049 0)
(2.62141 -0.247601 0)
(2.62877 -0.269019 0)
(2.63293 -0.287435 0)
(2.63279 -0.302684 0)
(2.62763 -0.314435 0)
(2.61699 -0.322304 0)
(2.60067 -0.32596 0)
(2.57874 -0.325196 0)
(2.55149 -0.319989 0)
(2.51944 -0.310526 0)
(2.48328 -0.297198 0)
(2.44381 -0.280566 0)
(2.40192 -0.261322 0)
(2.35852 -0.24022 0)
(2.3145 -0.218023 0)
(2.27066 -0.19545 0)
(2.2277 -0.173135 0)
(2.1862 -0.1516 0)
(2.14659 -0.13125 0)
(2.10916 -0.112371 0)
(2.07408 -0.0951384 0)
(2.04143 -0.0796381 0)
(2.01118 -0.0658802 0)
(1.98325 -0.0538175 0)
(1.95751 -0.0433633 0)
(1.93381 -0.0344027 0)
(1.91197 -0.0268085 0)
(1.89182 -0.0204449 0)
(1.87318 -0.0151735 0)
(1.8559 -0.0108595 0)
(1.83983 -0.00737637 0)
(1.82481 -0.00460614 0)
(1.81072 -0.00244696 0)
(1.79747 -0.000806501 0)
(1.78497 0.000397118 0)
(1.77313 0.00124024 0)
(1.76187 0.00178365 0)
(1.75124 0.00211236 0)
(1.74066 0.00220176 0)
(1.73213 0.00242431 0)
(1.71828 0.00175109 0)
(2.86554 -0.0226426 0)
(2.86188 -0.080347 0)
(2.85519 -0.12575 0)
(2.84613 -0.162536 0)
(2.83399 -0.192639 0)
(2.81809 -0.217445 0)
(2.79774 -0.238007 0)
(2.77215 -0.254907 0)
(2.74054 -0.268298 0)
(2.70235 -0.278086 0)
(2.65732 -0.28408 0)
(2.60548 -0.286097 0)
(2.54722 -0.284035 0)
(2.48326 -0.277939 0)
(2.41463 -0.268023 0)
(2.3426 -0.254686 0)
(2.26856 -0.23848 0)
(2.19396 -0.220071 0)
(2.1202 -0.200177 0)
(2.04855 -0.179513 0)
(1.98009 -0.15874 0)
(1.91565 -0.138428 0)
(1.85583 -0.119033 0)
(1.80099 -0.10089 0)
(1.75127 -0.0842241 0)
(1.70664 -0.0691559 0)
(1.6669 -0.0557254 0)
(1.63177 -0.0439089 0)
(1.60091 -0.0336368 0)
(1.5739 -0.0248108 0)
(1.55036 -0.0173129 0)
(1.52987 -0.0110158 0)
(1.51205 -0.00578775 0)
(1.49652 -0.00150381 0)
(1.48296 0.00194749 0)
(1.47109 0.00467092 0)
(1.46068 0.00676808 0)
(1.45152 0.00833036 0)
(1.44342 0.0094394 0)
(1.4362 0.010168 0)
(1.42973 0.0105818 0)
(1.42387 0.0107423 0)
(1.41849 0.0106963 0)
(1.41359 0.0105281 0)
(1.40881 0.0101709 0)
(1.40513 0.0101422 0)
(1.39908 0.00878684 0)
(2.64159 -0.0413369 0)
(2.65647 -0.0859627 0)
(2.65888 -0.121662 0)
(2.65005 -0.150412 0)
(2.62999 -0.173339 0)
(2.59863 -0.191129 0)
(2.55608 -0.20431 0)
(2.50263 -0.213281 0)
(2.43875 -0.218311 0)
(2.36523 -0.219607 0)
(2.28322 -0.217367 0)
(2.19419 -0.211833 0)
(2.09988 -0.203306 0)
(2.00225 -0.192168 0)
(1.90333 -0.178879 0)
(1.80515 -0.16397 0)
(1.70959 -0.148005 0)
(1.6183 -0.131547 0)
(1.53263 -0.115118 0)
(1.45357 -0.0991694 0)
(1.38176 -0.0840562 0)
(1.31749 -0.070035 0)
(1.26078 -0.0572629 0)
(1.2114 -0.0458133 0)
(1.16894 -0.0356902 0)
(1.13289 -0.0268491 0)
(1.10265 -0.0192117 0)
(1.0776 -0.0126819 0)
(1.05713 -0.00715237 0)
(1.04062 -0.00251641 0)
(1.02752 0.00132377 0)
(1.01733 0.004456 0)
(1.00962 0.00696932 0)
(1.00403 0.00894316 0)
(1.00018 0.0104473 0)
(0.997746 0.011544 0)
(0.996446 0.0122904 0)
(0.996037 0.0127388 0)
(0.99632 0.0129409 0)
(0.997129 0.0129418 0)
(0.998324 0.0127812 0)
(0.999794 0.0124949 0)
(1.00144 0.01211 0)
(1.0032 0.0116796 0)
(1.00499 0.011153 0)
(1.0068 0.0108885 0)
(1.00904 0.00960894 0)
(2.23162 -0.0658168 0)
(2.22553 -0.0943372 0)
(2.19813 -0.115128 0)
(2.15214 -0.129244 0)
(2.09002 -0.137672 0)
(2.01418 -0.141257 0)
(1.92711 -0.140828 0)
(1.83125 -0.137191 0)
(1.72897 -0.131064 0)
(1.62257 -0.123055 0)
(1.51431 -0.113684 0)
(1.40636 -0.103408 0)
(1.30076 -0.0926338 0)
(1.19934 -0.0817295 0)
(1.10368 -0.0710213 0)
(1.01506 -0.0607855 0)
(0.934364 -0.0512376 0)
(0.862129 -0.042521 0)
(0.798517 -0.0347084 0)
(0.74338 -0.0278077 0)
(0.696324 -0.0217803 0)
(0.656782 -0.0165573 0)
(0.624086 -0.0120577 0)
(0.597525 -0.00819785 0)
(0.576388 -0.00490092 0)
(0.559993 -0.00209721 0)
(0.547703 0.000270076 0)
(0.538939 0.00225176 0)
(0.533179 0.00389511 0)
(0.529977 0.00524515 0)
(0.528932 0.00633451 0)
(0.529643 0.00718439 0)
(0.531768 0.00781125 0)
(0.535016 0.00824259 0)
(0.539145 0.00851312 0)
(0.543945 0.00865097 0)
(0.549235 0.00867496 0)
(0.554857 0.00860194 0)
(0.56068 0.00844748 0)
(0.566591 0.00822729 0)
(0.5725 0.00795447 0)
(0.578335 0.00764346 0)
(0.584036 0.0073036 0)
(0.589565 0.00695658 0)
(0.594921 0.0065857 0)
(0.599781 0.00627564 0)
(0.606085 0.00576459 0)
(1.23427 -0.0506433 0)
(1.16512 -0.0535673 0)
(1.08446 -0.0522943 0)
(0.997693 -0.0481341 0)
(0.908936 -0.0423098 0)
(0.821187 -0.035755 0)
(0.736635 -0.029167 0)
(0.656826 -0.0230333 0)
(0.582768 -0.0176292 0)
(0.515063 -0.0130554 0)
(0.454004 -0.00930239 0)
(0.399647 -0.00630731 0)
(0.35185 -0.00398523 0)
(0.310315 -0.00224453 0)
(0.274621 -0.000991289 0)
(0.244274 -0.000131743 0)
(0.218739 0.000427806 0)
(0.197485 0.000775568 0)
(0.18001 0.000989451 0)
(0.165858 0.00112955 0)
(0.154626 0.00123712 0)
(0.145963 0.00133442 0)
(0.139559 0.00143088 0)
(0.135136 0.00152652 0)
(0.132446 0.00161822 0)
(0.13126 0.00170114 0)
(0.131373 0.00177325 0)
(0.132588 0.00182899 0)
(0.134723 0.00186394 0)
(0.137615 0.00187801 0)
(0.141125 0.00187665 0)
(0.145129 0.00186227 0)
(0.149508 0.00183371 0)
(0.154157 0.00179157 0)
(0.158979 0.00173969 0)
(0.163896 0.00167995 0)
(0.168839 0.00161366 0)
(0.173753 0.00154154 0)
(0.178586 0.00146535 0)
(0.1833 0.0013864 0)
(0.187862 0.00130641 0)
(0.192249 0.00122666 0)
(0.196443 0.00114799 0)
(0.200431 0.00107105 0)
(0.204219 0.00100258 0)
(0.207718 0.000872501 0)
(0.211913 0.00115158 0)
)
;

boundaryField
{
    inlet
    {
        type            fixedProfile;
        profile         csvFile;
        profileCoeffs
        {
            nHeaderLine     0;
            refColumn       0;
            componentColumns 3(1 2 3);
            separator       ",";
            mergeSeparators 0;
            file            "0/Uprofile.csv";
        }
        direction       (0 1 0);
        origin          -1;
        value           nonuniform List<vector> 
20
(
(0.195 0 0)
(0.555 0 0)
(0.875 0 0)
(1.155 0 0)
(1.395 0 0)
(1.595 0 0)
(1.755 0 0)
(1.875 0 0)
(1.955 0 0)
(1.995 0 0)
(1.995 0 0)
(1.955 0 0)
(1.875 0 0)
(1.755 0 0)
(1.595 0 0)
(1.395 0 0)
(1.155 0 0)
(0.875 0 0)
(0.555 0 0)
(0.195 0 0)
)
;
    }
    outlet
    {
        type            zeroGradient;
    }
    upperWall
    {
        type            noSlip;
    }
    lowerWall
    {
        type            noSlip;
    }
    frontAndBack
    {
        type            empty;
    }
}


// ************************************************************************* //
