/*--------------------------------*- C++ -*----------------------------------*\
| =========                 |                                                 |
| \\      /  F ield         | OpenFOAM: The Open Source CFD Toolbox           |
|  \\    /   O peration     | Version:  2406                                  |
|   \\  /    A nd           | Website:  www.openfoam.com                      |
|    \\/     M anipulation  |                                                 |
\*---------------------------------------------------------------------------*/
FoamFile
{
    version     2.0;
    format      ascii;
    arch        "LSB;label=32;scalar=64";
    class       volVectorField;
    location    "23";
    object      U;
}
// * * * * * * * * * * * * * * * * * * * * * * * * * * * * * * * * * * * * * //

dimensions      [0 1 -1 0 0 0 0];

internalField   nonuniform List<vector> 
1900
(
(0.18671 -0.00112415 0)
(0.194527 -0.000820199 0)
(0.197954 -0.000743198 0)
(0.200475 -0.000793784 0)
(0.203733 -0.00102166 0)
(0.208349 -0.0016064 0)
(0.2154 -0.00292015 0)
(0.227568 -0.00608329 0)
(0.253669 -0.0176197 0)
(0.296667 -0.0698161 0)
(0.502452 -0.0035334 0)
(0.510219 -0.00493362 0)
(0.514709 -0.00486389 0)
(0.518521 -0.00558301 0)
(0.524145 -0.00737242 0)
(0.53218 -0.0108171 0)
(0.543714 -0.0173256 0)
(0.560981 -0.0297813 0)
(0.587809 -0.0548811 0)
(0.619689 -0.109658 0)
(0.742631 -0.00334502 0)
(0.749165 -0.00649364 0)
(0.752816 -0.00823905 0)
(0.755773 -0.010566 0)
(0.760716 -0.0143207 0)
(0.767906 -0.0204495 0)
(0.777608 -0.0306312 0)
(0.790286 -0.0477252 0)
(0.805616 -0.076628 0)
(0.81766 -0.124667 0)
(0.902952 -0.00294071 0)
(0.908557 -0.00705461 0)
(0.910954 -0.0102883 0)
(0.912008 -0.0140643 0)
(0.914499 -0.0193421 0)
(0.918369 -0.0271511 0)
(0.923137 -0.0389855 0)
(0.928131 -0.0569358 0)
(0.931616 -0.0836382 0)
(0.928878 -0.121208 0)
(0.983065 -0.00247985 0)
(0.987876 -0.00665145 0)
(0.988907 -0.0105487 0)
(0.987792 -0.0150359 0)
(0.987303 -0.0209025 0)
(0.987166 -0.029034 0)
(0.98648 -0.0405357 0)
(0.984124 -0.0566874 0)
(0.97823 -0.0786585 0)
(0.965527 -0.106612 0)
(0.982991 -0.00172318 0)
(0.987151 -0.00521575 0)
(0.986938 -0.00903858 0)
(0.983949 -0.0134682 0)
(0.980866 -0.0190041 0)
(0.977258 -0.0263044 0)
(0.972063 -0.0360876 0)
(0.964111 -0.0490409 0)
(0.951825 -0.0655731 0)
(0.933053 -0.0852662 0)
(0.902748 -0.000558864 0)
(0.906564 -0.00289356 0)
(0.905551 -0.00619373 0)
(0.901453 -0.00999762 0)
(0.896774 -0.014513 0)
(0.89096 -0.020195 0)
(0.882965 -0.0274654 0)
(0.871765 -0.0366492 0)
(0.856167 -0.0478269 0)
(0.834812 -0.060535 0)
(0.742353 0.00107228 0)
(0.74648 -0.000127692 0)
(0.745531 -0.00283761 0)
(0.741483 -0.00570635 0)
(0.736566 -0.00880229 0)
(0.730199 -0.0124677 0)
(0.721507 -0.0169426 0)
(0.709711 -0.0223684 0)
(0.693997 -0.0287312 0)
(0.673554 -0.0357167 0)
(0.502224 0.00257594 0)
(0.507856 0.0019365 0)
(0.508122 -0.000250212 0)
(0.505392 -0.00200041 0)
(0.501672 -0.00357931 0)
(0.496546 -0.00527718 0)
(0.489457 -0.0072241 0)
(0.479941 -0.00948554 0)
(0.467522 -0.0120558 0)
(0.451775 -0.0148011 0)
(0.186667 0.00103189 0)
(0.193592 0.000449407 0)
(0.195011 0.000115622 0)
(0.194329 -0.000126828 0)
(0.192925 -0.000342332 0)
(0.190751 -0.000544778 0)
(0.187632 -0.00076272 0)
(0.183424 -0.00100068 0)
(0.177975 -0.00125484 0)
(0.17115 -0.00151338 0)
(-0.00048735 0.000476386 0)
(-0.00244217 0.000717935 0)
(-0.00439048 0.000591436 0)
(-0.00537166 0.000284464 0)
(-0.00483319 -6.20057e-05 0)
(-0.00273924 -0.000378647 0)
(0.000683656 -0.000629129 0)
(0.00509905 -0.00080089 0)
(0.0101469 -0.000896892 0)
(0.0154933 -0.000928031 0)
(0.020857 -0.000908246 0)
(0.0260184 -0.000851695 0)
(0.0308199 -0.000771187 0)
(0.0351591 -0.000677509 0)
(0.0389805 -0.000579084 0)
(0.0422661 -0.000482167 0)
(0.0450254 -0.000390973 0)
(0.0472878 -0.000308163 0)
(0.0490957 -0.000235063 0)
(0.0504986 -0.000172142 0)
(0.051549 -0.000119154 0)
(0.0522991 -7.55044e-05 0)
(0.0527991 -4.02977e-05 0)
(0.0530952 -1.25819e-05 0)
(0.0532288 8.6684e-06 0)
(0.0532368 2.43997e-05 0)
(0.0531507 3.55307e-05 0)
(0.0529972 4.28587e-05 0)
(0.0527985 4.71218e-05 0)
(0.0525727 4.89349e-05 0)
(0.0523341 4.88549e-05 0)
(0.0520938 4.73298e-05 0)
(0.0518601 4.47642e-05 0)
(0.0516391 4.14693e-05 0)
(0.0514348 3.77292e-05 0)
(-0.000824873 0.002493 0)
(-0.00431273 0.00386396 0)
(-0.00704476 0.0027117 0)
(-0.0073067 0.000170598 0)
(-0.00417374 -0.00279215 0)
(0.0023314 -0.00555401 0)
(0.0116877 -0.00777885 0)
(0.0231546 -0.00933677 0)
(0.0359463 -0.0102287 0)
(0.0493349 -0.0105294 0)
(0.0627041 -0.0103477 0)
(0.075569 -0.00980185 0)
(0.0875759 -0.00900389 0)
(0.0984906 -0.00805189 0)
(0.108181 -0.00702668 0)
(0.116596 -0.00599108 0)
(0.123748 -0.00499147 0)
(0.129698 -0.00405966 0)
(0.134534 -0.0032156 0)
(0.138366 -0.00246967 0)
(0.141314 -0.0018251 0)
(0.143497 -0.00127986 0)
(0.145033 -0.000828375 0)
(0.146033 -0.000462765 0)
(0.146598 -0.000173931 0)
(0.146819 4.77251e-05 0)
(0.146775 0.000211751 0)
(0.146534 0.000327272 0)
(0.146154 0.000402758 0)
(0.145683 0.00044587 0)
(0.145158 0.000463409 0)
(0.144612 0.000461303 0)
(0.144067 0.000444621 0)
(0.143541 0.000417643 0)
(0.143046 0.00038389 0)
(-0.000915207 0.00502107 0)
(-0.00434847 0.00702924 0)
(-0.00573738 0.00362102 0)
(-0.00325613 -0.0025977 0)
(0.00388698 -0.00956774 0)
(0.0153907 -0.0159533 0)
(0.0304262 -0.0210372 0)
(0.0479622 -0.0245498 0)
(0.0669642 -0.026508 0)
(0.0865028 -0.02709 0)
(0.105806 -0.0265482 0)
(0.124272 -0.0251539 0)
(0.141468 -0.0231643 0)
(0.157106 -0.0208054 0)
(0.171027 -0.0182647 0)
(0.183171 -0.0156899 0)
(0.19356 -0.0131914 0)
(0.202271 -0.0108473 0)
(0.209425 -0.00870761 0)
(0.215165 -0.00680066 0)
(0.219651 -0.00513738 0)
(0.223044 -0.00371596 0)
(0.225503 -0.00252551 0)
(0.227181 -0.00154913 0)
(0.228217 -0.000766314 0)
(0.228737 -0.000154818 0)
(0.228854 0.000308 0)
(0.228665 0.000644173 0)
(0.228253 0.000874495 0)
(0.227688 0.00101804 0)
(0.227028 0.001092 0)
(0.226317 0.00111152 0)
(0.225593 0.00108975 0)
(0.224882 0.00103788 0)
(0.224204 0.00096532 0)
(-0.000933352 0.00741493 0)
(-0.00324716 0.00885552 0)
(-0.00164266 0.00169619 0)
(0.00536434 -0.0095162 0)
(0.01795 -0.0214415 0)
(0.0352648 -0.0320208 0)
(0.0560875 -0.0402153 0)
(0.0791436 -0.0456923 0)
(0.10327 -0.0485539 0)
(0.127485 -0.049137 0)
(0.151011 -0.0478785 0)
(0.173263 -0.0452321 0)
(0.193835 -0.0416215 0)
(0.21247 -0.0374163 0)
(0.229035 -0.0329223 0)
(0.243499 -0.0283814 0)
(0.255907 -0.0239755 0)
(0.266361 -0.0198341 0)
(0.275002 -0.016042 0)
(0.281997 -0.0126483 0)
(0.287524 -0.00967346 0)
(0.291767 -0.00711648 0)
(0.294906 -0.004961 0)
(0.297114 -0.00317999 0)
(0.29855 -0.00173984 0)
(0.29936 -0.000603408 0)
(0.299673 0.000267578 0)
(0.299604 0.000910841 0)
(0.29925 0.00136231 0)
(0.298695 0.00165532 0)
(0.298007 0.00182012 0)
(0.297242 0.00188361 0)
(0.296445 0.00186933 0)
(0.295651 0.00179748 0)
(0.294884 0.0016851 0)
(-0.000932424 0.00912541 0)
(-0.00110037 0.00793138 0)
(0.00532541 -0.00487993 0)
(0.0188406 -0.0222515 0)
(0.038428 -0.0395368 0)
(0.0624266 -0.0541569 0)
(0.0891801 -0.0649823 0)
(0.117251 -0.0717986 0)
(0.145484 -0.0749135 0)
(0.172993 -0.0748897 0)
(0.199133 -0.0723783 0)
(0.223456 -0.0680227 0)
(0.245678 -0.0624077 0)
(0.265642 -0.0560355 0)
(0.283298 -0.0493188 0)
(0.298675 -0.042582 0)
(0.31186 -0.0360694 0)
(0.322986 -0.0299548 0)
(0.332215 -0.024353 0)
(0.339726 -0.0193303 0)
(0.345707 -0.0149145 0)
(0.350346 -0.0111047 0)
(0.353829 -0.00787823 0)
(0.356329 -0.00519771 0)
(0.358012 -0.00301623 0)
(0.359024 -0.00128153 0)
(0.3595 6.06668e-05 0)
(0.359558 0.00106425 0)
(0.3593 0.00178093 0)
(0.358814 0.00225904 0)
(0.358171 0.00254272 0)
(0.357434 0.00267156 0)
(0.356648 0.00268035 0)
(0.355853 0.0025992 0)
(0.355076 0.00245364 0)
(-0.000789098 0.00964134 0)
(0.00284119 0.00261915 0)
(0.0166849 -0.0182539 0)
(0.0391675 -0.0427098 0)
(0.0673776 -0.0650964 0)
(0.0987081 -0.0828246 0)
(0.131194 -0.0950822 0)
(0.163435 -0.102034 0)
(0.194481 -0.104331 0)
(0.223713 -0.10282 0)
(0.250751 -0.0983717 0)
(0.275386 -0.0918026 0)
(0.297527 -0.0838294 0)
(0.317176 -0.0750558 0)
(0.334398 -0.0659712 0)
(0.349303 -0.0569574 0)
(0.362038 -0.0482997 0)
(0.372768 -0.0402005 0)
(0.381673 -0.0327919 0)
(0.388938 -0.0261491 0)
(0.394748 -0.0203021 0)
(0.399285 -0.0152463 0)
(0.402724 -0.0109516 0)
(0.405228 -0.0073696 0)
(0.406949 -0.00444054 0)
(0.408027 -0.00209776 0)
(0.408584 -0.000271926 0)
(0.408733 0.00110606 0)
(0.40857 0.00210278 0)
(0.408176 0.00278081 0)
(0.407622 0.00319762 0)
(0.406966 0.00340502 0)
(0.406254 0.00344883 0)
(0.405524 0.00336887 0)
(0.404803 0.00319915 0)
(-0.000147452 0.00827089 0)
(0.0107679 -0.00963002 0)
(0.0360785 -0.0413806 0)
(0.0704689 -0.07305 0)
(0.108547 -0.0991361 0)
(0.147061 -0.11801 0)
(0.184205 -0.129729 0)
(0.219005 -0.135096 0)
(0.250982 -0.1352 0)
(0.279956 -0.131168 0)
(0.305926 -0.124057 0)
(0.328984 -0.114804 0)
(0.349279 -0.104202 0)
(0.366986 -0.09291 0)
(0.382301 -0.0814502 0)
(0.395422 -0.0702271 0)
(0.406548 -0.0595393 0)
(0.415877 -0.0495952 0)
(0.423596 -0.0405285 0)
(0.429889 -0.0324117 0)
(0.434928 -0.0252691 0)
(0.438875 -0.019088 0)
(0.441883 -0.0138282 0)
(0.44409 -0.00943027 0)
(0.445627 -0.00582186 0)
(0.44661 -0.00292347 0)
(0.447144 -0.000652538 0)
(0.447322 0.00107317 0)
(0.447226 0.0023331 0)
(0.446925 0.00320208 0)
(0.446479 0.00374917 0)
(0.445938 0.00403684 0)
(0.445344 0.00412063 0)
(0.444727 0.00404903 0)
(0.444114 0.00386361 0)
(0.00196696 0.00246264 0)
(0.0279831 -0.0341911 0)
(0.0707656 -0.0786369 0)
(0.119661 -0.115335 0)
(0.167262 -0.141747 0)
(0.211 -0.158527 0)
(0.250178 -0.167044 0)
(0.284753 -0.16881 0)
(0.314969 -0.165281 0)
(0.341201 -0.157765 0)
(0.363859 -0.147401 0)
(0.383343 -0.135156 0)
(0.400025 -0.121832 0)
(0.414241 -0.108079 0)
(0.426294 -0.0944082 0)
(0.436452 -0.081207 0)
(0.444953 -0.0687577 0)
(0.452007 -0.0572526 0)
(0.4578 -0.0468095 0)
(0.462498 -0.0374865 0)
(0.466248 -0.0292943 0)
(0.469182 -0.0222073 0)
(0.471417 -0.0161733 0)
(0.473062 -0.0111211 0)
(0.47421 -0.00696722 0)
(0.474949 -0.00362122 0)
(0.475354 -0.000989932 0)
(0.475493 0.00101918 0)
(0.475427 0.00249544 0)
(0.475205 0.00352314 0)
(0.474873 0.00418021 0)
(0.474467 0.00453741 0)
(0.474019 0.00465783 0)
(0.473551 0.00459679 0)
(0.473084 0.0044019 0)
(0.0146899 -0.0242157 0)
(0.0692208 -0.0846855 0)
(0.134881 -0.135833 0)
(0.196903 -0.169954 0)
(0.249495 -0.190598 0)
(0.293313 -0.201013 0)
(0.329758 -0.203503 0)
(0.359991 -0.199877 0)
(0.38499 -0.191636 0)
(0.405609 -0.180052 0)
(0.422579 -0.166198 0)
(0.436522 -0.15097 0)
(0.447958 -0.135101 0)
(0.457323 -0.11918 0)
(0.464979 -0.103663 0)
(0.471224 -0.0888885 0)
(0.476304 -0.0750974 0)
(0.480418 -0.0624465 0)
(0.48373 -0.0510243 0)
(0.486371 -0.0408644 0)
(0.488452 -0.0319578 0)
(0.490061 -0.0242627 0)
(0.491275 -0.0177137 0)
(0.492158 -0.0122284 0)
(0.492765 -0.00771417 0)
(0.493145 -0.00407217 0)
(0.49334 -0.00120187 0)
(0.493386 0.000996076 0)
(0.493317 0.00261733 0)
(0.493161 0.00375213 0)
(0.492942 0.00448403 0)
(0.492682 0.00488901 0)
(0.492397 0.00503504 0)
(0.492103 0.00498182 0)
(0.491809 0.00478095 0)
(0.095477 -0.0980053 0)
(0.178562 -0.171839 0)
(0.253186 -0.20941 0)
(0.313259 -0.229094 0)
(0.358667 -0.237803 0)
(0.393481 -0.238725 0)
(0.420502 -0.233665 0)
(0.441427 -0.223984 0)
(0.457482 -0.210862 0)
(0.469657 -0.195337 0)
(0.478773 -0.178307 0)
(0.485503 -0.160532 0)
(0.490397 -0.142632 0)
(0.493901 -0.1251 0)
(0.496369 -0.10831 0)
(0.49808 -0.0925341 0)
(0.499247 -0.0779546 0)
(0.50003 -0.0646816 0)
(0.500547 -0.052766 0)
(0.500881 -0.042212 0)
(0.50109 -0.0329877 0)
(0.501213 -0.0250343 0)
(0.501276 -0.0182737 0)
(0.501296 -0.0126145 0)
(0.501284 -0.00795727 0)
(0.501246 -0.00419835 0)
(0.501188 -0.00123357 0)
(0.501114 0.0010393 0)
(0.501026 0.00271833 0)
(0.500929 0.00389587 0)
(0.500825 0.00465746 0)
(0.500716 0.00508097 0)
(0.500607 0.00523613 0)
(0.500499 0.00518437 0)
(0.500395 0.00497886 0)
(0.393456 -0.20315 0)
(0.412312 -0.245741 0)
(0.438167 -0.263394 0)
(0.465712 -0.270038 0)
(0.48758 -0.269096 0)
(0.503652 -0.262403 0)
(0.514965 -0.251262 0)
(0.522327 -0.236742 0)
(0.526473 -0.219804 0)
(0.528112 -0.201316 0)
(0.527891 -0.182032 0)
(0.526365 -0.162589 0)
(0.523994 -0.143496 0)
(0.521145 -0.125151 0)
(0.518101 -0.107842 0)
(0.515071 -0.0917668 0)
(0.512199 -0.0770487 0)
(0.509581 -0.0637479 0)
(0.507267 -0.0518764 0)
(0.505279 -0.0414086 0)
(0.503615 -0.0322913 0)
(0.502257 -0.0244504 0)
(0.501177 -0.0177981 0)
(0.500342 -0.012237 0)
(0.499718 -0.00766471 0)
(0.499269 -0.00397683 0)
(0.498965 -0.00106959 0)
(0.498775 0.00115793 0)
(0.498675 0.00280214 0)
(0.498641 0.00395362 0)
(0.498657 0.00469618 0)
(0.498707 0.00510614 0)
(0.498779 0.00525192 0)
(0.498865 0.00519385 0)
(0.498956 0.00498423 0)
(0.639653 -0.201298 0)
(0.628513 -0.251248 0)
(0.619735 -0.272507 0)
(0.61585 -0.278824 0)
(0.612154 -0.275781 0)
(0.607162 -0.266314 0)
(0.600749 -0.2524 0)
(0.593002 -0.235467 0)
(0.58416 -0.216616 0)
(0.574577 -0.196737 0)
(0.564645 -0.176551 0)
(0.554724 -0.15663 0)
(0.545119 -0.137408 0)
(0.536063 -0.119204 0)
(0.527724 -0.102234 0)
(0.520209 -0.0866316 0)
(0.51357 -0.0724645 0)
(0.507816 -0.0597493 0)
(0.502921 -0.0484644 0)
(0.498837 -0.0385596 0)
(0.495497 -0.0299644 0)
(0.492826 -0.0225947 0)
(0.490743 -0.0163572 0)
(0.489168 -0.0111535 0)
(0.488022 -0.00688246 0)
(0.487233 -0.00344336 0)
(0.486735 -0.000737138 0)
(0.486468 0.00133175 0)
(0.486381 0.00285408 0)
(0.486429 0.00391496 0)
(0.486575 0.00459296 0)
(0.486789 0.00495967 0)
(0.487043 0.00507922 0)
(0.48732 0.00500823 0)
(0.487603 0.00479583 0)
(0.812899 -0.187547 0)
(0.788454 -0.231315 0)
(0.76049 -0.25409 0)
(0.734769 -0.262266 0)
(0.710635 -0.260258 0)
(0.687441 -0.251114 0)
(0.665037 -0.237162 0)
(0.643379 -0.220143 0)
(0.622518 -0.201359 0)
(0.602603 -0.181788 0)
(0.583825 -0.162173 0)
(0.566365 -0.143057 0)
(0.550363 -0.124831 0)
(0.53591 -0.107754 0)
(0.523044 -0.0919859 0)
(0.511756 -0.0776109 0)
(0.501997 -0.0646537 0)
(0.493685 -0.0530976 0)
(0.486717 -0.0428961 0)
(0.480975 -0.0339828 0)
(0.476331 -0.0262778 0)
(0.472656 -0.019693 0)
(0.469822 -0.0141357 0)
(0.467708 -0.00951149 0)
(0.466199 -0.00572573 0)
(0.46519 -0.00268547 0)
(0.464587 -0.000300497 0)
(0.464306 0.00151554 0)
(0.464274 0.00284433 0)
(0.464428 0.00376216 0)
(0.464716 0.00433945 0)
(0.465094 0.00464015 0)
(0.465525 0.00472169 0)
(0.465983 0.00463464 0)
(0.466444 0.00442298 0)
(0.912331 -0.165114 0)
(0.88125 -0.199733 0)
(0.843871 -0.220442 0)
(0.805604 -0.229133 0)
(0.768083 -0.228448 0)
(0.731919 -0.220821 0)
(0.697514 -0.208406 0)
(0.665102 -0.19296 0)
(0.634827 -0.175835 0)
(0.606807 -0.15804 0)
(0.58114 -0.140311 0)
(0.557882 -0.123166 0)
(0.537045 -0.106951 0)
(0.518591 -0.0918833 0)
(0.502439 -0.0780784 0)
(0.488474 -0.0655824 0)
(0.476553 -0.0543916 0)
(0.466512 -0.0444679 0)
(0.458179 -0.0357518 0)
(0.451375 -0.0281698 0)
(0.445923 -0.0216413 0)
(0.441652 -0.0160814 0)
(0.438395 -0.0114043 0)
(0.436002 -0.00752476 0)
(0.43433 -0.00435904 0)
(0.433251 -0.001826 0)
(0.43265 0.000152202 0)
(0.432428 0.00164969 0)
(0.432496 0.00273616 0)
(0.43278 0.00347662 0)
(0.433215 0.00393082 0)
(0.43375 0.00415313 0)
(0.434343 0.00419216 0)
(0.434958 0.00409087 0)
(0.435571 0.00388643 0)
(0.941985 -0.137236 0)
(0.907289 -0.162724 0)
(0.865767 -0.179216 0)
(0.821528 -0.186747 0)
(0.776926 -0.186663 0)
(0.733367 -0.18065 0)
(0.691789 -0.170419 0)
(0.65278 -0.157486 0)
(0.616681 -0.143074 0)
(0.583677 -0.128107 0)
(0.553845 -0.113251 0)
(0.527175 -0.0989647 0)
(0.503588 -0.0855399 0)
(0.482951 -0.0731475 0)
(0.46509 -0.0618688 0)
(0.449807 -0.0517234 0)
(0.436884 -0.0426902 0)
(0.426099 -0.0347222 0)
(0.417226 -0.0277572 0)
(0.410046 -0.0217246 0)
(0.404348 -0.0165507 0)
(0.399933 -0.0121606 0)
(0.396613 -0.00848099 0)
(0.394218 -0.00543999 0)
(0.392592 -0.00296856 0)
(0.391594 -0.00100041 0)
(0.391102 0.000527515 0)
(0.391004 0.00167487 0)
(0.391208 0.00249753 0)
(0.391631 0.00304749 0)
(0.392207 0.00337242 0)
(0.392878 0.00351566 0)
(0.393601 0.00351591 0)
(0.394339 0.00340735 0)
(0.395064 0.00321952 0)
(0.905666 -0.105898 0)
(0.869591 -0.123361 0)
(0.82729 -0.135055 0)
(0.781717 -0.14052 0)
(0.735173 -0.140396 0)
(0.689342 -0.135774 0)
(0.64544 -0.127884 0)
(0.604283 -0.117887 0)
(0.56636 -0.106748 0)
(0.531921 -0.0952121 0)
(0.501045 -0.0838128 0)
(0.473685 -0.0729099 0)
(0.449707 -0.0627265 0)
(0.428916 -0.0533842 0)
(0.411081 -0.0449331 0)
(0.39595 -0.0373755 0)
(0.383263 -0.0306827 0)
(0.372764 -0.0248088 0)
(0.364202 -0.0196977 0)
(0.357339 -0.0152899 0)
(0.351952 -0.0115245 0)
(0.347832 -0.00834216 0)
(0.344789 -0.0056853 0)
(0.342649 -0.00349905 0)
(0.341254 -0.00173084 0)
(0.340466 -0.000331134 0)
(0.34016 0.000747242 0)
(0.340228 0.00154833 0)
(0.340578 0.00211365 0)
(0.341129 0.0024813 0)
(0.341816 0.00268659 0)
(0.342584 0.00276115 0)
(0.343389 0.00273363 0)
(0.344197 0.00262886 0)
(0.344981 0.0024687 0)
(0.806604 -0.073391 0)
(0.771668 -0.0842172 0)
(0.731595 -0.0914717 0)
(0.688531 -0.0947396 0)
(0.644455 -0.0943409 0)
(0.600982 -0.0909512 0)
(0.559345 -0.0853785 0)
(0.520397 -0.0784072 0)
(0.484658 -0.0707029 0)
(0.452387 -0.062779 0)
(0.423647 -0.055002 0)
(0.398367 -0.0476137 0)
(0.37638 -0.0407588 0)
(0.357464 -0.0345106 0)
(0.341363 -0.0288931 0)
(0.327812 -0.0238984 0)
(0.316543 -0.0194989 0)
(0.307298 -0.0156567 0)
(0.299829 -0.0123289 0)
(0.293907 -0.00947117 0)
(0.289319 -0.0070403 0)
(0.285869 -0.00499438 0)
(0.28338 -0.00329398 0)
(0.281691 -0.0019016 0)
(0.280659 -0.000782212 0)
(0.280157 9.74455e-05 0)
(0.280073 0.000768368 0)
(0.280308 0.00125988 0)
(0.280779 0.00159905 0)
(0.281416 0.00181116 0)
(0.282158 0.00191912 0)
(0.282958 0.00194392 0)
(0.283777 0.00190402 0)
(0.284585 0.00181594 0)
(0.285359 0.00169363 0)
(0.647874 -0.0425739 0)
(0.617219 -0.0482325 0)
(0.582734 -0.0519112 0)
(0.545999 -0.0533851 0)
(0.508583 -0.0528339 0)
(0.471828 -0.0506428 0)
(0.436776 -0.0472722 0)
(0.404149 -0.0431674 0)
(0.374384 -0.0387046 0)
(0.34768 -0.0341705 0)
(0.324063 -0.0297657 0)
(0.303439 -0.0256189 0)
(0.285635 -0.0218031 0)
(0.270433 -0.0183511 0)
(0.257596 -0.0152687 0)
(0.246878 -0.0125452 0)
(0.238042 -0.01016 0)
(0.230861 -0.0080877 0)
(0.225123 -0.00630158 0)
(0.220632 -0.00477488 0)
(0.217209 -0.00348212 0)
(0.214693 -0.00239924 0)
(0.212937 -0.00150389 0)
(0.211809 -0.000775157 0)
(0.211194 -0.00019361 0)
(0.210987 0.000259001 0)
(0.211099 0.000599677 0)
(0.21145 0.000844397 0)
(0.211975 0.00100793 0)
(0.212615 0.00110402 0)
(0.213326 0.00114512 0)
(0.214067 0.00114263 0)
(0.21481 0.00110657 0)
(0.215532 0.00104586 0)
(0.216215 0.000968055 0)
(0.432518 -0.0174171 0)
(0.410049 -0.0194942 0)
(0.38518 -0.0207445 0)
(0.358995 -0.0211048 0)
(0.332573 -0.0206724 0)
(0.306839 -0.0196196 0)
(0.2825 -0.0181397 0)
(0.26003 -0.0164125 0)
(0.239697 -0.0145848 0)
(0.221604 -0.012765 0)
(0.205735 -0.0110257 0)
(0.19199 -0.00941052 0)
(0.180222 -0.00794178 0)
(0.170258 -0.0066269 0)
(0.161916 -0.00546352 0)
(0.155014 -0.00444397 0)
(0.149379 -0.00355745 0)
(0.144851 -0.00279246 0)
(0.141281 -0.00213715 0)
(0.138534 -0.00158059 0)
(0.136486 -0.00111227 0)
(0.135028 -0.000722883 0)
(0.134061 -0.000403541 0)
(0.133498 -0.000146373 0)
(0.133259 5.62176e-05 0)
(0.133277 0.000211012 0)
(0.133491 0.000324655 0)
(0.13385 0.000403043 0)
(0.13431 0.000451966 0)
(0.134834 0.000476452 0)
(0.135391 0.000481417 0)
(0.135957 0.000470961 0)
(0.136513 0.000449065 0)
(0.137045 0.000418851 0)
(0.137542 0.000383347 0)
(0.162921 -0.00174531 0)
(0.153459 -0.00190508 0)
(0.143134 -0.0019671 0)
(0.132415 -0.00193622 0)
(0.12175 -0.00183287 0)
(0.111505 -0.00168074 0)
(0.101945 -0.00150186 0)
(0.0932332 -0.0013142 0)
(0.085449 -0.00113049 0)
(0.0786063 -0.000958615 0)
(0.0726745 -0.000802737 0)
(0.0675954 -0.00066446 0)
(0.0632958 -0.000543765 0)
(0.0596966 -0.000439659 0)
(0.0567186 -0.000350639 0)
(0.054286 -0.000275011 0)
(0.0523285 -0.000211092 0)
(0.0507817 -0.000157326 0)
(0.0495875 -0.00011233 0)
(0.0486937 -7.49082e-05 0)
(0.0480534 -4.40388e-05 0)
(0.0476249 -1.88501e-05 0)
(0.047371 1.40198e-06 0)
(0.0472587 1.73612e-05 0)
(0.0472588 2.95892e-05 0)
(0.0473459 3.85879e-05 0)
(0.0474978 4.48059e-05 0)
(0.0476955 4.86551e-05 0)
(0.0479228 5.05094e-05 0)
(0.0481665 5.07174e-05 0)
(0.0484157 4.9595e-05 0)
(0.0486618 4.7435e-05 0)
(0.0488983 4.44969e-05 0)
(0.0491204 4.1016e-05 0)
(0.0493249 3.71933e-05 0)
(0.0512495 3.37461e-05 0)
(0.0510846 2.97118e-05 0)
(0.05094 2.57433e-05 0)
(0.0508154 2.19625e-05 0)
(0.0507095 1.84221e-05 0)
(0.050621 1.51926e-05 0)
(0.0505482 1.22798e-05 0)
(0.0504894 9.7189e-06 0)
(0.0504427 7.48373e-06 0)
(0.0504065 5.58735e-06 0)
(0.142591 0.000346237 0)
(0.14218 0.000306933 0)
(0.141816 0.000267739 0)
(0.141498 0.000229932 0)
(0.141225 0.000194446 0)
(0.140994 0.000161863 0)
(0.140802 0.000132549 0)
(0.140644 0.000106624 0)
(0.140517 8.40996e-05 0)
(0.140417 6.48229e-05 0)
(0.223574 0.000879742 0)
(0.222999 0.000787362 0)
(0.222485 0.000693009 0)
(0.222032 0.00060039 0)
(0.22164 0.000512165 0)
(0.221305 0.000430203 0)
(0.221024 0.000355636 0)
(0.220792 0.000289083 0)
(0.220602 0.000230687 0)
(0.220451 0.000180304 0)
(0.294162 0.00154629 0)
(0.293499 0.00139247 0)
(0.2929 0.00123268 0)
(0.292369 0.00107386 0)
(0.291905 0.000921144 0)
(0.291507 0.000778122 0)
(0.291169 0.000647143 0)
(0.290888 0.000529507 0)
(0.290657 0.000425726 0)
(0.290471 0.000335672 0)
(0.354339 0.00226496 0)
(0.353655 0.00205052 0)
(0.353033 0.00182417 0)
(0.352477 0.00159662 0)
(0.351989 0.00137591 0)
(0.351567 0.00116775 0)
(0.351207 0.000975968 0)
(0.350905 0.00080281 0)
(0.350656 0.000649285 0)
(0.350453 0.00051545 0)
(0.404113 0.00296816 0)
(0.403468 0.00269929 0)
(0.402878 0.00241129 0)
(0.402348 0.00211882 0)
(0.40188 0.00183296 0)
(0.401473 0.0015617 0)
(0.401124 0.00131047 0)
(0.40083 0.0010826 0)
(0.400585 0.000879712 0)
(0.400385 0.000702143 0)
(0.443523 0.00359942 0)
(0.442968 0.00328532 0)
(0.442458 0.00294465 0)
(0.441997 0.00259572 0)
(0.441588 0.00225246 0)
(0.441231 0.00192507 0)
(0.440924 0.00162055 0)
(0.440663 0.00134329 0)
(0.440446 0.00109558 0)
(0.440267 0.000878077 0)
(0.472633 0.00411343 0)
(0.472207 0.00376472 0)
(0.471814 0.00338282 0)
(0.471459 0.00298908 0)
(0.471142 0.00259984 0)
(0.470864 0.00222712 0)
(0.470625 0.00187929 0)
(0.470421 0.00156169 0)
(0.47025 0.00127719 0)
(0.470109 0.00102676 0)
(0.491525 0.00447616 0)
(0.491257 0.00410384 0)
(0.49101 0.00369356 0)
(0.490785 0.00326876 0)
(0.490585 0.00284747 0)
(0.490409 0.00244303 0)
(0.490257 0.00206476 0)
(0.490128 0.00171868 0)
(0.490019 0.00140812 0)
(0.489929 0.0011343 0)
(0.500296 0.00466481 0)
(0.500203 0.00427988 0)
(0.500118 0.00385478 0)
(0.500042 0.00341393 0)
(0.499973 0.00297614 0)
(0.499913 0.00255537 0)
(0.499861 0.00216142 0)
(0.499817 0.00180065 0)
(0.499779 0.00147663 0)
(0.499748 0.0011907 0)
(0.499048 0.00466761 0)
(0.499137 0.00428115 0)
(0.49922 0.00385521 0)
(0.499296 0.00341393 0)
(0.499365 0.00297597 0)
(0.499425 0.00255516 0)
(0.499477 0.00216125 0)
(0.499522 0.00180054 0)
(0.499559 0.00147658 0)
(0.49959 0.00119069 0)
(0.487882 0.00448386 0)
(0.488147 0.00410727 0)
(0.488393 0.00369464 0)
(0.488618 0.00326868 0)
(0.488818 0.00284694 0)
(0.488994 0.00244242 0)
(0.489146 0.00206426 0)
(0.489275 0.00171835 0)
(0.489384 0.00140796 0)
(0.489474 0.00113428 0)
(0.466893 0.0041241 0)
(0.467317 0.0037693 0)
(0.46771 0.00338406 0)
(0.468066 0.00298873 0)
(0.468383 0.00259888 0)
(0.46866 0.00222613 0)
(0.4689 0.00187848 0)
(0.469104 0.00156116 0)
(0.469274 0.00127692 0)
(0.469415 0.00102671 0)
(0.436162 0.0036106 0)
(0.436718 0.00328975 0)
(0.437229 0.0029455 0)
(0.43769 0.00259489 0)
(0.438099 0.0022511 0)
(0.438456 0.00192373 0)
(0.438763 0.00161952 0)
(0.439024 0.0013426 0)
(0.439241 0.00109524 0)
(0.43942 0.000877982 0)
(0.395757 0.00297762 0)
(0.396403 0.00270255 0)
(0.396994 0.00241139 0)
(0.397524 0.00211753 0)
(0.397993 0.00183134 0)
(0.3984 0.00156022 0)
(0.398748 0.00130938 0)
(0.399043 0.00108189 0)
(0.399287 0.00087937 0)
(0.399487 0.000702041 0)
(0.345722 0.00227131 0)
(0.346408 0.00205219 0)
(0.347031 0.00182347 0)
(0.347587 0.00159511 0)
(0.348075 0.00137424 0)
(0.348497 0.00116642 0)
(0.348857 0.00097496 0)
(0.349158 0.000802252 0)
(0.349408 0.000648974 0)
(0.349611 0.000515426 0)
(0.286084 0.00154922 0)
(0.286749 0.00139242 0)
(0.287349 0.00123139 0)
(0.28788 0.00107217 0)
(0.288343 0.000919618 0)
(0.288741 0.000776876 0)
(0.289078 0.000646309 0)
(0.289359 0.000528953 0)
(0.28959 0.00042547 0)
(0.289776 0.000335539 0)
(0.216847 0.000879667 0)
(0.217423 0.00078591 0)
(0.217937 0.000691112 0)
(0.218389 0.000598471 0)
(0.21878 0.000510509 0)
(0.219114 0.000428832 0)
(0.219395 0.000354606 0)
(0.219628 0.000288292 0)
(0.219817 0.000230139 0)
(0.219968 0.000179881 0)
(0.137998 0.000344715 0)
(0.138408 0.000305089 0)
(0.138771 0.000265771 0)
(0.139088 0.00022813 0)
(0.139361 0.000192769 0)
(0.139591 0.000160462 0)
(0.139783 0.000131297 0)
(0.13994 0.000105634 0)
(0.140067 8.32178e-05 0)
(0.140167 6.41584e-05 0)
(0.0495098 3.32051e-05 0)
(0.0496743 2.91936e-05 0)
(0.0498183 2.52785e-05 0)
(0.0499425 2.15473e-05 0)
(0.050048 1.807e-05 0)
(0.0501362 1.48882e-05 0)
(0.0502088 1.20321e-05 0)
(0.0502675 9.50889e-06 0)
(0.0503141 7.32052e-06 0)
(0.0503503 5.45094e-06 0)
(0.0503791 3.9844e-06 0)
(0.0503591 2.6762e-06 0)
(0.050345 1.60815e-06 0)
(0.0503358 7.77534e-07 0)
(0.0503304 1.27627e-07 0)
(0.0503279 -3.43198e-07 0)
(0.0503276 -6.89268e-07 0)
(0.0503288 -9.08267e-07 0)
(0.0503312 -1.04973e-06 0)
(0.0503342 -1.10628e-06 0)
(0.0503376 -1.12184e-06 0)
(0.0503412 -1.08404e-06 0)
(0.0503448 -1.03137e-06 0)
(0.0503482 -9.47211e-07 0)
(0.0503514 -8.65401e-07 0)
(0.0503543 -7.66067e-07 0)
(0.0503569 -6.79319e-07 0)
(0.0503592 -5.83115e-07 0)
(0.0503613 -5.04694e-07 0)
(0.050363 -4.20737e-07 0)
(0.0503645 -3.56534e-07 0)
(0.0503657 -2.88212e-07 0)
(0.0503667 -2.39537e-07 0)
(0.0503675 -1.86906e-07 0)
(0.0503682 -1.53043e-07 0)
(0.0503687 -1.14829e-07 0)
(0.050369 -9.45349e-08 0)
(0.0503693 -6.93757e-08 0)
(0.0503694 -6.13393e-08 0)
(0.0503695 -4.79118e-08 0)
(0.0503695 -5.08358e-08 0)
(0.0503694 -4.83186e-08 0)
(0.0503693 -6.21442e-08 0)
(0.0503691 -6.93019e-08 0)
(0.0503689 -8.60315e-08 0)
(0.14034 4.8609e-05 0)
(0.140282 3.51727e-05 0)
(0.14024 2.42476e-05 0)
(0.14021 1.55085e-05 0)
(0.140191 8.68057e-06 0)
(0.140181 3.45556e-06 0)
(0.140176 -4.08681e-07 0)
(0.140176 -3.17546e-06 0)
(0.140179 -5.03623e-06 0)
(0.140185 -6.1999e-06 0)
(0.140192 -6.80431e-06 0)
(0.140199 -7.00616e-06 0)
(0.140207 -6.8952e-06 0)
(0.140215 -6.58391e-06 0)
(0.140222 -6.12313e-06 0)
(0.140229 -5.59111e-06 0)
(0.140235 -5.00962e-06 0)
(0.140241 -4.43229e-06 0)
(0.140246 -3.86064e-06 0)
(0.14025 -3.3318e-06 0)
(0.140254 -2.83408e-06 0)
(0.140257 -2.39435e-06 0)
(0.14026 -1.99287e-06 0)
(0.140262 -1.65066e-06 0)
(0.140264 -1.34329e-06 0)
(0.140265 -1.08907e-06 0)
(0.140266 -8.60872e-07 0)
(0.140267 -6.76495e-07 0)
(0.140267 -5.07503e-07 0)
(0.140268 -3.72707e-07 0)
(0.140268 -2.42913e-07 0)
(0.140268 -1.39096e-07 0)
(0.140268 -3.23596e-08 0)
(0.140268 5.26533e-08 0)
(0.140268 1.4954e-07 0)
(0.220332 0.000137509 0)
(0.220242 0.000101758 0)
(0.220174 7.23654e-05 0)
(0.220126 4.86414e-05 0)
(0.220093 2.98406e-05 0)
(0.220072 1.52832e-05 0)
(0.220061 4.28359e-06 0)
(0.220057 -3.74416e-06 0)
(0.220059 -9.37004e-06 0)
(0.220064 -1.30534e-05 0)
(0.220071 -1.52339e-05 0)
(0.22008 -1.62434e-05 0)
(0.22009 -1.64007e-05 0)
(0.2201 -1.59266e-05 0)
(0.220109 -1.50397e-05 0)
(0.220119 -1.38731e-05 0)
(0.220127 -1.25689e-05 0)
(0.220135 -1.11962e-05 0)
(0.220142 -9.84267e-06 0)
(0.220148 -8.53383e-06 0)
(0.220153 -7.32129e-06 0)
(0.220157 -6.20297e-06 0)
(0.220161 -5.20816e-06 0)
(0.220164 -4.31876e-06 0)
(0.220167 -3.55129e-06 0)
(0.220169 -2.87926e-06 0)
(0.22017 -2.31276e-06 0)
(0.220171 -1.8214e-06 0)
(0.220172 -1.41296e-06 0)
(0.220173 -1.05593e-06 0)
(0.220173 -7.58247e-07 0)
(0.220173 -4.88987e-07 0)
(0.220173 -2.57775e-07 0)
(0.220173 -3.36647e-08 0)
(0.220173 1.77395e-07 0)
(0.290323 0.000258784 0)
(0.290209 0.000194166 0)
(0.290122 0.000140742 0)
(0.290059 9.73089e-05 0)
(0.290014 6.26491e-05 0)
(0.289984 3.5544e-05 0)
(0.289967 1.48548e-05 0)
(0.289958 -4.92244e-07 0)
(0.289956 -1.14483e-05 0)
(0.289959 -1.88756e-05 0)
(0.289966 -2.35049e-05 0)
(0.289975 -2.59795e-05 0)
(0.289985 -2.68214e-05 0)
(0.289995 -2.64798e-05 0)
(0.290005 -2.53018e-05 0)
(0.290015 -2.35811e-05 0)
(0.290025 -2.15302e-05 0)
(0.290033 -1.93276e-05 0)
(0.290041 -1.70895e-05 0)
(0.290048 -1.49147e-05 0)
(0.290054 -1.2855e-05 0)
(0.290059 -1.0958e-05 0)
(0.290064 -9.23548e-06 0)
(0.290067 -7.70407e-06 0)
(0.29007 -6.35309e-06 0)
(0.290073 -5.1821e-06 0)
(0.290075 -4.16883e-06 0)
(0.290076 -3.30484e-06 0)
(0.290077 -2.56307e-06 0)
(0.290078 -1.93244e-06 0)
(0.290079 -1.38492e-06 0)
(0.290079 -9.09411e-07 0)
(0.290079 -4.78001e-07 0)
(0.290079 -7.80152e-08 0)
(0.290079 3.23368e-07 0)
(0.35029 0.000400643 0)
(0.350163 0.000303711 0)
(0.350066 0.000223163 0)
(0.349993 0.000157334 0)
(0.349941 0.000104475 0)
(0.349906 6.28525e-05 0)
(0.349883 3.08009e-05 0)
(0.34987 6.77296e-06 0)
(0.349865 -1.06434e-05 0)
(0.349866 -2.27003e-05 0)
(0.349871 -3.04973e-05 0)
(0.349878 -3.4973e-05 0)
(0.349887 -3.69248e-05 0)
(0.349897 -3.70095e-05 0)
(0.349907 -3.5768e-05 0)
(0.349917 -3.36288e-05 0)
(0.349926 -3.09336e-05 0)
(0.349935 -2.79401e-05 0)
(0.349943 -2.48461e-05 0)
(0.34995 -2.17904e-05 0)
(0.349956 -1.88734e-05 0)
(0.349962 -1.61565e-05 0)
(0.349966 -1.3679e-05 0)
(0.34997 -1.14555e-05 0)
(0.349973 -9.48977e-06 0)
(0.349976 -7.77038e-06 0)
(0.349978 -6.28261e-06 0)
(0.349979 -5.00244e-06 0)
(0.349981 -3.90697e-06 0)
(0.349982 -2.96746e-06 0)
(0.349982 -2.15853e-06 0)
(0.349983 -1.45037e-06 0)
(0.349983 -8.1641e-07 0)
(0.349983 -2.23729e-07 0)
(0.349983 3.60831e-07 0)
(0.400224 0.000549231 0)
(0.400097 0.000419616 0)
(0.399998 0.000311476 0)
(0.399924 0.000222707 0)
(0.39987 0.000151083 0)
(0.399832 9.43695e-05 0)
(0.399806 5.04083e-05 0)
(0.399792 1.71755e-05 0)
(0.399784 -7.17535e-06 0)
(0.399783 -2.42991e-05 0)
(0.399786 -3.56445e-05 0)
(0.399791 -4.24632e-05 0)
(0.399799 -4.58129e-05 0)
(0.399807 -4.65777e-05 0)
(0.399816 -4.54794e-05 0)
(0.399825 -4.31016e-05 0)
(0.399834 -3.99029e-05 0)
(0.399842 -3.62407e-05 0)
(0.399849 -3.23818e-05 0)
(0.399856 -2.85244e-05 0)
(0.399861 -2.48052e-05 0)
(0.399867 -2.13177e-05 0)
(0.399871 -1.81162e-05 0)
(0.399875 -1.523e-05 0)
(0.399878 -1.2665e-05 0)
(0.39988 -1.04146e-05 0)
(0.399882 -8.45913e-06 0)
(0.399884 -6.77406e-06 0)
(0.399885 -5.32792e-06 0)
(0.399886 -4.08893e-06 0)
(0.399887 -3.02151e-06 0)
(0.399887 -2.09155e-06 0)
(0.399887 -1.26154e-06 0)
(0.399887 -4.93608e-07 0)
(0.399887 2.56009e-07 0)
(0.440122 0.000690188 0)
(0.440007 0.000530425 0)
(0.439918 0.000396697 0)
(0.43985 0.000286545 0)
(0.439799 0.000197331 0)
(0.439763 0.000126386 0)
(0.439739 7.11129e-05 0)
(0.439724 2.9069e-05 0)
(0.439716 -1.98898e-06 0)
(0.439713 -2.4074e-05 0)
(0.439715 -3.89588e-05 0)
(0.439718 -4.81754e-05 0)
(0.439724 -5.30269e-05 0)
(0.439731 -5.46017e-05 0)
(0.439738 -5.37955e-05 0)
(0.439745 -5.13311e-05 0)
(0.439753 -4.7783e-05 0)
(0.439759 -4.35966e-05 0)
(0.439766 -3.91109e-05 0)
(0.439771 -3.45753e-05 0)
(0.439776 -3.01677e-05 0)
(0.439781 -2.60076e-05 0)
(0.439784 -2.21702e-05 0)
(0.439788 -1.8695e-05 0)
(0.43979 -1.55962e-05 0)
(0.439792 -1.28682e-05 0)
(0.439794 -1.04925e-05 0)
(0.439796 -8.44049e-06 0)
(0.439797 -6.67853e-06 0)
(0.439797 -5.16843e-06 0)
(0.439798 -3.87081e-06 0)
(0.439798 -2.74443e-06 0)
(0.439799 -1.74763e-06 0)
(0.439799 -8.35797e-07 0)
(0.439799 3.77578e-08 0)
(0.469995 0.000809908 0)
(0.469903 0.00062508 0)
(0.469832 0.000469993 0)
(0.469777 0.000341918 0)
(0.469736 0.000237897 0)
(0.469707 0.000154915 0)
(0.469686 9.00252e-05 0)
(0.469673 4.04442e-05 0)
(0.469666 3.60802e-06 0)
(0.469663 -2.27915e-05 0)
(0.469663 -4.07915e-05 0)
(0.469666 -5.21578e-05 0)
(0.46967 -5.83947e-05 0)
(0.469675 -6.07632e-05 0)
(0.46968 -6.03022e-05 0)
(0.469685 -5.78539e-05 0)
(0.469691 -5.40879e-05 0)
(0.469696 -4.95269e-05 0)
(0.469701 -4.45692e-05 0)
(0.469705 -3.95102e-05 0)
(0.469709 -3.45615e-05 0)
(0.469712 -2.98677e-05 0)
(0.469715 -2.55203e-05 0)
(0.469717 -2.15706e-05 0)
(0.469719 -1.80386e-05 0)
(0.469721 -1.49222e-05 0)
(0.469722 -1.22029e-05 0)
(0.469723 -9.85173e-06 0)
(0.469724 -7.83191e-06 0)
(0.469725 -6.10283e-06 0)
(0.469725 -4.62129e-06 0)
(0.469725 -3.34332e-06 0)
(0.469726 -2.22387e-06 0)
(0.469726 -1.21682e-06 0)
(0.469726 -2.74618e-07 0)
(0.489855 0.000896816 0)
(0.489797 0.00069407 0)
(0.48975 0.000523669 0)
(0.489715 0.000382704 0)
(0.489688 0.000267999 0)
(0.489669 0.000176301 0)
(0.489655 0.000104423 0)
(0.489647 4.93403e-05 0)
(0.489642 8.2653e-06 0)
(0.489639 -2.13195e-05 0)
(0.489639 -4.16381e-05 0)
(0.489641 -5.46233e-05 0)
(0.489643 -6.19229e-05 0)
(0.489646 -6.49214e-05 0)
(0.489649 -6.47607e-05 0)
(0.489652 -6.23689e-05 0)
(0.489656 -5.84846e-05 0)
(0.489659 -5.36868e-05 0)
(0.489662 -4.84163e-05 0)
(0.489664 -4.30032e-05 0)
(0.489667 -3.76832e-05 0)
(0.489669 -3.262e-05 0)
(0.48967 -2.79172e-05 0)
(0.489672 -2.36353e-05 0)
(0.489673 -1.97988e-05 0)
(0.489674 -1.64092e-05 0)
(0.489675 -1.34481e-05 0)
(0.489676 -1.08871e-05 0)
(0.489676 -8.68764e-06 0)
(0.489676 -6.80874e-06 0)
(0.489676 -5.20514e-06 0)
(0.489677 -3.83273e-06 0)
(0.489677 -2.64564e-06 0)
(0.489677 -1.59998e-06 0)
(0.489677 -6.50594e-07 0)
(0.499723 0.000942497 0)
(0.499702 0.00073043 0)
(0.499686 0.000552043 0)
(0.499674 0.00040434 0)
(0.499665 0.000284036 0)
(0.499658 0.000187761 0)
(0.499653 0.0001122 0)
(0.49965 5.42113e-05 0)
(0.499648 1.08881e-05 0)
(0.499647 -2.03917e-05 0)
(0.499647 -4.19521e-05 0)
(0.499647 -5.58092e-05 0)
(0.499648 -6.36885e-05 0)
(0.499649 -6.70362e-05 0)
(0.49965 -6.70506e-05 0)
(0.499651 -6.47024e-05 0)
(0.499652 -6.0769e-05 0)
(0.499653 -5.58563e-05 0)
(0.499654 -5.04308e-05 0)
(0.499655 -4.48377e-05 0)
(0.499656 -3.93288e-05 0)
(0.499657 -3.40751e-05 0)
(0.499657 -2.91898e-05 0)
(0.499658 -2.47355e-05 0)
(0.499658 -2.07424e-05 0)
(0.499658 -1.72112e-05 0)
(0.499658 -1.41272e-05 0)
(0.499658 -1.14595e-05 0)
(0.499658 -9.17266e-06 0)
(0.499658 -7.22326e-06 0)
(0.499658 -5.56924e-06 0)
(0.499658 -4.16516e-06 0)
(0.499658 -2.97019e-06 0)
(0.499658 -1.9418e-06 0)
(0.499658 -1.04362e-06 0)
(0.499615 0.000942524 0)
(0.499635 0.000730475 0)
(0.499651 0.000552094 0)
(0.499663 0.000404387 0)
(0.499672 0.000284074 0)
(0.499679 0.000187784 0)
(0.499683 0.000112208 0)
(0.499686 5.42031e-05 0)
(0.499688 1.08656e-05 0)
(0.499689 -2.04284e-05 0)
(0.499689 -4.19994e-05 0)
(0.499688 -5.58664e-05 0)
(0.499687 -6.3752e-05 0)
(0.499686 -6.71053e-05 0)
(0.499685 -6.71222e-05 0)
(0.499684 -6.4776e-05 0)
(0.499683 -6.0842e-05 0)
(0.499682 -5.59288e-05 0)
(0.499681 -5.05008e-05 0)
(0.49968 -4.49057e-05 0)
(0.499679 -3.93933e-05 0)
(0.499678 -3.41372e-05 0)
(0.499677 -2.92485e-05 0)
(0.499677 -2.47926e-05 0)
(0.499676 -2.07977e-05 0)
(0.499676 -1.72672e-05 0)
(0.499675 -1.41848e-05 0)
(0.499675 -1.15228e-05 0)
(0.499674 -9.24442e-06 0)
(0.499674 -7.31029e-06 0)
(0.499673 -5.67798e-06 0)
(0.499673 -4.30752e-06 0)
(0.499673 -3.15966e-06 0)
(0.499673 -2.20036e-06 0)
(0.499673 -1.39899e-06 0)
(0.489547 0.000896886 0)
(0.489606 0.000694191 0)
(0.489652 0.000523809 0)
(0.489687 0.000382832 0)
(0.489713 0.0002681 0)
(0.489733 0.00017636 0)
(0.489746 0.000104439 0)
(0.489754 4.93095e-05 0)
(0.489759 8.19367e-06 0)
(0.489761 -2.1431e-05 0)
(0.489762 -4.178e-05 0)
(0.48976 -5.47931e-05 0)
(0.489758 -6.21105e-05 0)
(0.489755 -6.51248e-05 0)
(0.489752 -6.49707e-05 0)
(0.489748 -6.25847e-05 0)
(0.489745 -5.86983e-05 0)
(0.489742 -5.38989e-05 0)
(0.489739 -4.86208e-05 0)
(0.489736 -4.3202e-05 0)
(0.489734 -3.78716e-05 0)
(0.489731 -3.28017e-05 0)
(0.489729 -2.8089e-05 0)
(0.489727 -2.38026e-05 0)
(0.489726 -1.99606e-05 0)
(0.489725 -1.65733e-05 0)
(0.489723 -1.36167e-05 0)
(0.489722 -1.10721e-05 0)
(0.489721 -8.89698e-06 0)
(0.489721 -7.06189e-06 0)
(0.48972 -5.52027e-06 0)
(0.489719 -4.24366e-06 0)
(0.489719 -3.1905e-06 0)
(0.489719 -2.34102e-06 0)
(0.489719 -1.66582e-06 0)
(0.469529 0.000809991 0)
(0.469621 0.000625252 0)
(0.469692 0.000470178 0)
(0.469746 0.000342098 0)
(0.469787 0.000238022 0)
(0.469816 0.00015499 0)
(0.469837 9.0021e-05 0)
(0.469849 4.03829e-05 0)
(0.469856 3.47137e-06 0)
(0.469859 -2.29737e-05 0)
(0.469859 -4.10329e-05 0)
(0.469857 -5.24265e-05 0)
(0.469853 -5.87036e-05 0)
(0.469848 -6.1081e-05 0)
(0.469842 -6.06432e-05 0)
(0.469837 -5.81887e-05 0)
(0.469832 -5.44327e-05 0)
(0.469826 -4.98549e-05 0)
(0.469822 -4.48986e-05 0)
(0.469817 -3.98168e-05 0)
(0.469813 -3.48656e-05 0)
(0.46981 -3.01476e-05 0)
(0.469806 -2.57985e-05 0)
(0.469804 -2.18284e-05 0)
(0.469801 -1.83014e-05 0)
(0.469799 -1.51754e-05 0)
(0.469797 -1.24765e-05 0)
(0.469796 -1.01375e-05 0)
(0.469795 -8.16808e-06 0)
(0.469794 -6.49236e-06 0)
(0.469793 -5.11771e-06 0)
(0.469792 -3.97009e-06 0)
(0.469791 -3.06396e-06 0)
(0.469791 -2.33558e-06 0)
(0.469791 -1.81507e-06 0)
(0.439564 0.000690277 0)
(0.439679 0.000530588 0)
(0.439769 0.0003969 0)
(0.439837 0.00028671 0)
(0.439887 0.000197456 0)
(0.439923 0.000126421 0)
(0.439947 7.10814e-05 0)
(0.439962 2.89408e-05 0)
(0.43997 -2.17854e-06 0)
(0.439972 -2.43454e-05 0)
(0.439971 -3.92718e-05 0)
(0.439967 -4.85477e-05 0)
(0.439961 -5.34178e-05 0)
(0.439955 -5.50296e-05 0)
(0.439947 -5.42215e-05 0)
(0.43994 -5.1776e-05 0)
(0.439933 -4.82106e-05 0)
(0.439926 -4.40301e-05 0)
(0.439919 -3.95173e-05 0)
(0.439914 -3.49803e-05 0)
(0.439908 -3.05415e-05 0)
(0.439904 -2.63785e-05 0)
(0.4399 -2.25117e-05 0)
(0.439896 -1.90385e-05 0)
(0.439893 -1.59193e-05 0)
(0.43989 -1.32068e-05 0)
(0.439888 -1.08301e-05 0)
(0.439886 -8.82054e-06 0)
(0.439885 -7.09411e-06 0)
(0.439883 -5.67584e-06 0)
(0.439882 -4.48016e-06 0)
(0.439881 -3.53579e-06 0)
(0.439881 -2.76392e-06 0)
(0.43988 -2.20609e-06 0)
(0.43988 -1.79902e-06 0)
(0.399648 0.000549312 0)
(0.399776 0.000419761 0)
(0.399874 0.000311655 0)
(0.399948 0.000222833 0)
(0.400002 0.000151165 0)
(0.40004 9.43511e-05 0)
(0.400065 5.03217e-05 0)
(0.40008 1.69839e-05 0)
(0.400087 -7.42649e-06 0)
(0.400089 -2.46379e-05 0)
(0.400086 -3.60208e-05 0)
(0.40008 -4.29027e-05 0)
(0.400073 -4.62654e-05 0)
(0.400064 -4.70695e-05 0)
(0.400055 -4.59632e-05 0)
(0.400046 -4.36055e-05 0)
(0.400037 -4.03832e-05 0)
(0.400029 -3.67275e-05 0)
(0.400022 -3.28355e-05 0)
(0.400015 -2.89772e-05 0)
(0.400009 -2.52216e-05 0)
(0.400003 -2.17321e-05 0)
(0.399999 -1.84971e-05 0)
(0.399995 -1.56147e-05 0)
(0.399991 -1.3027e-05 0)
(0.399988 -1.07957e-05 0)
(0.399986 -8.83908e-06 0)
(0.399983 -7.20218e-06 0)
(0.399982 -5.79346e-06 0)
(0.39998 -4.65398e-06 0)
(0.399979 -3.69088e-06 0)
(0.399978 -2.95017e-06 0)
(0.399977 -2.34491e-06 0)
(0.399976 -1.93448e-06 0)
(0.399976 -1.64738e-06 0)
(0.349773 0.000400682 0)
(0.3499 0.000303873 0)
(0.349997 0.000223254 0)
(0.35007 0.000157449 0)
(0.350122 0.000104453 0)
(0.350158 6.28176e-05 0)
(0.35018 3.06132e-05 0)
(0.350193 6.57297e-06 0)
(0.350198 -1.0984e-05 0)
(0.350197 -2.30349e-05 0)
(0.350192 -3.09494e-05 0)
(0.350184 -3.53956e-05 0)
(0.350175 -3.74405e-05 0)
(0.350165 -3.74743e-05 0)
(0.350155 -3.63049e-05 0)
(0.350145 -3.40984e-05 0)
(0.350135 -3.14596e-05 0)
(0.350127 -2.83882e-05 0)
(0.350118 -2.53407e-05 0)
(0.350111 -2.22024e-05 0)
(0.350105 -1.93279e-05 0)
(0.350099 -1.65296e-05 0)
(0.350094 -1.40968e-05 0)
(0.35009 -1.17995e-05 0)
(0.350086 -9.88863e-06 0)
(0.350083 -8.11121e-06 0)
(0.35008 -6.69938e-06 0)
(0.350078 -5.38877e-06 0)
(0.350076 -4.40612e-06 0)
(0.350075 -3.48186e-06 0)
(0.350073 -2.8465e-06 0)
(0.350072 -2.22983e-06 0)
(0.350072 -1.87294e-06 0)
(0.350071 -1.51238e-06 0)
(0.35007 -1.40635e-06 0)
(0.289924 0.000258795 0)
(0.290038 0.000194167 0)
(0.290125 0.000140783 0)
(0.290188 9.72663e-05 0)
(0.290233 6.25984e-05 0)
(0.290262 3.53835e-05 0)
(0.29028 1.46765e-05 0)
(0.290289 -7.77383e-07 0)
(0.29029 -1.17408e-05 0)
(0.290287 -1.9259e-05 0)
(0.29028 -2.38777e-05 0)
(0.290272 -2.64236e-05 0)
(0.290262 -2.72366e-05 0)
(0.290251 -2.69486e-05 0)
(0.29024 -2.57266e-05 0)
(0.29023 -2.40454e-05 0)
(0.29022 -2.19397e-05 0)
(0.290211 -1.97669e-05 0)
(0.290203 -1.74679e-05 0)
(0.290196 -1.53176e-05 0)
(0.29019 -1.31954e-05 0)
(0.290184 -1.13223e-05 0)
(0.290179 -9.54026e-06 0)
(0.290175 -8.03789e-06 0)
(0.290172 -6.63602e-06 0)
(0.290169 -5.5064e-06 0)
(0.290166 -4.45885e-06 0)
(0.290164 -3.65891e-06 0)
(0.290162 -2.91113e-06 0)
(0.290161 -2.3817e-06 0)
(0.29016 -1.87362e-06 0)
(0.290159 -1.55795e-06 0)
(0.290158 -1.24e-06 0)
(0.290157 -1.1006e-06 0)
(0.290157 -9.54487e-07 0)
(0.220086 0.000137223 0)
(0.220177 0.000101506 0)
(0.220244 7.218e-05 0)
(0.220293 4.84361e-05 0)
(0.220326 2.96655e-05 0)
(0.220346 1.50642e-05 0)
(0.220357 4.08107e-06 0)
(0.220361 -3.99666e-06 0)
(0.22036 -9.6072e-06 0)
(0.220354 -1.33375e-05 0)
(0.220347 -1.54979e-05 0)
(0.220338 -1.65476e-05 0)
(0.220328 -1.66781e-05 0)
(0.220317 -1.62367e-05 0)
(0.220308 -1.53168e-05 0)
(0.220298 -1.41761e-05 0)
(0.220289 -1.28342e-05 0)
(0.220281 -1.14821e-05 0)
(0.220274 -1.00879e-05 0)
(0.220268 -8.79624e-06 0)
(0.220262 -7.54239e-06 0)
(0.220257 -6.44014e-06 0)
(0.220253 -5.40585e-06 0)
(0.22025 -4.53467e-06 0)
(0.220247 -3.73277e-06 0)
(0.220244 -3.08562e-06 0)
(0.220242 -2.49435e-06 0)
(0.22024 -2.04107e-06 0)
(0.220239 -1.62444e-06 0)
(0.220238 -1.32752e-06 0)
(0.220237 -1.04775e-06 0)
(0.220236 -8.71973e-07 0)
(0.220235 -6.9743e-07 0)
(0.220234 -6.1818e-07 0)
(0.220234 -5.3581e-07 0)
(0.140244 4.80068e-05 0)
(0.140302 3.47456e-05 0)
(0.140344 2.38437e-05 0)
(0.140374 1.52456e-05 0)
(0.140392 8.41106e-06 0)
(0.140403 3.30092e-06 0)
(0.140408 -5.92247e-07 0)
(0.140407 -3.26364e-06 0)
(0.140404 -5.1691e-06 0)
(0.140398 -6.25135e-06 0)
(0.140391 -6.91089e-06 0)
(0.140383 -7.04081e-06 0)
(0.140375 -6.99109e-06 0)
(0.140367 -6.61385e-06 0)
(0.14036 -6.21712e-06 0)
(0.140352 -5.62258e-06 0)
(0.140346 -5.10561e-06 0)
(0.14034 -4.46758e-06 0)
(0.140335 -3.95965e-06 0)
(0.14033 -3.37123e-06 0)
(0.140326 -2.93629e-06 0)
(0.140323 -2.43847e-06 0)
(0.14032 -2.1002e-06 0)
(0.140317 -1.70265e-06 0)
(0.140315 -1.46171e-06 0)
(0.140313 -1.15695e-06 0)
(0.140312 -1.00238e-06 0)
(0.140311 -7.7506e-07 0)
(0.14031 -6.90726e-07 0)
(0.140309 -5.23245e-07 0)
(0.140308 -4.92993e-07 0)
(0.140308 -3.70186e-07 0)
(0.140307 -3.78561e-07 0)
(0.140307 -2.84031e-07 0)
(0.140307 -3.16536e-07 0)
(0.0503777 3.88517e-06 0)
(0.0503977 2.59412e-06 0)
(0.0504117 1.55494e-06 0)
(0.0504209 7.33534e-07 0)
(0.0504263 1.05714e-07 0)
(0.0504287 -3.62172e-07 0)
(0.050429 -6.91462e-07 0)
(0.0504276 -9.12204e-07 0)
(0.0504252 -1.04082e-06 0)
(0.0504221 -1.10242e-06 0)
(0.0504186 -1.10793e-06 0)
(0.0504149 -1.07737e-06 0)
(0.0504113 -1.01659e-06 0)
(0.0504078 -9.41078e-07 0)
(0.0504045 -8.52472e-07 0)
(0.0504014 -7.62653e-07 0)
(0.0503987 -6.70074e-07 0)
(0.0503962 -5.83947e-07 0)
(0.0503941 -5.00528e-07 0)
(0.0503922 -4.27185e-07 0)
(0.0503906 -3.58916e-07 0)
(0.0503892 -3.01417e-07 0)
(0.0503881 -2.49283e-07 0)
(0.0503871 -2.07288e-07 0)
(0.0503862 -1.69598e-07 0)
(0.0503855 -1.40568e-07 0)
(0.0503849 -1.13969e-07 0)
(0.0503844 -9.41644e-08 0)
(0.050384 -7.48709e-08 0)
(0.0503836 -6.03097e-08 0)
(0.0503833 -4.42087e-08 0)
(0.0503829 -3.08339e-08 0)
(0.0503827 -1.39975e-08 0)
(0.0503824 -1.94622e-09 0)
(0.0503822 6.7922e-09 0)
(0.0503687 -8.99778e-08 0)
(0.0503684 -1.13251e-07 0)
(0.0503681 -1.60835e-07 0)
(0.0503678 -2.0248e-07 0)
(0.0503675 -3.14427e-08 0)
(0.0503666 3.32675e-07 0)
(0.0503651 -3.33142e-07 0)
(0.0503652 -2.20611e-06 0)
(0.0503642 1.06647e-06 0)
(0.0503563 5.69106e-06 0)
(0.140268 2.43367e-07 0)
(0.140267 3.69208e-07 0)
(0.140267 4.71673e-07 0)
(0.140266 5.49953e-07 0)
(0.140265 7.16566e-07 0)
(0.140263 1.29657e-06 0)
(0.140261 1.81592e-06 0)
(0.140261 2.95899e-06 0)
(0.140257 5.12824e-06 0)
(0.140255 8.62994e-06 0)
(0.220173 4.12005e-07 0)
(0.220172 6.66404e-07 0)
(0.220171 9.75094e-07 0)
(0.22017 1.37563e-06 0)
(0.220169 2.02583e-06 0)
(0.220166 2.94445e-06 0)
(0.220163 3.6921e-06 0)
(0.220163 4.93919e-06 0)
(0.220161 8.43479e-06 0)
(0.220154 1.2521e-05 0)
(0.290078 7.47296e-07 0)
(0.290078 1.23371e-06 0)
(0.290077 1.82106e-06 0)
(0.290076 2.59787e-06 0)
(0.290075 3.64983e-06 0)
(0.290072 4.9435e-06 0)
(0.290069 6.36009e-06 0)
(0.290069 8.70383e-06 0)
(0.290067 1.22653e-05 0)
(0.290061 1.52244e-05 0)
(0.349982 9.77904e-07 0)
(0.349982 1.67073e-06 0)
(0.349981 2.50623e-06 0)
(0.34998 3.57949e-06 0)
(0.34998 4.95609e-06 0)
(0.349977 6.53871e-06 0)
(0.349974 8.27759e-06 0)
(0.349975 1.11419e-05 0)
(0.349975 1.48447e-05 0)
(0.349969 1.74564e-05 0)
(0.399887 1.03215e-06 0)
(0.399887 1.88788e-06 0)
(0.399886 2.89611e-06 0)
(0.399886 4.1586e-06 0)
(0.399886 5.72307e-06 0)
(0.399883 7.46894e-06 0)
(0.399881 9.35628e-06 0)
(0.399884 1.22937e-05 0)
(0.399885 1.57816e-05 0)
(0.39988 1.79782e-05 0)
(0.439799 9.22115e-07 0)
(0.439799 1.87117e-06 0)
(0.439799 2.95955e-06 0)
(0.439799 4.27986e-06 0)
(0.439799 5.86793e-06 0)
(0.439797 7.61653e-06 0)
(0.439796 9.48271e-06 0)
(0.4398 1.21718e-05 0)
(0.439802 1.52059e-05 0)
(0.439799 1.69204e-05 0)
(0.469726 6.50072e-07 0)
(0.469726 1.60798e-06 0)
(0.469726 2.66423e-06 0)
(0.469727 3.89635e-06 0)
(0.469727 5.32873e-06 0)
(0.469726 6.86468e-06 0)
(0.469726 8.46572e-06 0)
(0.469731 1.06916e-05 0)
(0.469734 1.30094e-05 0)
(0.469733 1.42268e-05 0)
(0.489677 2.43842e-07 0)
(0.489677 1.12595e-06 0)
(0.489678 2.04476e-06 0)
(0.489678 3.05335e-06 0)
(0.489679 4.16139e-06 0)
(0.489679 5.30733e-06 0)
(0.489679 6.46758e-06 0)
(0.489685 7.91692e-06 0)
(0.48969 9.3766e-06 0)
(0.48969 1.0038e-05 0)
(0.499658 -2.40736e-07 0)
(0.499659 4.94905e-07 0)
(0.499659 1.19462e-06 0)
(0.49966 1.88305e-06 0)
(0.499661 2.56056e-06 0)
(0.499661 3.18313e-06 0)
(0.499662 3.73094e-06 0)
(0.499668 4.33377e-06 0)
(0.499674 4.74105e-06 0)
(0.499674 4.82131e-06 0)
(0.499673 -7.33176e-07 0)
(0.499673 -1.86712e-07 0)
(0.499674 2.47697e-07 0)
(0.499675 5.6632e-07 0)
(0.499676 7.55764e-07 0)
(0.499676 8.15227e-07 0)
(0.499676 7.44507e-07 0)
(0.499683 3.72347e-07 0)
(0.499688 -2.50103e-07 0)
(0.499689 -7.70294e-07 0)
(0.489719 -1.16126e-06 0)
(0.489719 -8.1678e-07 0)
(0.489719 -6.54859e-07 0)
(0.48972 -6.96732e-07 0)
(0.489721 -9.71798e-07 0)
(0.489721 -1.44748e-06 0)
(0.489722 -2.12789e-06 0)
(0.489728 -3.34103e-06 0)
(0.489733 -4.96225e-06 0)
(0.489733 -6.02484e-06 0)
(0.469791 -1.45628e-06 0)
(0.469791 -1.31222e-06 0)
(0.469791 -1.37146e-06 0)
(0.469792 -1.73265e-06 0)
(0.469792 -2.38369e-06 0)
(0.469792 -3.29101e-06 0)
(0.469792 -4.40818e-06 0)
(0.469797 -6.35753e-06 0)
(0.469801 -8.77922e-06 0)
(0.4698 -1.03011e-05 0)
(0.43988 -1.60433e-06 0)
(0.43988 -1.58111e-06 0)
(0.439879 -1.83307e-06 0)
(0.43988 -2.37714e-06 0)
(0.43988 -3.29152e-06 0)
(0.439879 -4.43992e-06 0)
(0.439878 -5.84369e-06 0)
(0.439883 -8.24161e-06 0)
(0.439886 -1.12418e-05 0)
(0.439883 -1.31488e-05 0)
(0.399976 -1.5602e-06 0)
(0.399975 -1.62457e-06 0)
(0.399975 -1.9602e-06 0)
(0.399975 -2.58296e-06 0)
(0.399975 -3.59859e-06 0)
(0.399973 -4.81444e-06 0)
(0.399972 -6.26206e-06 0)
(0.399975 -8.83355e-06 0)
(0.399977 -1.22059e-05 0)
(0.399973 -1.44365e-05 0)
(0.35007 -1.30451e-06 0)
(0.350069 -1.4823e-06 0)
(0.350069 -1.74082e-06 0)
(0.350068 -2.41433e-06 0)
(0.350068 -3.30775e-06 0)
(0.350066 -4.50421e-06 0)
(0.350064 -5.77847e-06 0)
(0.350066 -8.29233e-06 0)
(0.350066 -1.1706e-05 0)
(0.350061 -1.42572e-05 0)
(0.290156 -9.92799e-07 0)
(0.290156 -1.04824e-06 0)
(0.290155 -1.3444e-06 0)
(0.290154 -1.78946e-06 0)
(0.290154 -2.59366e-06 0)
(0.290151 -3.5189e-06 0)
(0.290149 -4.50212e-06 0)
(0.29015 -6.46535e-06 0)
(0.290149 -9.75426e-06 0)
(0.290143 -1.24753e-05 0)
(0.220233 -5.52749e-07 0)
(0.220233 -5.80647e-07 0)
(0.220232 -7.40948e-07 0)
(0.220232 -9.86426e-07 0)
(0.220231 -1.4951e-06 0)
(0.220229 -2.10954e-06 0)
(0.220226 -2.54388e-06 0)
(0.220227 -3.47691e-06 0)
(0.220225 -6.55012e-06 0)
(0.220219 -1.02723e-05 0)
(0.140306 -2.58056e-07 0)
(0.140306 -3.52794e-07 0)
(0.140306 -3.63724e-07 0)
(0.140305 -4.51207e-07 0)
(0.140304 -5.0293e-07 0)
(0.140303 -9.30974e-07 0)
(0.140302 -1.28145e-06 0)
(0.140301 -2.16516e-06 0)
(0.140299 -3.70225e-06 0)
(0.140296 -6.88746e-06 0)
(0.0503819 7.07552e-09 0)
(0.0503817 2.50996e-08 0)
(0.0503814 7.53155e-08 0)
(0.0503812 1.28786e-07 0)
(0.0503811 -3.24632e-08 0)
(0.0503804 -4.39306e-07 0)
(0.0503791 2.032e-07 0)
(0.0503796 2.21706e-06 0)
(0.0503791 -8.53715e-07 0)
(0.0503721 -5.14163e-06 0)
)
;

boundaryField
{
    inlet
    {
        type            fixedProfile;
        profile         csvFile;
        profileCoeffs
        {
            nHeaderLine     0;
            refColumn       0;
            componentColumns 3(1 2 3);
            separator       ",";
            mergeSeparators 0;
            file            "0/Uprofile.csv";
        }
        direction       (0 1 0);
        origin          0;
        value           nonuniform List<vector> 10((0.19 0 0) (0.51 0 0) (0.75 0 0) (0.91 0 0) (0.99 0 0) (0.99 0 0) (0.91 0 0) (0.75 0 0) (0.51 0 0) (0.19 0 0));
    }
    outlet
    {
        type            zeroGradient;
    }
    upperWall
    {
        type            noSlip;
    }
    lowerWall
    {
        type            noSlip;
    }
    frontAndBack
    {
        type            empty;
    }
}


// ************************************************************************* //
