/*--------------------------------*- C++ -*----------------------------------*\
| =========                 |                                                 |
| \\      /  F ield         | OpenFOAM: The Open Source CFD Toolbox           |
|  \\    /   O peration     | Version:  2406                                  |
|   \\  /    A nd           | Website:  www.openfoam.com                      |
|    \\/     M anipulation  |                                                 |
\*---------------------------------------------------------------------------*/
FoamFile
{
    version     2.0;
    format      ascii;
    arch        "LSB;label=32;scalar=64";
    class       volVectorField;
    location    "56";
    object      U;
}
// * * * * * * * * * * * * * * * * * * * * * * * * * * * * * * * * * * * * * //

dimensions      [0 1 -1 0 0 0 0];

internalField   nonuniform List<vector> 
1900
(
(0.190606 -0.00244407 0)
(0.196372 -0.00325591 0)
(0.202035 -0.00254325 0)
(0.206943 -0.00205613 0)
(0.211806 -0.00198011 0)
(0.217144 -0.00216202 0)
(0.22334 -0.00262944 0)
(0.230857 -0.00358143 0)
(0.241281 -0.00601343 0)
(0.251463 -0.0211035 0)
(0.507047 -0.00326939 0)
(0.507796 -0.00662448 0)
(0.510508 -0.00755084 0)
(0.513887 -0.00794816 0)
(0.518425 -0.00864455 0)
(0.52438 -0.00981125 0)
(0.5318 -0.0116567 0)
(0.540827 -0.0146625 0)
(0.551883 -0.0195383 0)
(0.563002 -0.0292462 0)
(0.747802 -0.00236273 0)
(0.748259 -0.00585118 0)
(0.749517 -0.00815817 0)
(0.750762 -0.0101392 0)
(0.752939 -0.0123483 0)
(0.756465 -0.0150032 0)
(0.761217 -0.0183554 0)
(0.766982 -0.0228533 0)
(0.77346 -0.0290764 0)
(0.779569 -0.0380596 0)
(0.908157 -0.00193682 0)
(0.908575 -0.00541967 0)
(0.909302 -0.00840721 0)
(0.909423 -0.0112473 0)
(0.90987 -0.0143077 0)
(0.911114 -0.0178083 0)
(0.912988 -0.0219568 0)
(0.915184 -0.027025 0)
(0.917354 -0.0332577 0)
(0.918904 -0.0407782 0)
(0.988264 -0.00165618 0)
(0.988474 -0.00485196 0)
(0.988674 -0.00793617 0)
(0.987844 -0.0110675 0)
(0.986839 -0.014439 0)
(0.986128 -0.0182039 0)
(0.985525 -0.0225017 0)
(0.98471 -0.0274662 0)
(0.983388 -0.0331631 0)
(0.981197 -0.0395141 0)
(0.988226 -0.00127775 0)
(0.988139 -0.00387831 0)
(0.987727 -0.00667382 0)
(0.985939 -0.00970226 0)
(0.983616 -0.0129749 0)
(0.9812 -0.0165573 0)
(0.978491 -0.0205354 0)
(0.975176 -0.0249619 0)
(0.971016 -0.0298221 0)
(0.965781 -0.0349996 0)
(0.908045 -0.000685977 0)
(0.907589 -0.00238874 0)
(0.906517 -0.00464526 0)
(0.903822 -0.00727434 0)
(0.900386 -0.0101057 0)
(0.896601 -0.0131501 0)
(0.892236 -0.0164623 0)
(0.886991 -0.0200441 0)
(0.880675 -0.0238417 0)
(0.873132 -0.0277457 0)
(0.747625 0.000329424 0)
(0.746691 -0.000185857 0)
(0.745103 -0.00187338 0)
(0.7419 -0.00400014 0)
(0.73794 -0.00619541 0)
(0.733509 -0.00847891 0)
(0.728326 -0.0109022 0)
(0.722104 -0.0134369 0)
(0.714681 -0.0160179 0)
(0.705949 -0.0185643 0)
(0.506841 0.0019786 0)
(0.505891 0.0028826 0)
(0.50511 0.00149102 0)
(0.503074 -0.000396608 0)
(0.500226 -0.00211171 0)
(0.496666 -0.00368871 0)
(0.492141 -0.00519866 0)
(0.486458 -0.00662867 0)
(0.479544 -0.00795352 0)
(0.471384 -0.00915395 0)
(0.190413 0.00194061 0)
(0.194781 0.00209523 0)
(0.197623 0.000940144 0)
(0.198342 8.11394e-05 0)
(0.197714 -0.000402339 0)
(0.196144 -0.000744703 0)
(0.193693 -0.00102603 0)
(0.190405 -0.00124632 0)
(0.186364 -0.00141172 0)
(0.181655 -0.00153433 0)
(-6.69699e-05 5.24362e-05 0)
(-0.00144324 0.000429148 0)
(-0.00402065 0.000665899 0)
(-0.00721323 0.000743569 0)
(-0.0105419 0.000753563 0)
(-0.0138144 0.000741467 0)
(-0.0169721 0.000725255 0)
(-0.0200025 0.000710263 0)
(-0.0229054 0.000696735 0)
(-0.0256813 0.000683497 0)
(-0.0283277 0.000669427 0)
(-0.0308392 0.000653735 0)
(-0.0332078 0.000635771 0)
(-0.0354227 0.000614913 0)
(-0.0374712 0.000590512 0)
(-0.0393379 0.000561804 0)
(-0.0410052 0.000528019 0)
(-0.0424533 0.000488377 0)
(-0.043661 0.000442241 0)
(-0.0446058 0.000389013 0)
(-0.0452652 0.000328272 0)
(-0.045617 0.000259845 0)
(-0.0456401 0.000184099 0)
(-0.0453162 0.000101865 0)
(-0.0446314 1.39702e-05 0)
(-0.0435752 -7.85222e-05 0)
(-0.0421426 -0.000174306 0)
(-0.040334 -0.000271748 0)
(-0.0381563 -0.000369108 0)
(-0.0356227 -0.000464401 0)
(-0.0327531 -0.000555647 0)
(-0.0295733 -0.000640906 0)
(-0.026115 -0.000718268 0)
(-0.0224149 -0.000785986 0)
(-0.0185134 -0.000842835 0)
(-0.000591045 0.00153678 0)
(-0.00475967 0.00416513 0)
(-0.0111315 0.00573642 0)
(-0.0185567 0.00632897 0)
(-0.0261317 0.00638691 0)
(-0.0334792 0.00621736 0)
(-0.0404579 0.00597091 0)
(-0.0470214 0.00570557 0)
(-0.0531588 0.00543693 0)
(-0.0588681 0.00516504 0)
(-0.064147 0.00488588 0)
(-0.0689888 0.00459482 0)
(-0.0733822 0.00428733 0)
(-0.0773108 0.00395896 0)
(-0.0807534 0.00360528 0)
(-0.0836848 0.00322201 0)
(-0.0860761 0.00280524 0)
(-0.0878955 0.0023518 0)
(-0.0891105 0.00185947 0)
(-0.0896883 0.00132717 0)
(-0.0895981 0.000755505 0)
(-0.0888118 0.000147254 0)
(-0.0873087 -0.000493648 0)
(-0.0850729 -0.00116127 0)
(-0.0820956 -0.00184814 0)
(-0.0783772 -0.00254556 0)
(-0.0739276 -0.00324354 0)
(-0.0687673 -0.00393109 0)
(-0.0629271 -0.00459657 0)
(-0.0564482 -0.0052285 0)
(-0.0493815 -0.00581589 0)
(-0.0417867 -0.00634833 0)
(-0.0337309 -0.00681646 0)
(-0.0252874 -0.00721327 0)
(-0.0165342 -0.00753291 0)
(-0.00110184 0.00490273 0)
(-0.00777122 0.0110528 0)
(-0.0170202 0.0142882 0)
(-0.0272513 0.0153739 0)
(-0.0373394 0.0152947 0)
(-0.0468624 0.0146961 0)
(-0.0556651 0.0139056 0)
(-0.0636991 0.0130601 0)
(-0.070961 0.0122044 0)
(-0.0774615 0.0113457 0)
(-0.0832111 0.0104782 0)
(-0.0882154 0.0095924 0)
(-0.0924734 0.00867792 0)
(-0.0959771 0.00772456 0)
(-0.0987129 0.00672272 0)
(-0.100662 0.00566391 0)
(-0.101804 0.00454133 0)
(-0.102114 0.00335029 0)
(-0.101569 0.00208921 0)
(-0.10015 0.000759876 0)
(-0.0978396 -0.000632351 0)
(-0.0946306 -0.00207946 0)
(-0.0905197 -0.00356964 0)
(-0.0855125 -0.00508892 0)
(-0.0796235 -0.00662073 0)
(-0.0728774 -0.00814608 0)
(-0.0653086 -0.00964407 0)
(-0.0569618 -0.0110927 0)
(-0.0478916 -0.01247 0)
(-0.0381623 -0.0137547 0)
(-0.0278463 -0.0149269 0)
(-0.0170228 -0.0159689 0)
(-0.00577755 -0.0168657 0)
(0.0057989 -0.0176043 0)
(0.0176174 -0.0181764 0)
(-0.00151274 0.00984838 0)
(-0.0100121 0.0203608 0)
(-0.0209566 0.0251758 0)
(-0.032393 0.0263922 0)
(-0.0431237 0.0257584 0)
(-0.0527992 0.0243167 0)
(-0.0613292 0.022586 0)
(-0.068715 0.0207862 0)
(-0.0749937 0.0189922 0)
(-0.0802098 0.0172172 0)
(-0.0844025 0.0154516 0)
(-0.087602 0.0136788 0)
(-0.0898286 0.0118804 0)
(-0.0910939 0.0100392 0)
(-0.0914025 0.0081402 0)
(-0.0907542 0.00617104 0)
(-0.0891465 0.00412327 0)
(-0.0865764 0.0019926 0)
(-0.083042 -0.000218914 0)
(-0.0785512 -0.00250547 0)
(-0.0731139 -0.00485566 0)
(-0.0667445 -0.00725378 0)
(-0.0594661 -0.0096802 0)
(-0.0513099 -0.0121117 0)
(-0.0423159 -0.0145228 0)
(-0.0325325 -0.0168851 0)
(-0.0220165 -0.0191685 0)
(-0.010833 -0.0213419 0)
(0.000944117 -0.0233748 0)
(0.013235 -0.0252379 0)
(0.025957 -0.0269055 0)
(0.0390225 -0.0283551 0)
(0.0523409 -0.0295684 0)
(0.065821 -0.0305312 0)
(0.0793732 -0.0312354 0)
(-0.00185554 0.0158829 0)
(-0.011385 0.0309192 0)
(-0.0225167 0.0367237 0)
(-0.0332109 0.0373753 0)
(-0.0424473 0.0355858 0)
(-0.0500889 0.0328107 0)
(-0.0561894 0.0297372 0)
(-0.0608465 0.0266467 0)
(-0.0641638 0.023628 0)
(-0.0662328 0.0206897 0)
(-0.0671283 0.0178111 0)
(-0.0669087 0.0149633 0)
(-0.065618 0.0121175 0)
(-0.0632891 0.00924794 0)
(-0.0599475 0.00633406 0)
(-0.0556134 0.00336093 0)
(-0.0503056 0.000320684 0)
(-0.0440469 -0.00279028 0)
(-0.0368646 -0.00596698 0)
(-0.0287852 -0.00919759 0)
(-0.0198418 -0.0124659 0)
(-0.0100731 -0.0157504 0)
(0.000474581 -0.0190244 0)
(0.0117461 -0.0222573 0)
(0.0236817 -0.0254155 0)
(0.0362155 -0.0284628 0)
(0.0492751 -0.0313616 0)
(0.0627821 -0.0340746 0)
(0.0766536 -0.0365657 0)
(0.0908036 -0.0388018 0)
(0.105144 -0.0407541 0)
(0.119585 -0.0423982 0)
(0.13404 -0.0437153 0)
(0.148423 -0.044693 0)
(0.162652 -0.0453256 0)
(-0.002171 0.0226131 0)
(-0.0118551 0.0414328 0)
(-0.0212166 0.0469993 0)
(-0.0287263 0.0461043 0)
(-0.0339814 0.0424981 0)
(-0.0372355 0.0379576 0)
(-0.0387459 0.0332565 0)
(-0.0387237 0.0286854 0)
(-0.0373379 0.0243153 0)
(-0.0347182 0.0201299 0)
(-0.0309619 0.0160859 0)
(-0.0261441 0.0121358 0)
(-0.0203221 0.00823703 0)
(-0.0135412 0.00435383 0)
(-0.00584114 0.000459136 0)
(0.00274403 -0.00346549 0)
(0.0121713 -0.00742813 0)
(0.0224006 -0.0114271 0)
(0.0333904 -0.0154543 0)
(0.0450942 -0.0194947 0)
(0.0574603 -0.0235264 0)
(0.070432 -0.0275217 0)
(0.0839469 -0.0314483 0)
(0.0979366 -0.0352703 0)
(0.112328 -0.0389475 0)
(0.127042 -0.0424376 0)
(0.141998 -0.0456983 0)
(0.157111 -0.0486885 0)
(0.172296 -0.0513699 0)
(0.187468 -0.053708 0)
(0.202541 -0.055674 0)
(0.217434 -0.0572454 0)
(0.23207 -0.0584065 0)
(0.246375 -0.0591496 0)
(0.260284 -0.0594744 0)
(-0.00246667 0.029974 0)
(-0.0110041 0.0503334 0)
(-0.0157053 0.0534863 0)
(-0.0167663 0.0498843 0)
(-0.015091 0.0439772 0)
(-0.0114577 0.0375177 0)
(-0.00629607 0.0311976 0)
(0.000123196 0.025235 0)
(0.00761439 0.0196369 0)
(0.0160526 0.0143428 0)
(0.0253569 0.00927991 0)
(0.0354624 0.0043785 0)
(0.0463208 -0.000420396 0)
(0.0578956 -0.00516016 0)
(0.0701454 -0.00986966 0)
(0.0830235 -0.0145654 0)
(0.0964832 -0.0192541 0)
(0.110475 -0.0239311 0)
(0.124945 -0.0285841 0)
(0.139836 -0.0331936 0)
(0.155085 -0.0377329 0)
(0.170625 -0.0421693 0)
(0.186385 -0.046465 0)
(0.20229 -0.0505788 0)
(0.218261 -0.0544668 0)
(0.234217 -0.0580845 0)
(0.250077 -0.0613881 0)
(0.265761 -0.0643363 0)
(0.281189 -0.0668916 0)
(0.296287 -0.0690219 0)
(0.310982 -0.0707019 0)
(0.325209 -0.0719138 0)
(0.338908 -0.0726479 0)
(0.352029 -0.0729031 0)
(0.364527 -0.0726869 0)
(-0.00260894 0.0380375 0)
(-0.00656748 0.0549798 0)
(-0.00151834 0.0524674 0)
(0.0084385 0.0453171 0)
(0.0203837 0.0372583 0)
(0.0332735 0.0292892 0)
(0.0467906 0.0218208 0)
(0.0607825 0.014937 0)
(0.0751657 0.00855146 0)
(0.0898979 0.00254268 0)
(0.104986 -0.00318713 0)
(0.120424 -0.00871388 0)
(0.136193 -0.0140967 0)
(0.152262 -0.0193778 0)
(0.1686 -0.0245839 0)
(0.185171 -0.0297273 0)
(0.201933 -0.0348105 0)
(0.218838 -0.0398262 0)
(0.235833 -0.0447584 0)
(0.25286 -0.0495833 0)
(0.269856 -0.0542701 0)
(0.286755 -0.058782 0)
(0.303488 -0.0630783 0)
(0.319982 -0.067115 0)
(0.336165 -0.0708473 0)
(0.351967 -0.0742307 0)
(0.367316 -0.0772227 0)
(0.382147 -0.0797847 0)
(0.396398 -0.0818833 0)
(0.410015 -0.0834918 0)
(0.422948 -0.0845912 0)
(0.435158 -0.0851711 0)
(0.446612 -0.0852298 0)
(0.457288 -0.0847747 0)
(0.467171 -0.0838222 0)
(0.00200381 0.0394587 0)
(0.0119638 0.0473604 0)
(0.0350192 0.0380592 0)
(0.0610278 0.0284115 0)
(0.0856689 0.0196964 0)
(0.108787 0.0115548 0)
(0.130882 0.00401439 0)
(0.152227 -0.00290705 0)
(0.172975 -0.009328 0)
(0.193275 -0.0153839 0)
(0.213216 -0.0211751 0)
(0.232862 -0.0267679 0)
(0.25225 -0.032209 0)
(0.271395 -0.0375307 0)
(0.290301 -0.0427512 0)
(0.308954 -0.0478764 0)
(0.327331 -0.0529016 0)
(0.3454 -0.057813 0)
(0.363118 -0.0625888 0)
(0.380441 -0.0672002 0)
(0.397316 -0.0716122 0)
(0.413689 -0.0757854 0)
(0.429504 -0.0796772 0)
(0.444704 -0.0832434 0)
(0.459235 -0.0864403 0)
(0.473043 -0.089226 0)
(0.486083 -0.0915621 0)
(0.498312 -0.0934154 0)
(0.509696 -0.0947592 0)
(0.520208 -0.0955745 0)
(0.529832 -0.0958507 0)
(0.53856 -0.0955863 0)
(0.54639 -0.0947889 0)
(0.553335 -0.0934751 0)
(0.559413 -0.0916702 0)
(0.0524501 0.00908049 0)
(0.0886446 0.00896759 0)
(0.129783 0.00201438 0)
(0.169318 -0.0045564 0)
(0.203213 -0.0103143 0)
(0.2329 -0.0159826 0)
(0.260037 -0.0216401 0)
(0.285351 -0.0271585 0)
(0.309189 -0.0325016 0)
(0.331823 -0.0376983 0)
(0.353467 -0.0427764 0)
(0.37426 -0.0477525 0)
(0.394287 -0.052637 0)
(0.413598 -0.0574351 0)
(0.432223 -0.0621447 0)
(0.450171 -0.0667557 0)
(0.467435 -0.0712505 0)
(0.483998 -0.0756051 0)
(0.499836 -0.0797897 0)
(0.514915 -0.0837696 0)
(0.529202 -0.0875061 0)
(0.542659 -0.0909576 0)
(0.555249 -0.0940815 0)
(0.566937 -0.0968352 0)
(0.577692 -0.0991781 0)
(0.587488 -0.101073 0)
(0.596305 -0.102488 0)
(0.604132 -0.103398 0)
(0.610967 -0.103784 0)
(0.616815 -0.103635 0)
(0.621693 -0.102952 0)
(0.625626 -0.101741 0)
(0.628649 -0.10002 0)
(0.630805 -0.0978134 0)
(0.632143 -0.0951549 0)
(0.288054 -0.043182 0)
(0.30894 -0.0436166 0)
(0.333603 -0.0418666 0)
(0.362112 -0.041867 0)
(0.389377 -0.043226 0)
(0.41434 -0.0455611 0)
(0.437613 -0.0486144 0)
(0.45954 -0.0521124 0)
(0.480209 -0.0558508 0)
(0.499715 -0.0597165 0)
(0.518168 -0.0636481 0)
(0.535651 -0.0676039 0)
(0.552211 -0.0715515 0)
(0.567872 -0.0754632 0)
(0.582648 -0.0793125 0)
(0.596538 -0.0830715 0)
(0.609532 -0.0867095 0)
(0.621614 -0.0901926 0)
(0.632762 -0.0934844 0)
(0.642953 -0.0965457 0)
(0.652162 -0.0993361 0)
(0.660369 -0.101814 0)
(0.667553 -0.103939 0)
(0.6737 -0.105673 0)
(0.678804 -0.106981 0)
(0.682864 -0.107833 0)
(0.685889 -0.108204 0)
(0.687896 -0.108078 0)
(0.688915 -0.107446 0)
(0.688982 -0.106308 0)
(0.688145 -0.104672 0)
(0.68646 -0.102554 0)
(0.683991 -0.099981 0)
(0.680807 -0.0969836 0)
(0.676984 -0.0936013 0)
(0.57149 -0.0438546 0)
(0.575789 -0.0524654 0)
(0.582852 -0.056509 0)
(0.594217 -0.0593051 0)
(0.607394 -0.0618633 0)
(0.620823 -0.0643637 0)
(0.634159 -0.0669601 0)
(0.64724 -0.0697248 0)
(0.659851 -0.072632 0)
(0.67184 -0.0756315 0)
(0.683131 -0.0786833 0)
(0.69368 -0.0817546 0)
(0.703446 -0.0848135 0)
(0.712392 -0.0878285 0)
(0.720486 -0.0907677 0)
(0.727697 -0.0935987 0)
(0.733995 -0.0962878 0)
(0.739351 -0.0987996 0)
(0.743741 -0.101097 0)
(0.747144 -0.103143 0)
(0.749541 -0.104899 0)
(0.750924 -0.106328 0)
(0.751289 -0.107397 0)
(0.750641 -0.108074 0)
(0.748995 -0.108333 0)
(0.746376 -0.108153 0)
(0.742818 -0.107519 0)
(0.738367 -0.106426 0)
(0.733077 -0.104874 0)
(0.727014 -0.102872 0)
(0.72025 -0.100438 0)
(0.712865 -0.0975957 0)
(0.704945 -0.0943764 0)
(0.696579 -0.0908169 0)
(0.687857 -0.0869588 0)
(0.783429 -0.0486416 0)
(0.784764 -0.0566155 0)
(0.786011 -0.0617407 0)
(0.78871 -0.0656348 0)
(0.792475 -0.0690546 0)
(0.796625 -0.07213 0)
(0.800883 -0.0749666 0)
(0.805109 -0.0776802 0)
(0.809123 -0.0803227 0)
(0.812754 -0.0829015 0)
(0.81588 -0.0854132 0)
(0.818413 -0.0878512 0)
(0.820281 -0.090203 0)
(0.821424 -0.0924502 0)
(0.821789 -0.0945705 0)
(0.821333 -0.096539 0)
(0.820022 -0.0983282 0)
(0.817828 -0.0999094 0)
(0.81473 -0.101252 0)
(0.810716 -0.102326 0)
(0.805784 -0.103101 0)
(0.79994 -0.10355 0)
(0.793202 -0.103648 0)
(0.785598 -0.103375 0)
(0.777165 -0.102714 0)
(0.767953 -0.101655 0)
(0.758022 -0.100196 0)
(0.747441 -0.0983404 0)
(0.736288 -0.096098 0)
(0.72465 -0.0934862 0)
(0.712616 -0.0905287 0)
(0.700282 -0.0872547 0)
(0.687745 -0.0836984 0)
(0.675102 -0.0798978 0)
(0.662447 -0.0758936 0)
(0.918966 -0.048887 0)
(0.917284 -0.0559531 0)
(0.914771 -0.0613871 0)
(0.912365 -0.0657043 0)
(0.910182 -0.0693787 0)
(0.907955 -0.0725718 0)
(0.905517 -0.0753747 0)
(0.902792 -0.0778911 0)
(0.899693 -0.0801966 0)
(0.896116 -0.082328 0)
(0.891975 -0.084302 0)
(0.887208 -0.0861259 0)
(0.881766 -0.0877993 0)
(0.875608 -0.0893147 0)
(0.868699 -0.0906596 0)
(0.861016 -0.0918179 0)
(0.852543 -0.0927711 0)
(0.843272 -0.093499 0)
(0.833205 -0.0939808 0)
(0.822356 -0.0941958 0)
(0.810746 -0.0941246 0)
(0.798409 -0.0937504 0)
(0.785387 -0.0930595 0)
(0.771735 -0.0920424 0)
(0.757516 -0.0906944 0)
(0.742802 -0.0890161 0)
(0.727677 -0.0870135 0)
(0.712226 -0.0846983 0)
(0.696544 -0.0820876 0)
(0.680727 -0.0792035 0)
(0.664875 -0.0760725 0)
(0.649084 -0.0727249 0)
(0.633451 -0.0691935 0)
(0.618067 -0.0655134 0)
(0.603018 -0.0617204 0)
(0.977707 -0.046108 0)
(0.972768 -0.052156 0)
(0.966767 -0.0571532 0)
(0.960218 -0.0611952 0)
(0.953306 -0.0645578 0)
(0.945963 -0.0673992 0)
(0.938113 -0.0698042 0)
(0.929726 -0.071856 0)
(0.920772 -0.0736283 0)
(0.911205 -0.0751686 0)
(0.900987 -0.0765033 0)
(0.890094 -0.0776479 0)
(0.87851 -0.0786101 0)
(0.866227 -0.0793912 0)
(0.853246 -0.0799876 0)
(0.839573 -0.0803919 0)
(0.825223 -0.0805947 0)
(0.810222 -0.0805849 0)
(0.794603 -0.0803512 0)
(0.778407 -0.0798829 0)
(0.761686 -0.0791708 0)
(0.7445 -0.078208 0)
(0.726917 -0.0769906 0)
(0.709013 -0.0755184 0)
(0.690869 -0.0737951 0)
(0.672574 -0.0718283 0)
(0.654219 -0.0696299 0)
(0.635899 -0.0672154 0)
(0.617709 -0.0646043 0)
(0.599742 -0.0618188 0)
(0.58209 -0.0588838 0)
(0.564839 -0.0558259 0)
(0.54807 -0.0526729 0)
(0.531856 -0.0494528 0)
(0.516262 -0.0461933 0)
(0.959236 -0.0402184 0)
(0.951296 -0.0450437 0)
(0.942136 -0.0491407 0)
(0.932048 -0.0524771 0)
(0.921209 -0.055189 0)
(0.909658 -0.0573947 0)
(0.897399 -0.0591695 0)
(0.88445 -0.0605819 0)
(0.870829 -0.061697 0)
(0.856548 -0.0625648 0)
(0.841617 -0.0632184 0)
(0.826053 -0.06368 0)
(0.809881 -0.0639646 0)
(0.793129 -0.0640814 0)
(0.775833 -0.0640348 0)
(0.758031 -0.0638255 0)
(0.73977 -0.0634518 0)
(0.721102 -0.0629104 0)
(0.702086 -0.062198 0)
(0.682786 -0.0613116 0)
(0.663272 -0.0602492 0)
(0.643619 -0.059011 0)
(0.623906 -0.0575992 0)
(0.604215 -0.0560188 0)
(0.584631 -0.054277 0)
(0.565239 -0.0523842 0)
(0.546124 -0.0503529 0)
(0.527369 -0.0481981 0)
(0.509055 -0.0459364 0)
(0.491257 -0.0435862 0)
(0.474044 -0.0411668 0)
(0.457479 -0.0386979 0)
(0.441616 -0.0361991 0)
(0.426501 -0.0336897 0)
(0.412171 -0.0311878 0)
(0.864221 -0.0315714 0)
(0.853896 -0.0350683 0)
(0.84226 -0.0380288 0)
(0.829505 -0.0403959 0)
(0.815803 -0.0422323 0)
(0.80126 -0.0436234 0)
(0.785949 -0.0446376 0)
(0.769945 -0.0453356 0)
(0.753318 -0.0457749 0)
(0.736133 -0.0460037 0)
(0.718449 -0.0460572 0)
(0.700322 -0.0459611 0)
(0.681811 -0.0457338 0)
(0.662973 -0.0453885 0)
(0.643865 -0.0449335 0)
(0.624546 -0.0443734 0)
(0.605078 -0.0437104 0)
(0.585522 -0.0429453 0)
(0.565942 -0.0420784 0)
(0.546405 -0.0411101 0)
(0.526979 -0.0400418 0)
(0.507733 -0.0388759 0)
(0.488735 -0.0376165 0)
(0.470056 -0.0362687 0)
(0.451762 -0.0348397 0)
(0.433919 -0.0333377 0)
(0.416589 -0.0317724 0)
(0.39983 -0.0301542 0)
(0.383696 -0.0284947 0)
(0.368232 -0.0268057 0)
(0.35348 -0.0250993 0)
(0.339473 -0.0233873 0)
(0.326237 -0.0216811 0)
(0.31379 -0.0199914 0)
(0.302143 -0.018328 0)
(0.695832 -0.0209658 0)
(0.68433 -0.0230852 0)
(0.671547 -0.0248075 0)
(0.657663 -0.0260971 0)
(0.642869 -0.0269945 0)
(0.627325 -0.0275673 0)
(0.611167 -0.0278764 0)
(0.594519 -0.027974 0)
(0.577492 -0.0279066 0)
(0.560182 -0.0277133 0)
(0.542671 -0.0274231 0)
(0.525033 -0.0270567 0)
(0.507329 -0.0266286 0)
(0.48962 -0.0261483 0)
(0.471958 -0.025622 0)
(0.454394 -0.0250525 0)
(0.436977 -0.0244412 0)
(0.419755 -0.0237883 0)
(0.402775 -0.023094 0)
(0.386084 -0.0223588 0)
(0.369728 -0.0215838 0)
(0.353754 -0.0207709 0)
(0.338205 -0.0199225 0)
(0.323124 -0.0190421 0)
(0.308552 -0.0181338 0)
(0.294525 -0.0172023 0)
(0.281077 -0.0162528 0)
(0.268237 -0.0152907 0)
(0.25603 -0.0143221 0)
(0.244475 -0.0133525 0)
(0.233588 -0.0123879 0)
(0.223377 -0.0114335 0)
(0.213847 -0.0104944 0)
(0.204997 -0.00957509 0)
(0.196822 -0.00867953 0)
(0.462001 -0.0101979 0)
(0.451475 -0.011038 0)
(0.439958 -0.0116369 0)
(0.427653 -0.0119959 0)
(0.41477 -0.0121542 0)
(0.40149 -0.0121625 0)
(0.38796 -0.0120631 0)
(0.374301 -0.0118874 0)
(0.36061 -0.0116599 0)
(0.346965 -0.0113994 0)
(0.333422 -0.0111186 0)
(0.320026 -0.010825 0)
(0.306812 -0.0105227 0)
(0.293811 -0.010214 0)
(0.281047 -0.00989914 0)
(0.268543 -0.00957794 0)
(0.256321 -0.00924956 0)
(0.244402 -0.00891334 0)
(0.232807 -0.00856882 0)
(0.221558 -0.00821596 0)
(0.210673 -0.00785498 0)
(0.200174 -0.00748655 0)
(0.190079 -0.00711154 0)
(0.180405 -0.00673125 0)
(0.171167 -0.00634711 0)
(0.162379 -0.00596085 0)
(0.154052 -0.00557424 0)
(0.146194 -0.00518924 0)
(0.138809 -0.00480771 0)
(0.131901 -0.00443154 0)
(0.125469 -0.00406239 0)
(0.11951 -0.00370186 0)
(0.114018 -0.00335121 0)
(0.108984 -0.00301165 0)
(0.104399 -0.00268399 0)
(0.176366 -0.00161615 0)
(0.170599 -0.00165143 0)
(0.16448 -0.00163908 0)
(0.15815 -0.00158999 0)
(0.151729 -0.00152173 0)
(0.145311 -0.00144816 0)
(0.138956 -0.0013753 0)
(0.132706 -0.00130468 0)
(0.12659 -0.00123692 0)
(0.120625 -0.00117261 0)
(0.11482 -0.00111201 0)
(0.109182 -0.00105504 0)
(0.103714 -0.00100138 0)
(0.0984154 -0.000950494 0)
(0.0932895 -0.000901634 0)
(0.0883373 -0.000854036 0)
(0.0835609 -0.000807118 0)
(0.078963 -0.000760563 0)
(0.0745464 -0.000714296 0)
(0.0703146 -0.000668393 0)
(0.0662707 -0.000623008 0)
(0.0624179 -0.00057829 0)
(0.0587587 -0.000534377 0)
(0.0552954 -0.000491362 0)
(0.0520294 -0.000449342 0)
(0.0489614 -0.000408392 0)
(0.0460915 -0.000368627 0)
(0.0434185 -0.000330151 0)
(0.0409406 -0.0002931 0)
(0.0386551 -0.000257578 0)
(0.0365585 -0.000223691 0)
(0.0346464 -0.000191481 0)
(0.0329138 -0.000160988 0)
(0.0313551 -0.000132183 0)
(0.0299645 -0.000105044 0)
(-0.0144539 -0.000887755 0)
(-0.0102815 -0.000920131 0)
(-0.00604163 -0.000939535 0)
(-0.00178008 -0.000945726 0)
(0.00245999 -0.000938607 0)
(0.00663956 -0.000919427 0)
(0.0107218 -0.000890467 0)
(0.0146733 -0.0008533 0)
(0.0184659 -0.000809414 0)
(0.0220765 -0.00076033 0)
(-0.00755299 -0.00777101 0)
(0.00157274 -0.00792605 0)
(0.0107633 -0.00799846 0)
(0.0199418 -0.00799115 0)
(0.0290328 -0.00790763 0)
(0.0379663 -0.00775358 0)
(0.0466791 -0.00753694 0)
(0.0551148 -0.00726572 0)
(0.0632247 -0.00694833 0)
(0.070968 -0.00659347 0)
(0.0295881 -0.0185785 0)
(0.0416193 -0.0188094 0)
(0.0536242 -0.018872 0)
(0.0655196 -0.0187734 0)
(0.0772269 -0.0185234 0)
(0.0886743 -0.0181336 0)
(0.099797 -0.0176181 0)
(0.110538 -0.0169924 0)
(0.120849 -0.0162729 0)
(0.13069 -0.0154768 0)
(0.0929091 -0.0316787 0)
(0.106344 -0.031863 0)
(0.119598 -0.0317952 0)
(0.132596 -0.0314875 0)
(0.145273 -0.0309558 0)
(0.157567 -0.0302192 0)
(0.169426 -0.0292996 0)
(0.180806 -0.0282204 0)
(0.19167 -0.0270063 0)
(0.201988 -0.0256825 0)
(0.176649 -0.0456145 0)
(0.190345 -0.0455671 0)
(0.203673 -0.045197 0)
(0.216577 -0.044523 0)
(0.229006 -0.0435687 0)
(0.240919 -0.0423611 0)
(0.252283 -0.0409299 0)
(0.26307 -0.0393065 0)
(0.273263 -0.0375234 0)
(0.28285 -0.0356129 0)
(0.273736 -0.0593885 0)
(0.28668 -0.0589067 0)
(0.299071 -0.0580503 0)
(0.310874 -0.056846 0)
(0.322061 -0.0553256 0)
(0.332612 -0.0535241 0)
(0.342516 -0.051479 0)
(0.351766 -0.0492294 0)
(0.360366 -0.0468144 0)
(0.368323 -0.0442729 0)
(0.376368 -0.0720148 0)
(0.387523 -0.07091 0)
(0.397975 -0.0694021 0)
(0.407715 -0.0675264 0)
(0.416738 -0.0653226 0)
(0.425052 -0.0628334 0)
(0.432666 -0.0601032 0)
(0.439599 -0.0571776 0)
(0.445872 -0.0541011 0)
(0.451511 -0.0509175 0)
(0.476255 -0.0823967 0)
(0.484545 -0.0805298 0)
(0.49205 -0.0782595 0)
(0.498789 -0.0756288 0)
(0.504787 -0.0726841 0)
(0.510074 -0.0694744 0)
(0.514683 -0.0660494 0)
(0.518653 -0.0624588 0)
(0.522024 -0.0587509 0)
(0.524837 -0.0549717 0)
(0.56465 -0.089407 0)
(0.569081 -0.0867248 0)
(0.572745 -0.0836684 0)
(0.575689 -0.0802867 0)
(0.577961 -0.0766309 0)
(0.579612 -0.0727535 0)
(0.580698 -0.0687071 0)
(0.58127 -0.0645427 0)
(0.581383 -0.0603093 0)
(0.581089 -0.0560525 0)
(0.63272 -0.092084 0)
(0.632597 -0.0886457 0)
(0.63184 -0.0848891 0)
(0.630514 -0.0808662 0)
(0.628688 -0.0766301 0)
(0.626428 -0.0722338 0)
(0.623799 -0.0677291 0)
(0.620865 -0.0631656 0)
(0.617684 -0.0585897 0)
(0.614309 -0.054044 0)
(0.672601 -0.0898778 0)
(0.667738 -0.0858611 0)
(0.662476 -0.0816016 0)
(0.656895 -0.0771509 0)
(0.65107 -0.0725604 0)
(0.645074 -0.0678803 0)
(0.638976 -0.0631586 0)
(0.632836 -0.0584399 0)
(0.62671 -0.0537653 0)
(0.620647 -0.0491715 0)
(0.67887 -0.0828472 0)
(0.669707 -0.0785292 0)
(0.660455 -0.0740529 0)
(0.651193 -0.069466 0)
(0.641996 -0.064815 0)
(0.632933 -0.0601437 0)
(0.624061 -0.0554934 0)
(0.615434 -0.0509012 0)
(0.607094 -0.0464005 0)
(0.599077 -0.0420205 0)
(0.649872 -0.071728 0)
(0.637461 -0.0674438 0)
(0.625294 -0.0630831 0)
(0.61344 -0.0586865 0)
(0.601963 -0.0542923 0)
(0.590914 -0.0499359 0)
(0.580337 -0.0456493 0)
(0.570265 -0.0414608 0)
(0.560724 -0.0373948 0)
(0.551729 -0.0334721 0)
(0.588383 -0.0578502 0)
(0.57423 -0.0539378 0)
(0.560622 -0.0500165 0)
(0.547608 -0.0461174 0)
(0.53523 -0.0422688 0)
(0.523518 -0.0384962 0)
(0.512495 -0.0348218 0)
(0.502171 -0.0312647 0)
(0.492552 -0.0278405 0)
(0.483633 -0.024562 0)
(0.501342 -0.0429211 0)
(0.487144 -0.0396612 0)
(0.473701 -0.0364367 0)
(0.461041 -0.0332685 0)
(0.449181 -0.030175 0)
(0.438126 -0.027172 0)
(0.427877 -0.0242728 0)
(0.418426 -0.0214882 0)
(0.409758 -0.0188268 0)
(0.401852 -0.016295 0)
(0.398654 -0.0287104 0)
(0.38597 -0.0262727 0)
(0.374128 -0.0238885 0)
(0.363132 -0.0215693 0)
(0.352976 -0.0193253 0)
(0.343649 -0.0171645 0)
(0.335133 -0.0150934 0)
(0.327405 -0.013117 0)
(0.32044 -0.0112389 0)
(0.314205 -0.00946127 0)
(0.291302 -0.0166995 0)
(0.281264 -0.0151136 0)
(0.27202 -0.0135766 0)
(0.263558 -0.0120938 0)
(0.255858 -0.0106695 0)
(0.2489 -0.00930678 0)
(0.242656 -0.00800798 0)
(0.237099 -0.00677465 0)
(0.232198 -0.00560761 0)
(0.227921 -0.00450716 0)
(0.189313 -0.00781096 0)
(0.182456 -0.00697217 0)
(0.176235 -0.00616524 0)
(0.17063 -0.00539186 0)
(0.16562 -0.00465311 0)
(0.161182 -0.0039498 0)
(0.15729 -0.00328226 0)
(0.15392 -0.00265063 0)
(0.151044 -0.00205472 0)
(0.148636 -0.00149424 0)
(0.10025 -0.002369 0)
(0.0965232 -0.00206711 0)
(0.0932042 -0.00177869 0)
(0.0902768 -0.00150386 0)
(0.0877243 -0.00124269 0)
(0.0855297 -0.000995082 0)
(0.0836754 -0.000760938 0)
(0.0821439 -0.000540009 0)
(0.0809174 -0.00033212 0)
(0.0799786 -0.000136971 0)
(0.0287354 -7.94986e-05 0)
(0.0276613 -5.54943e-05 0)
(0.0267356 -3.29404e-05 0)
(0.0259512 -1.17825e-05 0)
(0.0253014 8.07157e-06 0)
(0.0247793 2.6669e-05 0)
(0.0243782 4.40923e-05 0)
(0.0240915 6.03774e-05 0)
(0.0239125 7.55904e-05 0)
(0.0238349 8.97483e-05 0)
(0.0254868 -0.000707556 0)
(0.0286833 -0.0006525 0)
(0.0316572 -0.000596465 0)
(0.0344039 -0.000540588 0)
(0.0369227 -0.000485858 0)
(0.0392164 -0.000433074 0)
(0.0412906 -0.000382882 0)
(0.0431535 -0.000335749 0)
(0.0448149 -0.000292007 0)
(0.0462863 -0.000251843 0)
(0.0475802 -0.00021534 0)
(0.0487097 -0.000182478 0)
(0.0496881 -0.000153169 0)
(0.0505289 -0.000127256 0)
(0.0512452 -0.000104551 0)
(0.0518497 -8.48222e-05 0)
(0.0523547 -6.78346e-05 0)
(0.0527715 -5.33335e-05 0)
(0.053111 -4.10742e-05 0)
(0.053383 -3.08092e-05 0)
(0.0535967 -2.23095e-05 0)
(0.0537603 -1.53514e-05 0)
(0.0538813 -9.73345e-06 0)
(0.0539665 -5.26304e-06 0)
(0.0540216 -1.77026e-06 0)
(0.0540521 8.98091e-07 0)
(0.0540624 2.87054e-06 0)
(0.0540566 4.26082e-06 0)
(0.0540381 5.17136e-06 0)
(0.0540098 5.70406e-06 0)
(0.0539742 5.94549e-06 0)
(0.0539334 5.97144e-06 0)
(0.053889 5.84585e-06 0)
(0.0538423 5.6252e-06 0)
(0.0537942 5.35922e-06 0)
(0.0783119 -0.00620981 0)
(0.0852315 -0.00580577 0)
(0.0917095 -0.00538927 0)
(0.0977358 -0.00496765 0)
(0.103307 -0.00454744 0)
(0.108425 -0.00413441 0)
(0.113098 -0.00373339 0)
(0.117339 -0.00334839 0)
(0.121163 -0.00298257 0)
(0.124589 -0.00263826 0)
(0.127639 -0.0023171 0)
(0.130336 -0.00202004 0)
(0.132704 -0.00174748 0)
(0.134768 -0.00149932 0)
(0.136553 -0.00127506 0)
(0.138084 -0.00107389 0)
(0.139384 -0.000894713 0)
(0.140478 -0.000736288 0)
(0.141386 -0.000597228 0)
(0.142131 -0.000476077 0)
(0.142731 -0.000371344 0)
(0.143204 -0.000281538 0)
(0.143567 -0.000205199 0)
(0.143836 -0.000140913 0)
(0.144024 -8.73342e-05 0)
(0.144143 -4.31803e-05 0)
(0.144205 -7.25799e-06 0)
(0.144219 2.14911e-05 0)
(0.144194 4.40452e-05 0)
(0.144137 6.13503e-05 0)
(0.144055 7.42752e-05 0)
(0.143954 8.36113e-05 0)
(0.143837 9.00725e-05 0)
(0.143709 9.43061e-05 0)
(0.143573 9.6896e-05 0)
(0.140027 -0.0146208 0)
(0.148837 -0.0137215 0)
(0.157103 -0.0127945 0)
(0.164816 -0.0118543 0)
(0.171972 -0.0109143 0)
(0.178577 -0.00998604 0)
(0.184637 -0.00907979 0)
(0.190168 -0.00820409 0)
(0.195185 -0.00736594 0)
(0.199711 -0.00657081 0)
(0.203768 -0.00582274 0)
(0.207382 -0.00512448 0)
(0.21058 -0.0044776 0)
(0.213391 -0.00388265 0)
(0.215842 -0.00333927 0)
(0.217961 -0.0028464 0)
(0.219778 -0.00240235 0)
(0.221319 -0.00200497 0)
(0.222611 -0.00165174 0)
(0.223679 -0.00133991 0)
(0.224547 -0.00106654 0)
(0.225238 -0.000828627 0)
(0.225772 -0.000623147 0)
(0.22617 -0.000447107 0)
(0.22645 -0.00029759 0)
(0.226628 -0.000171798 0)
(0.226718 -6.70759e-05 0)
(0.226735 1.90603e-05 0)
(0.226689 8.89418e-05 0)
(0.226593 0.00014477 0)
(0.226456 0.000188601 0)
(0.226284 0.000222338 0)
(0.226086 0.000247727 0)
(0.225867 0.00026637 0)
(0.225632 0.000279733 0)
(0.211741 -0.0242736 0)
(0.220912 -0.0228038 0)
(0.229496 -0.0212957 0)
(0.23749 -0.0197706 0)
(0.244899 -0.0182475 0)
(0.251731 -0.0167438 0)
(0.258 -0.0152741 0)
(0.263722 -0.0138513 0)
(0.268918 -0.0124858 0)
(0.273609 -0.0111859 0)
(0.277821 -0.00995787 0)
(0.281578 -0.00880622 0)
(0.284909 -0.00773371 0)
(0.28784 -0.00674162 0)
(0.2904 -0.0058299 0)
(0.292615 -0.00499742 0)
(0.294514 -0.00424209 0)
(0.296123 -0.00356108 0)
(0.297468 -0.00295096 0)
(0.298575 -0.00240785 0)
(0.299466 -0.00192755 0)
(0.300166 -0.00150569 0)
(0.300694 -0.00113775 0)
(0.301071 -0.000819242 0)
(0.301316 -0.000545701 0)
(0.301445 -0.000312792 0)
(0.301475 -0.00011637 0)
(0.30142 4.75154e-05 0)
(0.301292 0.000182668 0)
(0.301104 0.000292701 0)
(0.300866 0.000381007 0)
(0.300587 0.000450752 0)
(0.300274 0.000504876 0)
(0.299935 0.000546095 0)
(0.299576 0.00057692 0)
(0.291826 -0.0336067 0)
(0.300191 -0.0315351 0)
(0.307953 -0.0294266 0)
(0.315121 -0.0273075 0)
(0.321711 -0.0252014 0)
(0.327741 -0.0231293 0)
(0.333232 -0.0211093 0)
(0.338206 -0.0191567 0)
(0.342688 -0.0172843 0)
(0.346704 -0.0155018 0)
(0.350279 -0.0138169 0)
(0.353442 -0.0122348 0)
(0.356219 -0.0107588 0)
(0.358636 -0.00939029 0)
(0.36072 -0.0081291 0)
(0.362497 -0.00697374 0)
(0.363991 -0.00592157 0)
(0.365228 -0.00496902 0)
(0.366229 -0.00411178 0)
(0.367017 -0.00334496 0)
(0.367613 -0.00266327 0)
(0.368038 -0.00206114 0)
(0.368309 -0.00153284 0)
(0.368445 -0.0010726 0)
(0.368461 -0.000674663 0)
(0.368373 -0.000333449 0)
(0.368196 -4.35614e-05 0)
(0.367941 0.00020031 0)
(0.367621 0.000403286 0)
(0.367246 0.000570225 0)
(0.366825 0.00070571 0)
(0.366367 0.000814045 0)
(0.36588 0.000899257 0)
(0.365368 0.000965102 0)
(0.364839 0.00101507 0)
(0.375649 -0.041642 0)
(0.382363 -0.0389572 0)
(0.388484 -0.0362511 0)
(0.394036 -0.0335533 0)
(0.399046 -0.0308906 0)
(0.403542 -0.0282859 0)
(0.407552 -0.025759 0)
(0.411105 -0.0233264 0)
(0.414231 -0.0210014 0)
(0.416959 -0.0187941 0)
(0.419317 -0.0167119 0)
(0.421335 -0.01476 0)
(0.423037 -0.0129408 0)
(0.424451 -0.0112552 0)
(0.425602 -0.00970202 0)
(0.426511 -0.00827892 0)
(0.427203 -0.00698218 0)
(0.427697 -0.00580715 0)
(0.428014 -0.0047484 0)
(0.428171 -0.00379992 0)
(0.428187 -0.00295527 0)
(0.428077 -0.00220774 0)
(0.427856 -0.00155048 0)
(0.427538 -0.000976621 0)
(0.427135 -0.000479416 0)
(0.426661 -5.22198e-05 0)
(0.426125 0.000311581 0)
(0.425538 0.000618404 0)
(0.424908 0.000874382 0)
(0.424242 0.00108534 0)
(0.423549 0.00125679 0)
(0.422835 0.00139394 0)
(0.422105 0.00150169 0)
(0.421364 0.00158462 0)
(0.420615 0.00164702 0)
(0.456547 -0.0476679 0)
(0.461009 -0.0443908 0)
(0.464933 -0.0411213 0)
(0.468353 -0.0378909 0)
(0.471303 -0.0347271 0)
(0.473818 -0.0316537 0)
(0.475932 -0.0286903 0)
(0.477678 -0.025853 0)
(0.479088 -0.0231544 0)
(0.480193 -0.0206036 0)
(0.481022 -0.018207 0)
(0.481601 -0.015968 0)
(0.481957 -0.0138879 0)
(0.482112 -0.0119658 0)
(0.482089 -0.0101994 0)
(0.481908 -0.00858448 0)
(0.481588 -0.00711599 0)
(0.481145 -0.00578781 0)
(0.480597 -0.00459313 0)
(0.479956 -0.00352462 0)
(0.479236 -0.00257461 0)
(0.478449 -0.00173522 0)
(0.477605 -0.000998598 0)
(0.476715 -0.000356898 0)
(0.475788 0.00019771 0)
(0.47483 0.000672982 0)
(0.47385 0.00107645 0)
(0.472853 0.0014153 0)
(0.471845 0.00169642 0)
(0.470831 0.00192634 0)
(0.469815 0.00211128 0)
(0.468802 0.00225709 0)
(0.467794 0.00236932 0)
(0.466795 0.00245315 0)
(0.465806 0.00251344 0)
(0.527135 -0.0511641 0)
(0.528961 -0.0473675 0)
(0.530355 -0.0436174 0)
(0.531359 -0.0399448 0)
(0.532012 -0.0363765 0)
(0.53235 -0.0329349 0)
(0.532408 -0.0296383 0)
(0.53222 -0.0265011 0)
(0.531814 -0.0235336 0)
(0.53122 -0.0207433 0)
(0.530462 -0.0181342 0)
(0.529563 -0.0157079 0)
(0.528545 -0.0134636 0)
(0.527427 -0.0113985 0)
(0.526225 -0.00950828 0)
(0.524955 -0.00778707 0)
(0.52363 -0.00622808 0)
(0.522263 -0.00482367 0)
(0.520863 -0.00356558 0)
(0.519441 -0.00244516 0)
(0.518004 -0.00145361 0)
(0.516561 -0.000582021 0)
(0.515117 0.000178587 0)
(0.513677 0.000837112 0)
(0.512247 0.00140232 0)
(0.51083 0.00188272 0)
(0.509429 0.00228641 0)
(0.508048 0.00262116 0)
(0.50669 0.00289441 0)
(0.505355 0.00311322 0)
(0.504047 0.00328429 0)
(0.502765 0.00341394 0)
(0.501512 0.00350811 0)
(0.500288 0.0035724 0)
(0.499093 0.00361203 0)
(0.580436 -0.0518145 0)
(0.579473 -0.047633 0)
(0.578243 -0.0435412 0)
(0.576787 -0.0395679 0)
(0.575142 -0.0357371 0)
(0.573343 -0.0320685 0)
(0.571418 -0.0285773 0)
(0.569397 -0.0252749 0)
(0.567301 -0.0221692 0)
(0.565152 -0.0192646 0)
(0.562968 -0.0165628 0)
(0.560765 -0.0140628 0)
(0.558556 -0.0117618 0)
(0.556352 -0.00965485 0)
(0.554163 -0.00773573 0)
(0.551997 -0.00599701 0)
(0.54986 -0.00443033 0)
(0.547758 -0.00302669 0)
(0.545694 -0.00177671 0)
(0.543674 -0.000670651 0)
(0.541699 0.00030133 0)
(0.539771 0.00114903 0)
(0.537891 0.00188221 0)
(0.536061 0.00251047 0)
(0.534281 0.00304304 0)
(0.532551 0.00348879 0)
(0.530872 0.00385625 0)
(0.529244 0.00415359 0)
(0.527665 0.00438857 0)
(0.526135 0.00456857 0)
(0.524654 0.00470057 0)
(0.523221 0.00479112 0)
(0.521835 0.00484641 0)
(0.520494 0.00487221 0)
(0.519197 0.00487395 0)
(0.610792 -0.0495667 0)
(0.607176 -0.0451916 0)
(0.603501 -0.0409477 0)
(0.599802 -0.0368594 0)
(0.596109 -0.0329464 0)
(0.592446 -0.0292243 0)
(0.588834 -0.0257044 0)
(0.58529 -0.0223945 0)
(0.581828 -0.0192992 0)
(0.578457 -0.0164198 0)
(0.575185 -0.0137555 0)
(0.572017 -0.0113028 0)
(0.568957 -0.00905695 0)
(0.566006 -0.00701121 0)
(0.563164 -0.00515786 0)
(0.560431 -0.00348818 0)
(0.557804 -0.00199277 0)
(0.555282 -0.000661615 0)
(0.552861 0.000515438 0)
(0.550539 0.00154859 0)
(0.548311 0.00244813 0)
(0.546175 0.00322434 0)
(0.544127 0.00388721 0)
(0.542163 0.0044464 0)
(0.540281 0.00491128 0)
(0.538477 0.0052909 0)
(0.536748 0.00559391 0)
(0.535091 0.00582856 0)
(0.533502 0.00600269 0)
(0.531978 0.0061237 0)
(0.530517 0.0061986 0)
(0.529116 0.00623396 0)
(0.527773 0.00623596 0)
(0.526484 0.0062104 0)
(0.525248 0.00616269 0)
(0.614688 -0.0446908 0)
(0.608869 -0.0403511 0)
(0.603217 -0.0361753 0)
(0.597756 -0.0321822 0)
(0.592503 -0.0283865 0)
(0.587469 -0.0247987 0)
(0.582662 -0.021426 0)
(0.578085 -0.0182723 0)
(0.573739 -0.0153388 0)
(0.569622 -0.0126242 0)
(0.565728 -0.0101252 0)
(0.56205 -0.00783651 0)
(0.558582 -0.00575162 0)
(0.555315 -0.00386275 0)
(0.552237 -0.00216113 0)
(0.54934 -0.000637189 0)
(0.546613 0.000718886 0)
(0.544046 0.00191701 0)
(0.54163 0.00296733 0)
(0.539355 0.00388014 0)
(0.537213 0.00466561 0)
(0.535194 0.0053337 0)
(0.53329 0.00589415 0)
(0.531495 0.00635644 0)
(0.5298 0.00672971 0)
(0.528198 0.00702273 0)
(0.526685 0.00724388 0)
(0.525253 0.00740115 0)
(0.523898 0.00750209 0)
(0.522614 0.00755386 0)
(0.521397 0.0075632 0)
(0.520243 0.00753645 0)
(0.519148 0.00747958 0)
(0.518108 0.00739818 0)
(0.517119 0.00729748 0)
(0.591409 -0.037786 0)
(0.58411 -0.0337175 0)
(0.577193 -0.0298316 0)
(0.570665 -0.0261408 0)
(0.564527 -0.0226545 0)
(0.558775 -0.0193784 0)
(0.553402 -0.0163157 0)
(0.548397 -0.013467 0)
(0.543748 -0.0108306 0)
(0.539437 -0.008403 0)
(0.53545 -0.00617922 0)
(0.531768 -0.00415288 0)
(0.528372 -0.00231643 0)
(0.525244 -0.000661344 0)
(0.522365 0.00082119 0)
(0.519718 0.00214014 0)
(0.517286 0.00330479 0)
(0.515053 0.00432472 0)
(0.513002 0.00520958 0)
(0.511119 0.00596902 0)
(0.509391 0.00661252 0)
(0.507803 0.0071494 0)
(0.506344 0.00758873 0)
(0.505002 0.00793928 0)
(0.503767 0.00820949 0)
(0.502631 0.00840746 0)
(0.501583 0.00854091 0)
(0.500616 0.00861721 0)
(0.499723 0.00864332 0)
(0.498898 0.00862585 0)
(0.498134 0.00857104 0)
(0.497426 0.00848475 0)
(0.49677 0.00837252 0)
(0.496162 0.00823955 0)
(0.495597 0.00809072 0)
(0.543289 -0.0297096 0)
(0.535406 -0.0261207 0)
(0.528075 -0.0227155 0)
(0.521285 -0.019501 0)
(0.515021 -0.0164817 0)
(0.509266 -0.0136596 0)
(0.503998 -0.0110345 0)
(0.499192 -0.00860454 0)
(0.494825 -0.00636627 0)
(0.49087 -0.00431492 0)
(0.487301 -0.00244453 0)
(0.484089 -0.00074809 0)
(0.481209 0.000781781 0)
(0.478635 0.0021526 0)
(0.476344 0.00337217 0)
(0.474312 0.00444874 0)
(0.472517 0.00539082 0)
(0.470936 0.00620709 0)
(0.469551 0.00690617 0)
(0.468342 0.00749658 0)
(0.467292 0.00798669 0)
(0.466384 0.00838467 0)
(0.465604 0.00869846 0)
(0.464938 0.00893574 0)
(0.464373 0.00910388 0)
(0.463899 0.00920999 0)
(0.463504 0.00926083 0)
(0.463181 0.00926287 0)
(0.462919 0.00922225 0)
(0.462713 0.0091448 0)
(0.462555 0.00903601 0)
(0.462439 0.00890112 0)
(0.462361 0.00874503 0)
(0.462315 0.0085724 0)
(0.462298 0.0083876 0)
(0.475404 -0.0214392 0)
(0.467849 -0.0184791 0)
(0.460947 -0.0156868 0)
(0.454673 -0.0130648 0)
(0.449 -0.0106142 0)
(0.443898 -0.00833419 0)
(0.439333 -0.00622275 0)
(0.435275 -0.00427669 0)
(0.431689 -0.00249165 0)
(0.428541 -0.000862362 0)
(0.425799 0.000616893 0)
(0.423431 0.00195188 0)
(0.421408 0.00314867 0)
(0.4197 0.00421368 0)
(0.418279 0.00515386 0)
(0.417117 0.00597639 0)
(0.416189 0.00668852 0)
(0.415471 0.0072974 0)
(0.414941 0.00781019 0)
(0.414578 0.00823388 0)
(0.414363 0.00857538 0)
(0.414279 0.0088414 0)
(0.414308 0.00903851 0)
(0.414437 0.00917302 0)
(0.414652 0.00925108 0)
(0.41494 0.00927854 0)
(0.415291 0.00926108 0)
(0.415695 0.00920406 0)
(0.416142 0.00911266 0)
(0.416626 0.00899175 0)
(0.417139 0.008846 0)
(0.417675 0.00867981 0)
(0.418229 0.00849739 0)
(0.418797 0.00830269 0)
(0.419374 0.0080995 0)
(0.394684 -0.0138973 0)
(0.388224 -0.0116365 0)
(0.382441 -0.0095139 0)
(0.3773 -0.0075296 0)
(0.372765 -0.00568252 0)
(0.368801 -0.00397073 0)
(0.365369 -0.00239137 0)
(0.362433 -0.000940812 0)
(0.359954 0.00038492 0)
(0.357899 0.0015899 0)
(0.356235 0.00267839 0)
(0.354927 0.00365489 0)
(0.353943 0.00452449 0)
(0.353253 0.00529264 0)
(0.352827 0.00596484 0)
(0.352638 0.00654658 0)
(0.352661 0.00704336 0)
(0.352871 0.00746066 0)
(0.353246 0.00780393 0)
(0.353765 0.00807851 0)
(0.354409 0.00828973 0)
(0.35516 0.00844276 0)
(0.356003 0.00854268 0)
(0.356922 0.0085944 0)
(0.357903 0.00860272 0)
(0.358936 0.00857223 0)
(0.360008 0.00850738 0)
(0.361111 0.00841243 0)
(0.362235 0.00829148 0)
(0.363373 0.00814841 0)
(0.364519 0.00798696 0)
(0.365665 0.00781067 0)
(0.366809 0.00762294 0)
(0.367944 0.00742697 0)
(0.369069 0.00722588 0)
(0.30867 -0.00778544 0)
(0.303798 -0.00621169 0)
(0.299553 -0.00473963 0)
(0.295899 -0.0033681 0)
(0.292797 -0.00209551 0)
(0.290212 -0.000919524 0)
(0.288104 0.00016218 0)
(0.286438 0.00115233 0)
(0.285181 0.00205353 0)
(0.284299 0.0028686 0)
(0.283757 0.00360072 0)
(0.283525 0.00425363 0)
(0.283572 0.00483096 0)
(0.28387 0.00533652 0)
(0.284392 0.00577395 0)
(0.285112 0.00614713 0)
(0.286007 0.00645977 0)
(0.287053 0.00671578 0)
(0.288231 0.00691889 0)
(0.289521 0.00707298 0)
(0.290905 0.00718173 0)
(0.292367 0.00724894 0)
(0.293891 0.00727817 0)
(0.295465 0.00727306 0)
(0.297075 0.00723702 0)
(0.298711 0.00717349 0)
(0.300361 0.00708567 0)
(0.302018 0.00697678 0)
(0.303674 0.00684978 0)
(0.30532 0.00670763 0)
(0.306953 0.00655308 0)
(0.308565 0.00638884 0)
(0.310153 0.00621742 0)
(0.311714 0.00604131 0)
(0.313245 0.00586285 0)
(0.224236 -0.00347307 0)
(0.221108 -0.00250481 0)
(0.218503 -0.00160142 0)
(0.216388 -0.000761733 0)
(0.214729 1.55743e-05 0)
(0.213493 0.000731937 0)
(0.212649 0.00138892 0)
(0.212165 0.00198784 0)
(0.212011 0.0025305 0)
(0.212157 0.00301894 0)
(0.212575 0.00345534 0)
(0.213239 0.00384176 0)
(0.214122 0.0041804 0)
(0.2152 0.00447339 0)
(0.21645 0.00472305 0)
(0.217851 0.00493163 0)
(0.219381 0.00510152 0)
(0.221021 0.00523505 0)
(0.222755 0.00533468 0)
(0.224564 0.00540276 0)
(0.226434 0.00544177 0)
(0.228351 0.00545405 0)
(0.230301 0.00544203 0)
(0.232273 0.00540801 0)
(0.234255 0.00535433 0)
(0.236239 0.00528318 0)
(0.238215 0.0051968 0)
(0.240176 0.00509724 0)
(0.242115 0.00498661 0)
(0.244026 0.00486681 0)
(0.245905 0.00473978 0)
(0.247747 0.00460731 0)
(0.249549 0.00447116 0)
(0.251308 0.00433299 0)
(0.253023 0.00419449 0)
(0.146668 -0.000968676 0)
(0.145113 -0.000477494 0)
(0.143946 -2.00398e-05 0)
(0.143139 0.00040431 0)
(0.142667 0.000796332 0)
(0.142504 0.00115653 0)
(0.142627 0.00148568 0)
(0.143011 0.00178462 0)
(0.143632 0.00205434 0)
(0.144468 0.00229574 0)
(0.145499 0.00250982 0)
(0.146702 0.00269749 0)
(0.148059 0.00285984 0)
(0.149551 0.00299787 0)
(0.151159 0.00311277 0)
(0.152867 0.00320564 0)
(0.154659 0.00327775 0)
(0.156519 0.00333029 0)
(0.158434 0.00336459 0)
(0.160391 0.00338189 0)
(0.162378 0.00338357 0)
(0.164382 0.00337088 0)
(0.166395 0.00334521 0)
(0.168406 0.00330779 0)
(0.170408 0.00325999 0)
(0.172393 0.00320301 0)
(0.174354 0.00313814 0)
(0.176285 0.00306654 0)
(0.178181 0.00298941 0)
(0.180038 0.00290784 0)
(0.181853 0.00282294 0)
(0.183622 0.00273572 0)
(0.185344 0.00264722 0)
(0.187016 0.00255838 0)
(0.188639 0.00247019 0)
(0.07931 4.56425e-05 0)
(0.0788946 0.000216085 0)
(0.0787156 0.000374574 0)
(0.0787564 0.000521317 0)
(0.0790006 0.000656418 0)
(0.0794324 0.000780177 0)
(0.0800363 0.000892808 0)
(0.080797 0.000994639 0)
(0.0817 0.00108585 0)
(0.0827309 0.00116677 0)
(0.0838759 0.00123761 0)
(0.0851218 0.00129873 0)
(0.0864556 0.00135039 0)
(0.0878652 0.00139302 0)
(0.0893386 0.00142691 0)
(0.0908649 0.00145256 0)
(0.0924333 0.00147033 0)
(0.0940339 0.00148074 0)
(0.0956573 0.0014842 0)
(0.0972948 0.00148128 0)
(0.0989384 0.00147243 0)
(0.100581 0.00145822 0)
(0.102214 0.00143912 0)
(0.103834 0.00141571 0)
(0.105434 0.00138846 0)
(0.107009 0.00135793 0)
(0.108556 0.00132457 0)
(0.110069 0.00128893 0)
(0.111548 0.00125143 0)
(0.112988 0.00121257 0)
(0.114388 0.00117276 0)
(0.115746 0.00113246 0)
(0.117062 0.00109204 0)
(0.118336 0.00105195 0)
(0.119566 0.00101253 0)
(0.0238524 0.000102926 0)
(0.0239587 0.000115127 0)
(0.0241479 0.000126381 0)
(0.0244141 0.000136667 0)
(0.0247514 0.000146018 0)
(0.0251541 0.000154427 0)
(0.0256166 0.000161924 0)
(0.0261333 0.000168493 0)
(0.0266988 0.000174157 0)
(0.0273078 0.0001789 0)
(0.027955 0.000182752 0)
(0.0286354 0.000185711 0)
(0.0293441 0.000187816 0)
(0.0300764 0.000189077 0)
(0.0308277 0.000189544 0)
(0.0315935 0.000189238 0)
(0.0323698 0.00018822 0)
(0.0331526 0.000186522 0)
(0.0339382 0.000184211 0)
(0.0347231 0.000181326 0)
(0.0355041 0.00017794 0)
(0.0362784 0.000174096 0)
(0.0370432 0.000169869 0)
(0.0377962 0.0001653 0)
(0.0385353 0.000160465 0)
(0.0392586 0.000155403 0)
(0.0399645 0.000150184 0)
(0.0406518 0.000144846 0)
(0.0413194 0.000139453 0)
(0.0419664 0.000134037 0)
(0.0425924 0.000128656 0)
(0.0431969 0.00012334 0)
(0.0437798 0.000118141 0)
(0.0443412 0.000113086 0)
(0.0448814 0.000108227 0)
(0.0537453 5.09307e-06 0)
(0.0536962 4.87096e-06 0)
(0.0536469 4.73928e-06 0)
(0.0535974 4.75663e-06 0)
(0.0535472 5.00913e-06 0)
(0.0534954 5.74487e-06 0)
(0.053441 7.32481e-06 0)
(0.0533827 1.0486e-05 0)
(0.053309 1.87242e-05 0)
(0.0531707 6.37166e-05 0)
(0.143431 9.83786e-05 0)
(0.143285 9.92563e-05 0)
(0.143135 0.000100023 0)
(0.142983 0.000101192 0)
(0.142829 0.00010336 0)
(0.14267 0.000107317 0)
(0.142508 0.000114127 0)
(0.142339 0.000126455 0)
(0.142164 0.00015131 0)
(0.141908 0.000223715 0)
(0.225385 0.000289163 0)
(0.225128 0.000295914 0)
(0.224866 0.000301178 0)
(0.224597 0.00030612 0)
(0.224325 0.000311949 0)
(0.224048 0.000320035 0)
(0.223766 0.000332155 0)
(0.223479 0.000351714 0)
(0.223204 0.000381239 0)
(0.222801 0.000466596 0)
(0.2992 0.000599668 0)
(0.298813 0.000616495 0)
(0.298417 0.000629415 0)
(0.298014 0.000640349 0)
(0.297606 0.000651156 0)
(0.297194 0.000663788 0)
(0.296779 0.000680126 0)
(0.296358 0.000703936 0)
(0.295968 0.000733056 0)
(0.295395 0.000820611 0)
(0.364296 0.0010524 0)
(0.363744 0.00108012 0)
(0.363185 0.00110102 0)
(0.362623 0.00111773 0)
(0.362058 0.00113271 0)
(0.361491 0.00114836 0)
(0.360926 0.00116668 0)
(0.360354 0.00119161 0)
(0.359835 0.0012174 0)
(0.359067 0.00130205 0)
(0.419864 0.00169289 0)
(0.419112 0.00172595 0)
(0.418362 0.00174965 0)
(0.417616 0.0017672 0)
(0.416875 0.00178151 0)
(0.416138 0.00179542 0)
(0.415411 0.00181091 0)
(0.414679 0.00183221 0)
(0.414023 0.00185158 0)
(0.41305 0.00192536 0)
(0.464829 0.00255473 0)
(0.463866 0.00258125 0)
(0.462918 0.00259692 0)
(0.461986 0.00260536 0)
(0.461069 0.00260985 0)
(0.460168 0.00261345 0)
(0.459285 0.00261837 0)
(0.458402 0.00262874 0)
(0.457621 0.00263736 0)
(0.456461 0.00268902 0)
(0.497927 0.0036319 0)
(0.496791 0.00363654 0)
(0.495683 0.00363018 0)
(0.494604 0.00361668 0)
(0.493553 0.00359957 0)
(0.492528 0.00358209 0)
(0.491531 0.0035667 0)
(0.490542 0.00355706 0)
(0.489673 0.00354941 0)
(0.488389 0.00356496 0)
(0.517943 0.00485668 0)
(0.516731 0.0048251 0)
(0.51556 0.00478357 0)
(0.514427 0.00473609 0)
(0.513331 0.00468633 0)
(0.512269 0.00463761 0)
(0.511245 0.00459278 0)
(0.510234 0.00455454 0)
(0.509352 0.00452519 0)
(0.508057 0.00449114 0)
(0.524061 0.00609789 0)
(0.522923 0.00602071 0)
(0.52183 0.00593552 0)
(0.52078 0.00584634 0)
(0.519772 0.00575689 0)
(0.518801 0.00567048 0)
(0.517872 0.00559041 0)
(0.51696 0.0055181 0)
(0.516168 0.00546328 0)
(0.515019 0.00537134 0)
(0.51618 0.0071824 0)
(0.515288 0.00705749 0)
(0.514438 0.006927 0)
(0.51363 0.0067949 0)
(0.512861 0.00666483 0)
(0.512128 0.00654006 0)
(0.511432 0.00642417 0)
(0.510755 0.00631743 0)
(0.510172 0.00623623 0)
(0.50934 0.00608719 0)
(0.495072 0.00793061 0)
(0.494585 0.00776353 0)
(0.494132 0.0075935 0)
(0.493712 0.00742427 0)
(0.493321 0.00725938 0)
(0.492959 0.00710193 0)
(0.492623 0.00695564 0)
(0.492306 0.00681992 0)
(0.492038 0.00671505 0)
(0.491675 0.0065207 0)
(0.462306 0.00819479 0)
(0.462337 0.00799785 0)
(0.462388 0.00780048 0)
(0.462457 0.00760617 0)
(0.462541 0.00741822 0)
(0.462639 0.00723959 0)
(0.462751 0.00707374 0)
(0.462875 0.00692004 0)
(0.462996 0.00679815 0)
(0.463195 0.0065809 0)
(0.419958 0.00789139 0)
(0.420546 0.00768181 0)
(0.421135 0.00747401 0)
(0.421725 0.00727114 0)
(0.422312 0.00707622 0)
(0.422898 0.00689203 0)
(0.423478 0.00672164 0)
(0.424061 0.00656507 0)
(0.424591 0.00643693 0)
(0.425361 0.00622727 0)
(0.37018 0.00702262 0)
(0.371275 0.00682006 0)
(0.372352 0.006621 0)
(0.373411 0.00642819 0)
(0.37445 0.00624434 0)
(0.37547 0.00607208 0)
(0.376468 0.00591413 0)
(0.377455 0.00577176 0)
(0.37835 0.00565189 0)
(0.379604 0.00548417 0)
(0.314743 0.00568438 0)
(0.316208 0.00550811 0)
(0.317638 0.00533636 0)
(0.319033 0.00517139 0)
(0.320394 0.00501568 0)
(0.321721 0.0048717 0)
(0.323012 0.00474219 0)
(0.324278 0.00463009 0)
(0.325432 0.00453539 0)
(0.326998 0.00444177 0)
(0.254693 0.00405723 0)
(0.256316 0.00392287 0)
(0.257894 0.00379308 0)
(0.259426 0.00366973 0)
(0.260914 0.00355486 0)
(0.26236 0.00345102 0)
(0.263763 0.00336125 0)
(0.265132 0.00329051 0)
(0.266393 0.00323687 0)
(0.268047 0.00323974 0)
(0.190212 0.00238357 0)
(0.191736 0.00229955 0)
(0.193211 0.00221919 0)
(0.194638 0.00214382 0)
(0.196021 0.00207504 0)
(0.197362 0.00201528 0)
(0.198663 0.00196804 0)
(0.199928 0.00194022 0)
(0.20112 0.00193569 0)
(0.202629 0.00203843 0)
(0.120754 0.000974248 0)
(0.1219 0.000937492 0)
(0.123007 0.00090285 0)
(0.124075 0.000870977 0)
(0.125109 0.000843015 0)
(0.12611 0.000820735 0)
(0.127083 0.000807478 0)
(0.128034 0.000809813 0)
(0.128971 0.000841811 0)
(0.130132 0.000999764 0)
(0.045401 0.000103597 0)
(0.0459005 9.92581e-05 0)
(0.0463811 9.52752e-05 0)
(0.0468439 9.17961e-05 0)
(0.047291 8.90601e-05 0)
(0.0477251 8.76365e-05 0)
(0.048149 8.84747e-05 0)
(0.0485696 9.29681e-05 0)
(0.0490273 0.000108046 0)
(0.0496402 0.000230705 0)
)
;

boundaryField
{
    inlet
    {
        type            fixedProfile;
        profile         csvFile;
        profileCoeffs
        {
            nHeaderLine     0;
            refColumn       0;
            componentColumns 3(1 2 3);
            separator       ",";
            mergeSeparators 0;
            file            "0/Uprofile.csv";
        }
        direction       (0 1 0);
        origin          0;
        value           nonuniform List<vector> 10((0.19 0 0) (0.51 0 0) (0.75 0 0) (0.91 0 0) (0.99 0 0) (0.99 0 0) (0.91 0 0) (0.75 0 0) (0.51 0 0) (0.19 0 0));
    }
    outlet
    {
        type            zeroGradient;
    }
    upperWall
    {
        type            noSlip;
    }
    lowerWall
    {
        type            noSlip;
    }
    frontAndBack
    {
        type            empty;
    }
}


// ************************************************************************* //
