/*--------------------------------*- C++ -*----------------------------------*\
| =========                 |                                                 |
| \\      /  F ield         | OpenFOAM: The Open Source CFD Toolbox           |
|  \\    /   O peration     | Version:  2406                                  |
|   \\  /    A nd           | Website:  www.openfoam.com                      |
|    \\/     M anipulation  |                                                 |
\*---------------------------------------------------------------------------*/
FoamFile
{
    version     2.0;
    format      ascii;
    arch        "LSB;label=32;scalar=64";
    class       volVectorField;
    location    "79";
    object      U;
}
// * * * * * * * * * * * * * * * * * * * * * * * * * * * * * * * * * * * * * //

dimensions      [0 1 -1 0 0 0 0];

internalField   nonuniform List<vector> 
2000
(
(0.099623 -0.00151019 0)
(0.101613 -0.00194275 0)
(0.103821 -0.00137963 0)
(0.105962 -0.000874331 0)
(0.107602 -0.000572571 0)
(0.108817 -0.000386308 0)
(0.109759 -0.000265186 0)
(0.110507 -0.000188824 0)
(0.111107 -0.000141532 0)
(0.111597 -0.000111072 0)
(0.276663 -0.00166438 0)
(0.275939 -0.00304973 0)
(0.275863 -0.00303557 0)
(0.276282 -0.00262523 0)
(0.276985 -0.00219322 0)
(0.277791 -0.00179844 0)
(0.278601 -0.00145819 0)
(0.279369 -0.0011843 0)
(0.280077 -0.000972617 0)
(0.280719 -0.00081001 0)
(0.436899 -0.00088473 0)
(0.436418 -0.0019099 0)
(0.435907 -0.00222323 0)
(0.435399 -0.00223063 0)
(0.435111 -0.00214331 0)
(0.435055 -0.00200084 0)
(0.435145 -0.00182192 0)
(0.435319 -0.00163506 0)
(0.435547 -0.00145972 0)
(0.435809 -0.00130225 0)
(0.577056 -0.000493201 0)
(0.576854 -0.00124473 0)
(0.57654 -0.00163838 0)
(0.576028 -0.00178742 0)
(0.57557 -0.00181913 0)
(0.575256 -0.00178281 0)
(0.575045 -0.00169843 0)
(0.574897 -0.00158847 0)
(0.574798 -0.00147205 0)
(0.574742 -0.00135895 0)
(0.697136 -0.00031613 0)
(0.697057 -0.000861025 0)
(0.696905 -0.00121419 0)
(0.696516 -0.00139102 0)
(0.696096 -0.00146296 0)
(0.69576 -0.00147361 0)
(0.695491 -0.00144058 0)
(0.695256 -0.00137879 0)
(0.695051 -0.00130319 0)
(0.694876 -0.00122372 0)
(0.797183 -0.000214127 0)
(0.797161 -0.000601889 0)
(0.797103 -0.000885324 0)
(0.796807 -0.00105378 0)
(0.79644 -0.00114058 0)
(0.796121 -0.00117487 0)
(0.795849 -0.00117067 0)
(0.795597 -0.00113859 0)
(0.795363 -0.00109001 0)
(0.795149 -0.00103387 0)
(0.877212 -0.00014593 0)
(0.877219 -0.000417058 0)
(0.87721 -0.000630505 0)
(0.876976 -0.000771823 0)
(0.876653 -0.000853918 0)
(0.876355 -0.00089401 0)
(0.87609 -0.000902704 0)
(0.875836 -0.000887923 0)
(0.875591 -0.000857898 0)
(0.875361 -0.000819624 0)
(0.937231 -9.53898e-05 0)
(0.937251 -0.000275166 0)
(0.93727 -0.000422866 0)
(0.937075 -0.00052711 0)
(0.936784 -0.000592064 0)
(0.936504 -0.000627082 0)
(0.936246 -0.00063925 0)
(0.935994 -0.000634028 0)
(0.935744 -0.000616892 0)
(0.935505 -0.000592668 0)
(0.977242 -5.41954e-05 0)
(0.977269 -0.000157095 0)
(0.977302 -0.000243614 0)
(0.97713 -0.000306954 0)
(0.976859 -0.000348128 0)
(0.976592 -0.000371584 0)
(0.97634 -0.000381208 0)
(0.976089 -0.000380152 0)
(0.975838 -0.00037156 0)
(0.975594 -0.000358256 0)
(0.997247 -1.7601e-05 0)
(0.997277 -5.1123e-05 0)
(0.997316 -7.96015e-05 0)
(0.997155 -0.000100808 0)
(0.996894 -0.000114869 0)
(0.996632 -0.000123078 0)
(0.996384 -0.000126655 0)
(0.996134 -0.000126632 0)
(0.995883 -0.000124037 0)
(0.995637 -0.000119801 0)
(0.997247 1.76025e-05 0)
(0.997277 5.11266e-05 0)
(0.997316 7.961e-05 0)
(0.997155 0.000100819 0)
(0.996894 0.000114883 0)
(0.996632 0.000123094 0)
(0.996384 0.000126672 0)
(0.996134 0.000126647 0)
(0.995883 0.000124052 0)
(0.995637 0.000119821 0)
(0.977242 5.41974e-05 0)
(0.977269 0.000157099 0)
(0.977302 0.000243622 0)
(0.97713 0.000306965 0)
(0.976859 0.00034814 0)
(0.976592 0.000371596 0)
(0.97634 0.000381219 0)
(0.976089 0.000380163 0)
(0.975838 0.000371573 0)
(0.975594 0.000358277 0)
(0.937231 9.53918e-05 0)
(0.937251 0.000275172 0)
(0.93727 0.000422876 0)
(0.937075 0.000527119 0)
(0.936784 0.000592073 0)
(0.936504 0.000627096 0)
(0.936246 0.000639267 0)
(0.935994 0.00063404 0)
(0.935744 0.000616899 0)
(0.935505 0.00059268 0)
(0.877212 0.000145932 0)
(0.877219 0.00041706 0)
(0.87721 0.000630509 0)
(0.876976 0.000771829 0)
(0.876653 0.000853928 0)
(0.876355 0.000894025 0)
(0.87609 0.000902724 0)
(0.875836 0.00088794 0)
(0.875591 0.00085791 0)
(0.875361 0.000819637 0)
(0.797183 0.000214129 0)
(0.797161 0.000601894 0)
(0.797103 0.00088533 0)
(0.796807 0.00105379 0)
(0.79644 0.00114059 0)
(0.796121 0.00117488 0)
(0.795849 0.00117069 0)
(0.795597 0.0011386 0)
(0.795363 0.00109001 0)
(0.795149 0.00103387 0)
(0.697136 0.000316132 0)
(0.697057 0.00086103 0)
(0.696905 0.0012142 0)
(0.696516 0.00139102 0)
(0.696096 0.00146297 0)
(0.69576 0.00147362 0)
(0.695491 0.0014406 0)
(0.695256 0.00137881 0)
(0.695051 0.0013032 0)
(0.694876 0.00122372 0)
(0.577056 0.000493203 0)
(0.576854 0.00124474 0)
(0.57654 0.00163838 0)
(0.576028 0.00178742 0)
(0.57557 0.00181914 0)
(0.575256 0.00178281 0)
(0.575045 0.00169844 0)
(0.574897 0.00158848 0)
(0.574798 0.00147207 0)
(0.574742 0.00135896 0)
(0.436899 0.000884732 0)
(0.436418 0.00190991 0)
(0.435907 0.00222324 0)
(0.435399 0.00223065 0)
(0.435111 0.00214332 0)
(0.435055 0.00200084 0)
(0.435145 0.00182192 0)
(0.435319 0.00163508 0)
(0.435547 0.00145974 0)
(0.435809 0.00130226 0)
(0.276663 0.00166438 0)
(0.275939 0.00304973 0)
(0.275863 0.00303558 0)
(0.276282 0.00262525 0)
(0.276985 0.00219323 0)
(0.277791 0.00179845 0)
(0.278601 0.0014582 0)
(0.279369 0.00118432 0)
(0.280077 0.000972645 0)
(0.280719 0.000810023 0)
(0.099623 0.0015102 0)
(0.101613 0.00194275 0)
(0.103821 0.00137963 0)
(0.105962 0.000874344 0)
(0.107602 0.000572576 0)
(0.108817 0.000386309 0)
(0.109759 0.000265194 0)
(0.110507 0.000188828 0)
(0.111107 0.000141528 0)
(0.111597 0.000111077 0)
(0.112005 -9.02722e-05 0)
(0.112351 -7.54496e-05 0)
(0.112648 -6.45215e-05 0)
(0.112906 -5.6156e-05 0)
(0.113134 -4.95219e-05 0)
(0.113335 -4.41298e-05 0)
(0.113516 -3.96743e-05 0)
(0.113679 -3.59302e-05 0)
(0.113827 -3.27236e-05 0)
(0.113961 -2.99408e-05 0)
(0.114085 -2.75167e-05 0)
(0.114198 -2.54138e-05 0)
(0.114304 -2.35973e-05 0)
(0.114402 -2.20179e-05 0)
(0.114493 -2.0621e-05 0)
(0.114579 -1.93566e-05 0)
(0.114659 -1.81907e-05 0)
(0.114735 -1.71104e-05 0)
(0.114806 -1.61158e-05 0)
(0.114873 -1.52135e-05 0)
(0.114937 -1.44062e-05 0)
(0.114997 -1.36882e-05 0)
(0.115054 -1.30473e-05 0)
(0.115109 -1.2465e-05 0)
(0.115162 -1.19245e-05 0)
(0.115212 -1.14121e-05 0)
(0.115259 -1.09202e-05 0)
(0.115305 -1.04472e-05 0)
(0.115349 -9.99546e-06 0)
(0.115391 -9.56949e-06 0)
(0.115432 -9.17308e-06 0)
(0.11547 -8.80824e-06 0)
(0.115508 -8.47454e-06 0)
(0.115544 -8.16869e-06 0)
(0.115579 -7.88647e-06 0)
(0.281297 -0.00068378 0)
(0.281817 -0.000584566 0)
(0.282285 -0.000505772 0)
(0.282706 -0.000442566 0)
(0.283087 -0.000391232 0)
(0.283433 -0.000348896 0)
(0.283749 -0.000313432 0)
(0.284038 -0.000283361 0)
(0.284303 -0.000257699 0)
(0.284548 -0.000235731 0)
(0.284775 -0.000216843 0)
(0.284986 -0.000200478 0)
(0.285182 -0.000186146 0)
(0.285366 -0.000173455 0)
(0.285539 -0.000162112 0)
(0.285702 -0.000151914 0)
(0.285856 -0.000142721 0)
(0.286001 -0.000134427 0)
(0.286138 -0.000126939 0)
(0.286268 -0.000120168 0)
(0.286392 -0.000114027 0)
(0.28651 -0.000108428 0)
(0.286623 -0.000103292 0)
(0.286731 -9.85474e-05 0)
(0.286834 -9.41386e-05 0)
(0.286933 -9.00237e-05 0)
(0.287027 -8.61726e-05 0)
(0.287119 -8.25656e-05 0)
(0.287206 -7.91887e-05 0)
(0.28729 -7.60304e-05 0)
(0.287371 -7.30795e-05 0)
(0.287449 -7.03223e-05 0)
(0.287524 -6.77438e-05 0)
(0.287597 -6.53266e-05 0)
(0.287667 -6.30531e-05 0)
(0.436086 -0.00116284 0)
(0.436369 -0.00104041 0)
(0.436648 -0.00093374 0)
(0.43692 -0.000841441 0)
(0.437182 -0.000761752 0)
(0.437434 -0.000692712 0)
(0.437675 -0.00063249 0)
(0.437904 -0.000579638 0)
(0.438123 -0.000533166 0)
(0.43833 -0.000492364 0)
(0.438528 -0.000456569 0)
(0.438716 -0.000425071 0)
(0.438895 -0.000397157 0)
(0.439066 -0.000372181 0)
(0.439229 -0.00034964 0)
(0.439385 -0.000329178 0)
(0.439535 -0.00031056 0)
(0.439678 -0.000293617 0)
(0.439815 -0.000278209 0)
(0.439946 -0.000264194 0)
(0.440073 -0.00025142 0)
(0.440194 -0.000239729 0)
(0.440311 -0.000228969 0)
(0.440424 -0.000219001 0)
(0.440532 -0.000209714 0)
(0.440637 -0.000201022 0)
(0.440739 -0.000192865 0)
(0.440837 -0.000185201 0)
(0.440932 -0.000178002 0)
(0.441024 -0.000171247 0)
(0.441112 -0.000164911 0)
(0.441198 -0.000158971 0)
(0.441282 -0.000153396 0)
(0.441363 -0.000148156 0)
(0.441441 -0.000143215 0)
(0.574722 -0.00125253 0)
(0.574728 -0.00115395 0)
(0.574754 -0.00106391 0)
(0.574794 -0.000982733 0)
(0.574845 -0.000910099 0)
(0.574905 -0.000845092 0)
(0.574972 -0.000786574 0)
(0.575044 -0.000733593 0)
(0.575119 -0.000685591 0)
(0.575197 -0.000642299 0)
(0.575277 -0.000603451 0)
(0.575357 -0.000568616 0)
(0.575438 -0.00053722 0)
(0.575518 -0.000508656 0)
(0.575599 -0.000482418 0)
(0.57568 -0.000458166 0)
(0.57576 -0.000435709 0)
(0.575839 -0.00041495 0)
(0.575917 -0.000395817 0)
(0.575994 -0.000378222 0)
(0.57607 -0.000362037 0)
(0.576144 -0.000347101 0)
(0.576218 -0.000333244 0)
(0.57629 -0.000320303 0)
(0.576361 -0.000308143 0)
(0.576431 -0.000296665 0)
(0.576499 -0.000285803 0)
(0.576567 -0.000275516 0)
(0.576633 -0.000265784 0)
(0.576698 -0.00025659 0)
(0.576761 -0.000247917 0)
(0.576824 -0.000239742 0)
(0.576885 -0.000232032 0)
(0.576945 -0.000224751 0)
(0.577003 -0.000217855 0)
(0.694728 -0.00114513 0)
(0.694603 -0.00106966 0)
(0.694495 -0.000998796 0)
(0.694403 -0.000933642 0)
(0.694324 -0.000874591 0)
(0.694256 -0.000821256 0)
(0.694198 -0.000772828 0)
(0.694149 -0.000728545 0)
(0.694107 -0.000687978 0)
(0.694073 -0.000651023 0)
(0.694045 -0.000617621 0)
(0.694022 -0.000587542 0)
(0.694004 -0.000560346 0)
(0.69399 -0.000535484 0)
(0.69398 -0.000512456 0)
(0.693974 -0.000490919 0)
(0.693972 -0.000470706 0)
(0.693972 -0.000451776 0)
(0.693975 -0.000434134 0)
(0.69398 -0.000417768 0)
(0.693987 -0.00040261 0)
(0.693996 -0.000388539 0)
(0.694007 -0.0003754 0)
(0.694019 -0.000363037 0)
(0.694033 -0.000351313 0)
(0.694048 -0.000340131 0)
(0.694064 -0.000329435 0)
(0.694081 -0.000319198 0)
(0.694099 -0.000309418 0)
(0.694118 -0.000300098 0)
(0.694137 -0.000291239 0)
(0.694157 -0.000282831 0)
(0.694178 -0.000274855 0)
(0.694198 -0.000267277 0)
(0.69422 -0.000260059 0)
(0.794957 -0.000975305 0)
(0.794782 -0.000917079 0)
(0.794623 -0.000861067 0)
(0.794476 -0.000808732 0)
(0.794341 -0.000760887 0)
(0.794216 -0.000717526 0)
(0.794101 -0.000678106 0)
(0.793993 -0.000642011 0)
(0.793893 -0.000608875 0)
(0.7938 -0.000578638 0)
(0.793712 -0.000551337 0)
(0.793631 -0.000526871 0)
(0.793555 -0.000504916 0)
(0.793483 -0.000484995 0)
(0.793416 -0.000466622 0)
(0.793353 -0.000449431 0)
(0.793294 -0.000433235 0)
(0.793239 -0.000417991 0)
(0.793188 -0.000403732 0)
(0.793139 -0.000390488 0)
(0.793094 -0.000378237 0)
(0.793052 -0.000366893 0)
(0.793012 -0.00035632 0)
(0.792975 -0.000346367 0)
(0.79294 -0.000336897 0)
(0.792907 -0.000327809 0)
(0.792877 -0.000319046 0)
(0.792848 -0.000310589 0)
(0.792822 -0.000302447 0)
(0.792797 -0.000294635 0)
(0.792774 -0.000287169 0)
(0.792753 -0.000280054 0)
(0.792733 -0.000273277 0)
(0.792714 -0.000266815 0)
(0.792697 -0.000260635 0)
(0.875148 -0.000777567 0)
(0.874951 -0.000734326 0)
(0.874767 -0.000691723 0)
(0.874596 -0.000651251 0)
(0.874436 -0.000613881 0)
(0.874285 -0.000579843 0)
(0.874144 -0.000548822 0)
(0.87401 -0.000520356 0)
(0.873884 -0.00049415 0)
(0.873764 -0.000470176 0)
(0.87365 -0.000448525 0)
(0.873542 -0.000429191 0)
(0.873439 -0.000411973 0)
(0.87334 -0.000396498 0)
(0.873246 -0.000382343 0)
(0.873155 -0.000369161 0)
(0.873068 -0.000356754 0)
(0.872985 -0.000345067 0)
(0.872904 -0.000334132 0)
(0.872827 -0.000323998 0)
(0.872753 -0.000314676 0)
(0.872682 -0.000306112 0)
(0.872613 -0.000298199 0)
(0.872547 -0.0002908 0)
(0.872483 -0.000283785 0)
(0.872421 -0.000277052 0)
(0.872361 -0.000270541 0)
(0.872304 -0.000264232 0)
(0.872248 -0.000258132 0)
(0.872195 -0.000252264 0)
(0.872143 -0.000246649 0)
(0.872093 -0.000241298 0)
(0.872044 -0.000236205 0)
(0.871998 -0.000231354 0)
(0.871953 -0.000226715 0)
(0.93528 -0.000564677 0)
(0.935069 -0.000534997 0)
(0.934871 -0.000505128 0)
(0.934685 -0.000476332 0)
(0.93451 -0.000449497 0)
(0.934346 -0.000424926 0)
(0.93419 -0.000402455 0)
(0.934043 -0.000381771 0)
(0.933903 -0.000362661 0)
(0.93377 -0.000345117 0)
(0.933643 -0.000329236 0)
(0.933522 -0.000315064 0)
(0.933407 -0.000302492 0)
(0.933295 -0.000291266 0)
(0.933188 -0.000281065 0)
(0.933085 -0.000271606 0)
(0.932985 -0.000262715 0)
(0.932888 -0.000254334 0)
(0.932795 -0.000246485 0)
(0.932704 -0.00023922 0)
(0.932617 -0.000232564 0)
(0.932532 -0.000226494 0)
(0.932449 -0.000220936 0)
(0.932369 -0.000215785 0)
(0.932291 -0.000210933 0)
(0.932214 -0.000206291 0)
(0.93214 -0.000201804 0)
(0.932068 -0.00019745 0)
(0.931997 -0.000193235 0)
(0.931928 -0.000189179 0)
(0.931861 -0.000185303 0)
(0.931795 -0.00018162 0)
(0.931731 -0.000178128 0)
(0.931669 -0.000174816 0)
(0.931608 -0.000171661 0)
(0.975362 -0.000342275 0)
(0.975143 -0.000324958 0)
(0.974937 -0.000307288 0)
(0.974742 -0.00029008 0)
(0.974558 -0.000273934 0)
(0.974385 -0.00025909 0)
(0.97422 -0.000245476 0)
(0.974065 -0.000232916 0)
(0.973917 -0.000221281 0)
(0.973776 -0.000210566 0)
(0.973643 -0.000200842 0)
(0.973515 -0.000192154 0)
(0.973393 -0.000184459 0)
(0.973275 -0.000177611 0)
(0.973161 -0.000171417 0)
(0.973052 -0.000165692 0)
(0.972945 -0.000160316 0)
(0.972843 -0.000155243 0)
(0.972743 -0.000150484 0)
(0.972647 -0.000146074 0)
(0.972553 -0.000142039 0)
(0.972462 -0.000138373 0)
(0.972373 -0.000135036 0)
(0.972287 -0.000131964 0)
(0.972202 -0.000129088 0)
(0.972119 -0.000126346 0)
(0.972038 -0.000123698 0)
(0.971959 -0.000121129 0)
(0.971882 -0.000118639 0)
(0.971806 -0.000116243 0)
(0.971731 -0.000113955 0)
(0.971659 -0.000111787 0)
(0.971587 -0.000109739 0)
(0.971518 -0.000107806 0)
(0.971449 -0.000105972 0)
(0.995402 -0.000114613 0)
(0.995179 -0.000108934 0)
(0.994968 -0.000103104 0)
(0.994769 -9.73946e-05 0)
(0.994581 -9.20085e-05 0)
(0.994403 -8.70375e-05 0)
(0.994235 -8.24746e-05 0)
(0.994075 -7.8268e-05 0)
(0.993924 -7.43733e-05 0)
(0.99378 -7.07807e-05 0)
(0.993642 -6.7508e-05 0)
(0.993512 -6.45723e-05 0)
(0.993386 -6.19661e-05 0)
(0.993266 -5.96504e-05 0)
(0.993149 -5.75649e-05 0)
(0.993037 -5.56482e-05 0)
(0.992928 -5.38546e-05 0)
(0.992822 -5.2162e-05 0)
(0.99272 -5.05694e-05 0)
(0.992621 -4.90873e-05 0)
(0.992525 -4.7726e-05 0)
(0.992432 -4.64878e-05 0)
(0.99234 -4.53632e-05 0)
(0.992251 -4.43332e-05 0)
(0.992164 -4.33746e-05 0)
(0.992079 -4.24657e-05 0)
(0.991995 -4.15905e-05 0)
(0.991914 -4.07411e-05 0)
(0.991833 -3.99165e-05 0)
(0.991755 -3.91209e-05 0)
(0.991678 -3.83597e-05 0)
(0.991602 -3.76376e-05 0)
(0.991528 -3.69563e-05 0)
(0.991456 -3.63143e-05 0)
(0.991384 -3.57071e-05 0)
(0.995402 0.000114632 0)
(0.995179 0.00010894 0)
(0.994968 0.000103089 0)
(0.994769 9.73762e-05 0)
(0.994581 9.20172e-05 0)
(0.994403 8.70874e-05 0)
(0.994235 8.25461e-05 0)
(0.994075 7.83235e-05 0)
(0.993924 7.43871e-05 0)
(0.99378 7.07559e-05 0)
(0.993642 6.74729e-05 0)
(0.993512 6.45601e-05 0)
(0.993386 6.19952e-05 0)
(0.993266 5.97159e-05 0)
(0.993149 5.76447e-05 0)
(0.993037 5.57161e-05 0)
(0.992928 5.38936e-05 0)
(0.992822 5.21703e-05 0)
(0.99272 5.05593e-05 0)
(0.992621 4.90772e-05 0)
(0.992525 4.77328e-05 0)
(0.992432 4.65203e-05 0)
(0.99234 4.54208e-05 0)
(0.992251 4.44081e-05 0)
(0.992164 4.34557e-05 0)
(0.992079 4.2543e-05 0)
(0.991995 4.16585e-05 0)
(0.991914 4.07992e-05 0)
(0.991833 3.99686e-05 0)
(0.991755 3.9173e-05 0)
(0.991678 3.84181e-05 0)
(0.991602 3.7707e-05 0)
(0.991528 3.70393e-05 0)
(0.991456 3.64113e-05 0)
(0.991384 3.58171e-05 0)
(0.975362 0.000342302 0)
(0.975143 0.000324977 0)
(0.974937 0.000307288 0)
(0.974742 0.000290075 0)
(0.974558 0.00027395 0)
(0.974384 0.000259135 0)
(0.97422 0.000245534 0)
(0.974065 0.000232954 0)
(0.973917 0.000221282 0)
(0.973776 0.000210538 0)
(0.973643 0.000200813 0)
(0.973515 0.000192153 0)
(0.973393 0.000184496 0)
(0.973275 0.000177679 0)
(0.973161 0.000171492 0)
(0.973052 0.000165751 0)
(0.972945 0.000160347 0)
(0.972843 0.000155248 0)
(0.972743 0.000150475 0)
(0.972647 0.000146069 0)
(0.972553 0.000142051 0)
(0.972462 0.000138408 0)
(0.972373 0.000135092 0)
(0.972287 0.000132034 0)
(0.972202 0.000129162 0)
(0.972119 0.000126417 0)
(0.972038 0.000123762 0)
(0.971959 0.000121185 0)
(0.971882 0.000118691 0)
(0.971806 0.000116295 0)
(0.971731 0.000114014 0)
(0.971659 0.000111855 0)
(0.971587 0.00010982 0)
(0.971518 0.000107899 0)
(0.971449 0.000106077 0)
(0.93528 0.000564697 0)
(0.935069 0.000535012 0)
(0.934871 0.000505129 0)
(0.934685 0.000476327 0)
(0.93451 0.000449507 0)
(0.934346 0.000424957 0)
(0.93419 0.000402495 0)
(0.934043 0.000381796 0)
(0.933903 0.000362663 0)
(0.93377 0.000345105 0)
(0.933643 0.000329233 0)
(0.933522 0.000315085 0)
(0.933407 0.000302539 0)
(0.933295 0.000291326 0)
(0.933188 0.00028112 0)
(0.933085 0.000271644 0)
(0.932985 0.000262732 0)
(0.932888 0.000254336 0)
(0.932795 0.000246485 0)
(0.932704 0.000239229 0)
(0.932617 0.000232589 0)
(0.932532 0.000226535 0)
(0.932449 0.000220989 0)
(0.932369 0.000215844 0)
(0.932291 0.000210993 0)
(0.932214 0.000206347 0)
(0.93214 0.000201856 0)
(0.932068 0.000197499 0)
(0.931997 0.000193284 0)
(0.931928 0.000189232 0)
(0.931861 0.000185362 0)
(0.931795 0.000181687 0)
(0.931731 0.000178206 0)
(0.931669 0.000174904 0)
(0.931608 0.000171759 0)
(0.875148 0.000777587 0)
(0.874951 0.000734344 0)
(0.874767 0.000691732 0)
(0.874596 0.000651257 0)
(0.874436 0.000613895 0)
(0.874285 0.000579865 0)
(0.874143 0.000548842 0)
(0.87401 0.000520366 0)
(0.873884 0.000494153 0)
(0.873764 0.000470186 0)
(0.87365 0.000448551 0)
(0.873542 0.000429231 0)
(0.873439 0.000412017 0)
(0.87334 0.000396533 0)
(0.873246 0.000382361 0)
(0.873155 0.000369166 0)
(0.873068 0.000356755 0)
(0.872985 0.000345075 0)
(0.872904 0.000334152 0)
(0.872827 0.000324032 0)
(0.872753 0.000314719 0)
(0.872682 0.000306159 0)
(0.872613 0.000298244 0)
(0.872547 0.000290841 0)
(0.872483 0.000283822 0)
(0.872421 0.000277087 0)
(0.872361 0.000270577 0)
(0.872304 0.000264272 0)
(0.872248 0.000258178 0)
(0.872195 0.000252317 0)
(0.872143 0.00024671 0)
(0.872093 0.000241366 0)
(0.872045 0.00023628 0)
(0.871998 0.000231435 0)
(0.871953 0.000226802 0)
(0.794957 0.000975315 0)
(0.794782 0.000917096 0)
(0.794623 0.00086109 0)
(0.794476 0.000808758 0)
(0.794341 0.000760908 0)
(0.794216 0.000717532 0)
(0.794101 0.000678098 0)
(0.793993 0.000642003 0)
(0.793893 0.000608886 0)
(0.7938 0.000578678 0)
(0.793713 0.000551396 0)
(0.793631 0.000526925 0)
(0.793555 0.000504945 0)
(0.793483 0.000484993 0)
(0.793416 0.000466599 0)
(0.793353 0.00044941 0)
(0.793294 0.000433234 0)
(0.793239 0.000418019 0)
(0.793188 0.000403784 0)
(0.79314 0.000390551 0)
(0.793094 0.000378296 0)
(0.793052 0.000366938 0)
(0.793012 0.000356348 0)
(0.792975 0.000346381 0)
(0.79294 0.000336905 0)
(0.792907 0.000327819 0)
(0.792877 0.000319065 0)
(0.792849 0.000310621 0)
(0.792822 0.000302491 0)
(0.792797 0.000294691 0)
(0.792774 0.000287233 0)
(0.792753 0.000280122 0)
(0.792733 0.000273347 0)
(0.792714 0.000266885 0)
(0.792697 0.000260705 0)
(0.694728 0.00114513 0)
(0.694603 0.00106967 0)
(0.694496 0.000998825 0)
(0.694403 0.000933683 0)
(0.694324 0.000874615 0)
(0.694256 0.000821244 0)
(0.694198 0.000772794 0)
(0.694149 0.000728524 0)
(0.694107 0.000688004 0)
(0.694073 0.000651093 0)
(0.694045 0.000617703 0)
(0.694022 0.000587596 0)
(0.694004 0.00056035 0)
(0.69399 0.000535446 0)
(0.69398 0.000512406 0)
(0.693974 0.00049089 0)
(0.693972 0.000470717 0)
(0.693972 0.000451827 0)
(0.693975 0.000434208 0)
(0.69398 0.000417843 0)
(0.693987 0.000402666 0)
(0.693996 0.000388568 0)
(0.694007 0.000375403 0)
(0.694019 0.000363023 0)
(0.694033 0.000351296 0)
(0.694048 0.000340123 0)
(0.694064 0.000329443 0)
(0.694081 0.000319226 0)
(0.694099 0.000309464 0)
(0.694118 0.000300156 0)
(0.694137 0.000291303 0)
(0.694157 0.000282895 0)
(0.694178 0.000274914 0)
(0.694199 0.00026733 0)
(0.69422 0.000260106 0)
(0.574722 0.00125253 0)
(0.574728 0.00115397 0)
(0.574754 0.00106395 0)
(0.574794 0.00098278 0)
(0.574845 0.000910113 0)
(0.574905 0.00084506 0)
(0.574972 0.000786531 0)
(0.575044 0.000733587 0)
(0.575119 0.000685642 0)
(0.575197 0.000642385 0)
(0.575277 0.000603524 0)
(0.575357 0.000568639 0)
(0.575437 0.000537189 0)
(0.575518 0.000508597 0)
(0.575599 0.00048237 0)
(0.57568 0.000458156 0)
(0.57576 0.000435745 0)
(0.575839 0.000415017 0)
(0.575917 0.000395893 0)
(0.575994 0.000378283 0)
(0.57607 0.000362069 0)
(0.576145 0.000347102 0)
(0.576218 0.000333222 0)
(0.57629 0.000320272 0)
(0.576361 0.000308118 0)
(0.576431 0.000296656 0)
(0.5765 0.000285815 0)
(0.576567 0.000275548 0)
(0.576633 0.00026583 0)
(0.576698 0.000256642 0)
(0.576761 0.000247968 0)
(0.576824 0.000239786 0)
(0.576885 0.000232068 0)
(0.576945 0.000224777 0)
(0.577004 0.000217874 0)
(0.436086 0.00116284 0)
(0.436369 0.00104043 0)
(0.436648 0.000933785 0)
(0.43692 0.000841475 0)
(0.437182 0.000761741 0)
(0.437434 0.000692667 0)
(0.437675 0.00063246 0)
(0.437904 0.000579662 0)
(0.438123 0.000533235 0)
(0.43833 0.000492436 0)
(0.438528 0.000456601 0)
(0.438716 0.000425051 0)
(0.438895 0.000397104 0)
(0.439066 0.000372132 0)
(0.439229 0.000349623 0)
(0.439385 0.000329204 0)
(0.439535 0.000310616 0)
(0.439678 0.000293682 0)
(0.439815 0.00027826 0)
(0.439946 0.000264218 0)
(0.440073 0.000251416 0)
(0.440194 0.000239704 0)
(0.440311 0.000228935 0)
(0.440424 0.000218973 0)
(0.440532 0.000209701 0)
(0.440638 0.000201028 0)
(0.440739 0.000192887 0)
(0.440837 0.000185235 0)
(0.440932 0.000178039 0)
(0.441024 0.000171279 0)
(0.441113 0.000164935 0)
(0.441199 0.000158984 0)
(0.441282 0.0001534 0)
(0.441363 0.000148154 0)
(0.441441 0.000143211 0)
(0.281297 0.000683786 0)
(0.281817 0.00058459 0)
(0.282285 0.000505806 0)
(0.282706 0.000442577 0)
(0.283087 0.000391207 0)
(0.283433 0.000348864 0)
(0.283749 0.000313429 0)
(0.284038 0.000283398 0)
(0.284303 0.00025775 0)
(0.284548 0.00023576 0)
(0.284775 0.000216835 0)
(0.284986 0.000200444 0)
(0.285182 0.000186113 0)
(0.285366 0.000173443 0)
(0.285539 0.000162128 0)
(0.285702 0.00015195 0)
(0.285856 0.00014276 0)
(0.286001 0.000134455 0)
(0.286138 0.000126948 0)
(0.286268 0.00012016 0)
(0.286392 0.000114008 0)
(0.28651 0.000108407 0)
(0.286623 0.000103276 0)
(0.286731 9.85422e-05 0)
(0.286834 9.41442e-05 0)
(0.286933 9.00368e-05 0)
(0.287028 8.61891e-05 0)
(0.287119 8.25804e-05 0)
(0.287206 7.91985e-05 0)
(0.28729 7.60334e-05 0)
(0.287371 7.30761e-05 0)
(0.287449 7.03145e-05 0)
(0.287525 6.77342e-05 0)
(0.287597 6.53179e-05 0)
(0.287667 6.30477e-05 0)
(0.112005 9.0292e-05 0)
(0.112351 7.54618e-05 0)
(0.112648 6.45087e-05 0)
(0.112906 5.61316e-05 0)
(0.113134 4.9513e-05 0)
(0.113335 4.41469e-05 0)
(0.113516 3.97019e-05 0)
(0.113679 3.59446e-05 0)
(0.113827 3.27158e-05 0)
(0.113961 2.99182e-05 0)
(0.114085 2.7496e-05 0)
(0.114198 2.54081e-05 0)
(0.114304 2.36077e-05 0)
(0.114402 2.20381e-05 0)
(0.114493 2.06406e-05 0)
(0.114579 1.93679e-05 0)
(0.114659 1.81915e-05 0)
(0.114735 1.71024e-05 0)
(0.114806 1.61036e-05 0)
(0.114873 1.52016e-05 0)
(0.114937 1.43975e-05 0)
(0.114997 1.36846e-05 0)
(0.115055 1.30479e-05 0)
(0.115109 1.24692e-05 0)
(0.115162 1.19302e-05 0)
(0.115212 1.14178e-05 0)
(0.11526 1.09244e-05 0)
(0.115305 1.04491e-05 0)
(0.115349 9.99458e-06 0)
(0.115391 9.56594e-06 0)
(0.115432 9.16723e-06 0)
(0.115471 8.80116e-06 0)
(0.115508 8.46692e-06 0)
(0.115544 8.16191e-06 0)
(0.115579 7.88093e-06 0)
(0.115612 -7.62229e-06 0)
(0.115645 -7.37174e-06 0)
(0.115676 -7.13079e-06 0)
(0.115706 -6.89742e-06 0)
(0.115736 -6.67063e-06 0)
(0.115764 -6.45082e-06 0)
(0.115791 -6.23893e-06 0)
(0.115818 -6.03625e-06 0)
(0.115844 -5.84378e-06 0)
(0.115869 -5.66223e-06 0)
(0.287735 -6.09065e-05 0)
(0.287801 -5.88716e-05 0)
(0.287865 -5.69362e-05 0)
(0.287926 -5.50908e-05 0)
(0.287986 -5.3329e-05 0)
(0.288044 -5.16463e-05 0)
(0.2881 -5.00401e-05 0)
(0.288155 -4.85084e-05 0)
(0.288208 -4.70492e-05 0)
(0.28826 -4.56602e-05 0)
(0.441517 -0.000138542 0)
(0.441591 -0.000134106 0)
(0.441663 -0.000129883 0)
(0.441734 -0.000125853 0)
(0.441802 -0.000122001 0)
(0.441868 -0.000118317 0)
(0.441933 -0.000114794 0)
(0.441996 -0.000111426 0)
(0.442057 -0.00010821 0)
(0.442117 -0.00010514 0)
(0.577061 -0.000211304 0)
(0.577117 -0.000205059 0)
(0.577173 -0.000199088 0)
(0.577227 -0.000193367 0)
(0.577281 -0.000187876 0)
(0.577333 -0.000182605 0)
(0.577384 -0.000177545 0)
(0.577435 -0.000172692 0)
(0.577484 -0.00016804 0)
(0.577533 -0.000163584 0)
(0.694241 -0.000253162 0)
(0.694263 -0.000246547 0)
(0.694285 -0.000240183 0)
(0.694307 -0.000234047 0)
(0.69433 -0.000228123 0)
(0.694352 -0.0002224 0)
(0.694375 -0.000216875 0)
(0.694397 -0.000211546 0)
(0.69442 -0.000206412 0)
(0.694443 -0.000201468 0)
(0.792681 -0.000254702 0)
(0.792666 -0.000248981 0)
(0.792652 -0.000243444 0)
(0.792639 -0.00023807 0)
(0.792628 -0.000232847 0)
(0.792617 -0.00022777 0)
(0.792607 -0.000222838 0)
(0.792598 -0.000218052 0)
(0.79259 -0.000213415 0)
(0.792582 -0.000208927 0)
(0.871909 -0.000222257 0)
(0.871867 -0.000217947 0)
(0.871826 -0.000213762 0)
(0.871786 -0.000209682 0)
(0.871748 -0.000205699 0)
(0.871711 -0.000201807 0)
(0.871675 -0.000198009 0)
(0.87164 -0.000194309 0)
(0.871606 -0.000190709 0)
(0.871574 -0.000187213 0)
(0.931548 -0.000168636 0)
(0.93149 -0.000165715 0)
(0.931433 -0.000162877 0)
(0.931377 -0.000160107 0)
(0.931323 -0.000157395 0)
(0.931269 -0.000154741 0)
(0.931217 -0.000152145 0)
(0.931166 -0.000149612 0)
(0.931116 -0.000147144 0)
(0.931067 -0.000144745 0)
(0.971382 -0.00010422 0)
(0.971316 -0.000102533 0)
(0.971251 -0.000100895 0)
(0.971187 -9.92968e-05 0)
(0.971124 -9.77324e-05 0)
(0.971063 -9.62002e-05 0)
(0.971002 -9.47015e-05 0)
(0.970942 -9.32387e-05 0)
(0.970884 -9.18145e-05 0)
(0.970826 -9.04303e-05 0)
(0.991314 -3.51288e-05 0)
(0.991245 -3.45733e-05 0)
(0.991177 -3.4035e-05 0)
(0.99111 -3.35101e-05 0)
(0.991044 -3.29965e-05 0)
(0.990979 -3.24934e-05 0)
(0.990915 -3.20013e-05 0)
(0.990852 -3.1521e-05 0)
(0.99079 -3.10535e-05 0)
(0.990729 -3.05991e-05 0)
(0.991314 3.52502e-05 0)
(0.991245 3.47042e-05 0)
(0.991177 3.4174e-05 0)
(0.99111 3.36563e-05 0)
(0.991044 3.31494e-05 0)
(0.990979 3.26531e-05 0)
(0.990915 3.21681e-05 0)
(0.990852 3.16955e-05 0)
(0.99079 3.12362e-05 0)
(0.990729 3.07909e-05 0)
(0.971382 0.000104336 0)
(0.971316 0.000102658 0)
(0.971251 0.000101028 0)
(0.971187 9.9437e-05 0)
(0.971124 9.78789e-05 0)
(0.971063 9.6353e-05 0)
(0.971002 9.4861e-05 0)
(0.970942 9.34056e-05 0)
(0.970884 9.19895e-05 0)
(0.970826 9.06146e-05 0)
(0.931548 0.000168743 0)
(0.93149 0.00016583 0)
(0.931433 0.000162998 0)
(0.931377 0.000160233 0)
(0.931323 0.000157528 0)
(0.931269 0.000154879 0)
(0.931217 0.00015229 0)
(0.931166 0.000149764 0)
(0.931116 0.000147305 0)
(0.931067 0.000144915 0)
(0.871909 0.000222349 0)
(0.871867 0.000218044 0)
(0.871826 0.000213863 0)
(0.871786 0.000209788 0)
(0.871748 0.000205809 0)
(0.871711 0.000201924 0)
(0.871675 0.000198133 0)
(0.87164 0.000194441 0)
(0.871607 0.000190851 0)
(0.871574 0.000187365 0)
(0.792681 0.000254772 0)
(0.792666 0.000249052 0)
(0.792652 0.000243517 0)
(0.79264 0.000238148 0)
(0.792628 0.000232931 0)
(0.792617 0.000227862 0)
(0.792607 0.000222938 0)
(0.792598 0.000218163 0)
(0.79259 0.000213536 0)
(0.792583 0.000209059 0)
(0.694241 0.000253204 0)
(0.694263 0.000246589 0)
(0.694285 0.000240227 0)
(0.694307 0.000234097 0)
(0.69433 0.00022818 0)
(0.694352 0.000222468 0)
(0.694375 0.000216954 0)
(0.694398 0.000211636 0)
(0.69442 0.00020651 0)
(0.694443 0.000201575 0)
(0.577061 0.00021132 0)
(0.577118 0.000205076 0)
(0.577173 0.00019911 0)
(0.577228 0.000193397 0)
(0.577281 0.000187916 0)
(0.577333 0.000182654 0)
(0.577385 0.000177604 0)
(0.577435 0.000172758 0)
(0.577485 0.000168111 0)
(0.577533 0.000163659 0)
(0.441518 0.000138541 0)
(0.441592 0.000134111 0)
(0.441664 0.000129895 0)
(0.441734 0.000125872 0)
(0.441802 0.000122027 0)
(0.441868 0.000118348 0)
(0.441933 0.000114829 0)
(0.441996 0.000111463 0)
(0.442057 0.000108247 0)
(0.442117 0.000105177 0)
(0.287735 6.09053e-05 0)
(0.287801 5.8875e-05 0)
(0.287865 5.69431e-05 0)
(0.287927 5.51003e-05 0)
(0.287986 5.33393e-05 0)
(0.288044 5.16565e-05 0)
(0.288101 5.00492e-05 0)
(0.288155 4.85163e-05 0)
(0.288208 4.70559e-05 0)
(0.28826 4.56664e-05 0)
(0.115612 7.61891e-06 0)
(0.115645 7.37022e-06 0)
(0.115676 7.13125e-06 0)
(0.115706 6.89901e-06 0)
(0.115736 6.67295e-06 0)
(0.115764 6.4529e-06 0)
(0.115792 6.24044e-06 0)
(0.115818 6.03654e-06 0)
(0.115844 5.84299e-06 0)
(0.115869 5.66017e-06 0)
(0.115893 -5.49153e-06 0)
(0.115917 -5.33133e-06 0)
(0.11594 -5.18046e-06 0)
(0.115962 -5.03792e-06 0)
(0.115984 -4.90214e-06 0)
(0.116005 -4.77215e-06 0)
(0.116026 -4.64668e-06 0)
(0.116046 -4.52521e-06 0)
(0.116065 -4.40711e-06 0)
(0.116084 -4.29237e-06 0)
(0.116103 -4.18088e-06 0)
(0.116121 -4.07293e-06 0)
(0.116138 -3.96859e-06 0)
(0.116155 -3.86819e-06 0)
(0.116172 -3.7717e-06 0)
(0.116189 -3.67931e-06 0)
(0.116204 -3.59075e-06 0)
(0.11622 -3.50605e-06 0)
(0.116235 -3.42475e-06 0)
(0.11625 -3.34677e-06 0)
(0.116265 -3.2716e-06 0)
(0.116279 -3.19915e-06 0)
(0.116293 -3.12897e-06 0)
(0.116307 -3.06104e-06 0)
(0.11632 -2.99502e-06 0)
(0.116333 -2.93101e-06 0)
(0.116346 -2.86878e-06 0)
(0.116358 -2.80851e-06 0)
(0.11637 -2.75004e-06 0)
(0.116382 -2.69362e-06 0)
(0.116394 -2.6391e-06 0)
(0.116406 -2.58678e-06 0)
(0.116417 -2.53651e-06 0)
(0.116428 -2.48863e-06 0)
(0.116439 -2.44304e-06 0)
(0.28831 -4.43382e-05 0)
(0.288358 -4.30795e-05 0)
(0.288406 -4.18796e-05 0)
(0.288452 -4.07339e-05 0)
(0.288497 -3.96375e-05 0)
(0.28854 -3.85863e-05 0)
(0.288583 -3.7576e-05 0)
(0.288625 -3.66036e-05 0)
(0.288665 -3.56665e-05 0)
(0.288705 -3.47626e-05 0)
(0.288743 -3.38906e-05 0)
(0.288781 -3.30495e-05 0)
(0.288818 -3.22382e-05 0)
(0.288854 -3.14563e-05 0)
(0.288889 -3.07027e-05 0)
(0.288923 -2.99767e-05 0)
(0.288956 -2.9277e-05 0)
(0.288989 -2.86027e-05 0)
(0.289021 -2.79523e-05 0)
(0.289052 -2.73246e-05 0)
(0.289083 -2.67182e-05 0)
(0.289113 -2.61319e-05 0)
(0.289142 -2.55645e-05 0)
(0.289171 -2.5015e-05 0)
(0.289199 -2.44825e-05 0)
(0.289227 -2.39664e-05 0)
(0.289254 -2.3466e-05 0)
(0.28928 -2.2981e-05 0)
(0.289306 -2.2511e-05 0)
(0.289331 -2.20559e-05 0)
(0.289356 -2.16155e-05 0)
(0.289381 -2.11901e-05 0)
(0.289405 -2.07794e-05 0)
(0.289428 -2.03842e-05 0)
(0.289451 -2.00046e-05 0)
(0.442175 -0.00010221 0)
(0.442232 -9.94125e-05 0)
(0.442287 -9.67394e-05 0)
(0.442341 -9.41819e-05 0)
(0.442394 -9.1731e-05 0)
(0.442446 -8.93782e-05 0)
(0.442496 -8.71156e-05 0)
(0.442545 -8.49366e-05 0)
(0.442593 -8.28353e-05 0)
(0.44264 -8.08076e-05 0)
(0.442686 -7.88496e-05 0)
(0.442731 -7.69589e-05 0)
(0.442775 -7.5133e-05 0)
(0.442818 -7.33702e-05 0)
(0.44286 -7.16683e-05 0)
(0.442902 -7.00254e-05 0)
(0.442942 -6.84394e-05 0)
(0.442981 -6.69079e-05 0)
(0.44302 -6.54283e-05 0)
(0.443058 -6.39983e-05 0)
(0.443095 -6.2615e-05 0)
(0.443132 -6.12762e-05 0)
(0.443167 -5.99793e-05 0)
(0.443202 -5.87224e-05 0)
(0.443237 -5.75033e-05 0)
(0.44327 -5.63208e-05 0)
(0.443303 -5.51731e-05 0)
(0.443336 -5.40596e-05 0)
(0.443367 -5.2979e-05 0)
(0.443399 -5.19311e-05 0)
(0.443429 -5.09152e-05 0)
(0.443459 -4.99315e-05 0)
(0.443489 -4.89798e-05 0)
(0.443518 -4.80611e-05 0)
(0.443546 -4.71759e-05 0)
(0.57758 -0.000159317 0)
(0.577627 -0.000155229 0)
(0.577673 -0.000151311 0)
(0.577718 -0.000147551 0)
(0.577762 -0.000143936 0)
(0.577805 -0.000140457 0)
(0.577848 -0.000137103 0)
(0.577889 -0.000133865 0)
(0.57793 -0.000130735 0)
(0.57797 -0.000127708 0)
(0.57801 -0.000124779 0)
(0.578049 -0.000121945 0)
(0.578087 -0.000119202 0)
(0.578124 -0.000116548 0)
(0.578161 -0.00011398 0)
(0.578197 -0.000111496 0)
(0.578233 -0.000109092 0)
(0.578268 -0.000106765 0)
(0.578302 -0.000104513 0)
(0.578336 -0.000102331 0)
(0.578369 -0.000100216 0)
(0.578401 -9.81656e-05 0)
(0.578433 -9.61754e-05 0)
(0.578465 -9.42431e-05 0)
(0.578496 -9.23661e-05 0)
(0.578526 -9.05422e-05 0)
(0.578556 -8.87696e-05 0)
(0.578585 -8.70467e-05 0)
(0.578614 -8.53724e-05 0)
(0.578643 -8.37456e-05 0)
(0.578671 -8.21659e-05 0)
(0.578698 -8.0633e-05 0)
(0.578725 -7.91473e-05 0)
(0.578752 -7.77094e-05 0)
(0.578778 -7.63207e-05 0)
(0.694465 -0.000196712 0)
(0.694488 -0.000192135 0)
(0.69451 -0.000187729 0)
(0.694533 -0.000183483 0)
(0.694555 -0.000179386 0)
(0.694578 -0.000175427 0)
(0.6946 -0.000171595 0)
(0.694622 -0.000167883 0)
(0.694644 -0.000164281 0)
(0.694665 -0.000160786 0)
(0.694687 -0.000157392 0)
(0.694708 -0.000154096 0)
(0.69473 -0.000150895 0)
(0.694751 -0.000147788 0)
(0.694772 -0.000144771 0)
(0.694792 -0.000141843 0)
(0.694813 -0.000139001 0)
(0.694833 -0.000136242 0)
(0.694853 -0.000133562 0)
(0.694873 -0.00013096 0)
(0.694893 -0.00012843 0)
(0.694913 -0.00012597 0)
(0.694932 -0.000123577 0)
(0.694951 -0.000121248 0)
(0.69497 -0.000118979 0)
(0.694989 -0.00011677 0)
(0.695008 -0.000114618 0)
(0.695026 -0.00011252 0)
(0.695044 -0.000110478 0)
(0.695062 -0.000108488 0)
(0.69508 -0.000106552 0)
(0.695098 -0.000104668 0)
(0.695115 -0.000102838 0)
(0.695132 -0.000101062 0)
(0.695149 -9.93433e-05 0)
(0.792576 -0.000204588 0)
(0.792569 -0.000200392 0)
(0.792564 -0.000196334 0)
(0.792559 -0.000192406 0)
(0.792555 -0.000188598 0)
(0.792551 -0.000184902 0)
(0.792548 -0.000181309 0)
(0.792545 -0.000177813 0)
(0.792542 -0.000174406 0)
(0.79254 -0.000171085 0)
(0.792539 -0.000167846 0)
(0.792537 -0.000164687 0)
(0.792536 -0.000161607 0)
(0.792536 -0.000158604 0)
(0.792536 -0.000155676 0)
(0.792536 -0.000152824 0)
(0.792536 -0.000150044 0)
(0.792536 -0.000147336 0)
(0.792537 -0.000144696 0)
(0.792538 -0.000142122 0)
(0.792539 -0.000139613 0)
(0.792541 -0.000137164 0)
(0.792542 -0.000134774 0)
(0.792544 -0.00013244 0)
(0.792546 -0.00013016 0)
(0.792548 -0.000127932 0)
(0.792551 -0.000125756 0)
(0.792553 -0.000123629 0)
(0.792555 -0.000121551 0)
(0.792558 -0.000119522 0)
(0.792561 -0.00011754 0)
(0.792564 -0.000115608 0)
(0.792566 -0.000113724 0)
(0.792569 -0.000111892 0)
(0.792573 -0.000110114 0)
(0.871542 -0.00018382 0)
(0.871512 -0.000180529 0)
(0.871482 -0.000177334 0)
(0.871453 -0.000174231 0)
(0.871425 -0.000171211 0)
(0.871398 -0.000168268 0)
(0.871372 -0.000165396 0)
(0.871347 -0.00016259 0)
(0.871322 -0.000159844 0)
(0.871298 -0.000157157 0)
(0.871275 -0.000154525 0)
(0.871253 -0.000151948 0)
(0.871231 -0.000149424 0)
(0.871209 -0.000146954 0)
(0.871189 -0.000144537 0)
(0.871169 -0.000142172 0)
(0.871149 -0.000139859 0)
(0.87113 -0.000137596 0)
(0.871112 -0.000135382 0)
(0.871094 -0.000133215 0)
(0.871077 -0.000131095 0)
(0.87106 -0.000129018 0)
(0.871043 -0.000126985 0)
(0.871028 -0.000124992 0)
(0.871012 -0.000123039 0)
(0.870997 -0.000121124 0)
(0.870982 -0.000119247 0)
(0.870968 -0.000117407 0)
(0.870954 -0.000115604 0)
(0.87094 -0.000113837 0)
(0.870927 -0.000112107 0)
(0.870914 -0.000110414 0)
(0.870901 -0.000108759 0)
(0.870889 -0.000107145 0)
(0.870877 -0.000105574 0)
(0.931019 -0.000142414 0)
(0.930972 -0.00014015 0)
(0.930926 -0.00013795 0)
(0.930882 -0.000135809 0)
(0.930838 -0.000133721 0)
(0.930794 -0.000131682 0)
(0.930752 -0.000129687 0)
(0.930711 -0.000127732 0)
(0.93067 -0.000125814 0)
(0.930631 -0.000123931 0)
(0.930592 -0.000122082 0)
(0.930553 -0.000120266 0)
(0.930516 -0.000118482 0)
(0.930479 -0.000116731 0)
(0.930443 -0.000115012 0)
(0.930408 -0.000113326 0)
(0.930373 -0.00011167 0)
(0.930339 -0.000110046 0)
(0.930306 -0.000108452 0)
(0.930273 -0.000106887 0)
(0.930241 -0.00010535 0)
(0.93021 -0.000103841 0)
(0.930179 -0.000102357 0)
(0.930149 -0.0001009 0)
(0.930119 -9.94667e-05 0)
(0.93009 -9.80578e-05 0)
(0.930061 -9.66724e-05 0)
(0.930033 -9.53104e-05 0)
(0.930005 -9.39715e-05 0)
(0.929978 -9.26559e-05 0)
(0.929951 -9.13639e-05 0)
(0.929925 -9.00964e-05 0)
(0.929899 -8.88544e-05 0)
(0.929874 -8.76395e-05 0)
(0.929849 -8.64544e-05 0)
(0.97077 -8.90865e-05 0)
(0.970714 -8.7782e-05 0)
(0.970659 -8.65143e-05 0)
(0.970605 -8.52804e-05 0)
(0.970552 -8.40767e-05 0)
(0.9705 -8.29001e-05 0)
(0.970449 -8.17475e-05 0)
(0.970398 -8.06166e-05 0)
(0.970348 -7.95057e-05 0)
(0.970299 -7.84136e-05 0)
(0.970251 -7.73396e-05 0)
(0.970204 -7.62832e-05 0)
(0.970157 -7.52443e-05 0)
(0.970111 -7.42226e-05 0)
(0.970065 -7.3218e-05 0)
(0.970021 -7.22302e-05 0)
(0.969977 -7.12589e-05 0)
(0.969933 -7.03036e-05 0)
(0.969891 -6.93639e-05 0)
(0.969849 -6.84392e-05 0)
(0.969807 -6.75291e-05 0)
(0.969766 -6.6633e-05 0)
(0.969726 -6.57505e-05 0)
(0.969686 -6.48811e-05 0)
(0.969647 -6.40245e-05 0)
(0.969609 -6.31804e-05 0)
(0.969571 -6.23487e-05 0)
(0.969533 -6.15291e-05 0)
(0.969497 -6.07217e-05 0)
(0.96946 -5.99266e-05 0)
(0.969424 -5.91442e-05 0)
(0.969389 -5.83749e-05 0)
(0.969354 -5.76196e-05 0)
(0.96932 -5.68793e-05 0)
(0.969286 -5.61558e-05 0)
(0.990669 -3.01581e-05 0)
(0.99061 -2.97299e-05 0)
(0.990551 -2.93136e-05 0)
(0.990494 -2.89081e-05 0)
(0.990437 -2.85122e-05 0)
(0.990381 -2.81249e-05 0)
(0.990326 -2.77451e-05 0)
(0.990271 -2.73723e-05 0)
(0.990217 -2.70058e-05 0)
(0.990164 -2.66454e-05 0)
(0.990112 -2.6291e-05 0)
(0.99006 -2.59422e-05 0)
(0.990009 -2.5599e-05 0)
(0.989959 -2.52613e-05 0)
(0.98991 -2.49289e-05 0)
(0.989861 -2.46015e-05 0)
(0.989812 -2.4279e-05 0)
(0.989765 -2.39611e-05 0)
(0.989718 -2.36476e-05 0)
(0.989671 -2.33384e-05 0)
(0.989625 -2.30333e-05 0)
(0.98958 -2.27321e-05 0)
(0.989535 -2.24348e-05 0)
(0.989491 -2.21413e-05 0)
(0.989448 -2.18516e-05 0)
(0.989405 -2.15657e-05 0)
(0.989362 -2.12834e-05 0)
(0.989321 -2.10049e-05 0)
(0.989279 -2.07301e-05 0)
(0.989239 -2.04591e-05 0)
(0.989198 -2.01919e-05 0)
(0.989158 -1.99288e-05 0)
(0.989119 -1.96699e-05 0)
(0.98908 -1.94157e-05 0)
(0.989042 -1.91669e-05 0)
(0.990669 3.03599e-05 0)
(0.99061 2.99428e-05 0)
(0.990551 2.95387e-05 0)
(0.990494 2.91465e-05 0)
(0.990437 2.87648e-05 0)
(0.990381 2.83923e-05 0)
(0.990326 2.80279e-05 0)
(0.990271 2.76705e-05 0)
(0.990217 2.73194e-05 0)
(0.990164 2.6974e-05 0)
(0.990112 2.66341e-05 0)
(0.99006 2.62995e-05 0)
(0.990009 2.59704e-05 0)
(0.989959 2.56468e-05 0)
(0.98991 2.53289e-05 0)
(0.989861 2.50166e-05 0)
(0.989812 2.471e-05 0)
(0.989765 2.44091e-05 0)
(0.989718 2.41138e-05 0)
(0.989671 2.38238e-05 0)
(0.989625 2.3539e-05 0)
(0.98958 2.32591e-05 0)
(0.989536 2.29839e-05 0)
(0.989492 2.2713e-05 0)
(0.989448 2.24463e-05 0)
(0.989405 2.21837e-05 0)
(0.989363 2.19249e-05 0)
(0.989321 2.16699e-05 0)
(0.98928 2.14188e-05 0)
(0.989239 2.11716e-05 0)
(0.989199 2.09284e-05 0)
(0.989159 2.06894e-05 0)
(0.98912 2.0455e-05 0)
(0.989081 2.02255e-05 0)
(0.989042 2.00016e-05 0)
(0.97077 8.9281e-05 0)
(0.970714 8.79877e-05 0)
(0.970659 8.67322e-05 0)
(0.970606 8.55113e-05 0)
(0.970553 8.43212e-05 0)
(0.9705 8.31585e-05 0)
(0.970449 8.202e-05 0)
(0.970399 8.09033e-05 0)
(0.970349 7.98064e-05 0)
(0.9703 7.87281e-05 0)
(0.970252 7.76676e-05 0)
(0.970204 7.66248e-05 0)
(0.970157 7.55995e-05 0)
(0.970111 7.45918e-05 0)
(0.970066 7.36015e-05 0)
(0.970021 7.26288e-05 0)
(0.969977 7.16733e-05 0)
(0.969934 7.07347e-05 0)
(0.969891 6.98127e-05 0)
(0.969849 6.89066e-05 0)
(0.969808 6.80158e-05 0)
(0.969767 6.71399e-05 0)
(0.969727 6.6278e-05 0)
(0.969687 6.54299e-05 0)
(0.969648 6.45948e-05 0)
(0.969609 6.37726e-05 0)
(0.969572 6.29629e-05 0)
(0.969534 6.21656e-05 0)
(0.969497 6.13807e-05 0)
(0.969461 6.06084e-05 0)
(0.969425 5.98488e-05 0)
(0.96939 5.91027e-05 0)
(0.969355 5.83708e-05 0)
(0.969321 5.76542e-05 0)
(0.969287 5.69544e-05 0)
(0.931019 0.000142595 0)
(0.930973 0.000140343 0)
(0.930927 0.000138154 0)
(0.930882 0.000136025 0)
(0.930838 0.000133949 0)
(0.930795 0.000131922 0)
(0.930753 0.000129939 0)
(0.930711 0.000127995 0)
(0.930671 0.000126089 0)
(0.930631 0.000124218 0)
(0.930592 0.000122381 0)
(0.930554 0.000120577 0)
(0.930516 0.000118807 0)
(0.93048 0.000117069 0)
(0.930444 0.000115365 0)
(0.930409 0.000113693 0)
(0.930374 0.000112053 0)
(0.93034 0.000110445 0)
(0.930307 0.000108867 0)
(0.930274 0.000107319 0)
(0.930242 0.000105799 0)
(0.930211 0.000104308 0)
(0.93018 0.000102843 0)
(0.93015 0.000101404 0)
(0.93012 9.99894e-05 0)
(0.930091 9.85997e-05 0)
(0.930062 9.7234e-05 0)
(0.930034 9.58919e-05 0)
(0.930006 9.45733e-05 0)
(0.929979 9.32783e-05 0)
(0.929953 9.20073e-05 0)
(0.929926 9.0761e-05 0)
(0.929901 8.95404e-05 0)
(0.929875 8.83471e-05 0)
(0.929851 8.71834e-05 0)
(0.871543 0.000183983 0)
(0.871512 0.000180702 0)
(0.871482 0.000177518 0)
(0.871454 0.000174424 0)
(0.871426 0.000171414 0)
(0.871399 0.00016848 0)
(0.871373 0.000165616 0)
(0.871347 0.000162818 0)
(0.871323 0.000160082 0)
(0.871299 0.000157404 0)
(0.871276 0.000154783 0)
(0.871253 0.000152217 0)
(0.871231 0.000149706 0)
(0.87121 0.000147249 0)
(0.87119 0.000144846 0)
(0.87117 0.000142495 0)
(0.87115 0.000140196 0)
(0.871131 0.000137947 0)
(0.871113 0.000135747 0)
(0.871095 0.000133595 0)
(0.871078 0.000131489 0)
(0.871061 0.000129427 0)
(0.871045 0.000127408 0)
(0.871029 0.000125431 0)
(0.871013 0.000123493 0)
(0.870998 0.000121594 0)
(0.870984 0.000119734 0)
(0.870969 0.000117911 0)
(0.870956 0.000116125 0)
(0.870942 0.000114376 0)
(0.870929 0.000112664 0)
(0.870916 0.000110989 0)
(0.870904 0.000109353 0)
(0.870891 0.000107757 0)
(0.87088 0.000106205 0)
(0.792576 0.000204728 0)
(0.79257 0.000200541 0)
(0.792564 0.000196491 0)
(0.79256 0.000192568 0)
(0.792555 0.000188766 0)
(0.792551 0.000185075 0)
(0.792548 0.000181488 0)
(0.792545 0.000177997 0)
(0.792543 0.000174597 0)
(0.792541 0.000171284 0)
(0.792539 0.000168055 0)
(0.792538 0.000164907 0)
(0.792537 0.000161838 0)
(0.792537 0.000158847 0)
(0.792537 0.000155932 0)
(0.792537 0.000153092 0)
(0.792537 0.000150325 0)
(0.792538 0.000147628 0)
(0.792538 0.000144999 0)
(0.79254 0.000142437 0)
(0.792541 0.000139938 0)
(0.792542 0.0001375 0)
(0.792544 0.000135121 0)
(0.792546 0.000132798 0)
(0.792548 0.00013053 0)
(0.79255 0.000128315 0)
(0.792552 0.000126151 0)
(0.792555 0.000124038 0)
(0.792557 0.000121974 0)
(0.79256 0.000119959 0)
(0.792563 0.000117992 0)
(0.792566 0.000116075 0)
(0.792569 0.000114206 0)
(0.792572 0.000112388 0)
(0.792575 0.000110624 0)
(0.694466 0.000196824 0)
(0.694488 0.000192252 0)
(0.694511 0.000187849 0)
(0.694533 0.000183606 0)
(0.694556 0.00017951 0)
(0.694578 0.000175554 0)
(0.6946 0.000171726 0)
(0.694622 0.000168018 0)
(0.694644 0.000164422 0)
(0.694666 0.000160935 0)
(0.694688 0.000157549 0)
(0.694709 0.000154262 0)
(0.694731 0.000151071 0)
(0.694752 0.000147974 0)
(0.694773 0.000144967 0)
(0.694793 0.000142049 0)
(0.694814 0.000139215 0)
(0.694835 0.000136465 0)
(0.694855 0.000133793 0)
(0.694875 0.000131198 0)
(0.694895 0.000128675 0)
(0.694914 0.000126223 0)
(0.694934 0.000123837 0)
(0.694953 0.000121516 0)
(0.694972 0.000119256 0)
(0.694991 0.000117056 0)
(0.69501 0.000114913 0)
(0.695028 0.000112826 0)
(0.695047 0.000110793 0)
(0.695065 0.000108815 0)
(0.695082 0.000106889 0)
(0.6951 0.000105016 0)
(0.695118 0.000103196 0)
(0.695135 0.000101431 0)
(0.695152 9.97204e-05 0)
(0.577581 0.000159393 0)
(0.577627 0.000155306 0)
(0.577673 0.000151388 0)
(0.577718 0.000147628 0)
(0.577762 0.000144015 0)
(0.577806 0.000140538 0)
(0.577848 0.000137187 0)
(0.57789 0.000133953 0)
(0.577931 0.000130829 0)
(0.577971 0.000127808 0)
(0.578011 0.000124886 0)
(0.57805 0.000122059 0)
(0.578088 0.000119323 0)
(0.578125 0.000116675 0)
(0.578162 0.000114114 0)
(0.578198 0.000111635 0)
(0.578234 0.000109237 0)
(0.578269 0.000106915 0)
(0.578303 0.000104668 0)
(0.578337 0.00010249 0)
(0.57837 0.00010038 0)
(0.578403 9.83341e-05 0)
(0.578435 9.63489e-05 0)
(0.578466 9.44217e-05 0)
(0.578497 9.25504e-05 0)
(0.578528 9.07323e-05 0)
(0.578558 8.8966e-05 0)
(0.578587 8.72494e-05 0)
(0.578616 8.55818e-05 0)
(0.578645 8.39616e-05 0)
(0.578673 8.23887e-05 0)
(0.578701 8.08621e-05 0)
(0.578728 7.93825e-05 0)
(0.578755 7.79501e-05 0)
(0.578781 7.65665e-05 0)
(0.442175 0.000102246 0)
(0.442232 9.94479e-05 0)
(0.442288 9.67756e-05 0)
(0.442342 9.4219e-05 0)
(0.442395 9.17705e-05 0)
(0.442446 8.94201e-05 0)
(0.442497 8.71612e-05 0)
(0.442546 8.49853e-05 0)
(0.442594 8.28882e-05 0)
(0.442641 8.08637e-05 0)
(0.442687 7.89098e-05 0)
(0.442732 7.70221e-05 0)
(0.442776 7.51999e-05 0)
(0.442819 7.34398e-05 0)
(0.442861 7.17413e-05 0)
(0.442903 7.01009e-05 0)
(0.442943 6.85181e-05 0)
(0.442983 6.6989e-05 0)
(0.443021 6.55125e-05 0)
(0.443059 6.40848e-05 0)
(0.443097 6.27047e-05 0)
(0.443133 6.13682e-05 0)
(0.443169 6.00745e-05 0)
(0.443204 5.882e-05 0)
(0.443238 5.76044e-05 0)
(0.443272 5.64245e-05 0)
(0.443305 5.52805e-05 0)
(0.443337 5.41696e-05 0)
(0.443369 5.30928e-05 0)
(0.4434 5.20475e-05 0)
(0.443431 5.10353e-05 0)
(0.443461 5.00539e-05 0)
(0.443491 4.91055e-05 0)
(0.44352 4.81884e-05 0)
(0.443548 4.73057e-05 0)
(0.28831 4.43446e-05 0)
(0.288359 4.30869e-05 0)
(0.288406 4.18885e-05 0)
(0.288452 4.07449e-05 0)
(0.288497 3.96505e-05 0)
(0.288541 3.86013e-05 0)
(0.288583 3.75927e-05 0)
(0.288625 3.66218e-05 0)
(0.288666 3.56857e-05 0)
(0.288705 3.47827e-05 0)
(0.288744 3.39113e-05 0)
(0.288781 3.3071e-05 0)
(0.288818 3.22604e-05 0)
(0.288854 3.14794e-05 0)
(0.288889 3.07268e-05 0)
(0.288924 3.00022e-05 0)
(0.288957 2.93038e-05 0)
(0.28899 2.8631e-05 0)
(0.289022 2.79821e-05 0)
(0.289053 2.73559e-05 0)
(0.289084 2.67508e-05 0)
(0.289114 2.61658e-05 0)
(0.289143 2.55995e-05 0)
(0.289172 2.50511e-05 0)
(0.2892 2.45195e-05 0)
(0.289228 2.40044e-05 0)
(0.289255 2.35047e-05 0)
(0.289281 2.30208e-05 0)
(0.289307 2.25515e-05 0)
(0.289333 2.20974e-05 0)
(0.289358 2.16577e-05 0)
(0.289382 2.12331e-05 0)
(0.289406 2.08229e-05 0)
(0.28943 2.04282e-05 0)
(0.289453 2.00486e-05 0)
(0.115893 5.48879e-06 0)
(0.115917 5.32797e-06 0)
(0.11594 5.17727e-06 0)
(0.115962 5.03494e-06 0)
(0.115984 4.90006e-06 0)
(0.116005 4.77077e-06 0)
(0.116026 4.64642e-06 0)
(0.116046 4.52567e-06 0)
(0.116065 4.40847e-06 0)
(0.116084 4.29411e-06 0)
(0.116103 4.18309e-06 0)
(0.116121 4.0751e-06 0)
(0.116138 3.97088e-06 0)
(0.116156 3.87017e-06 0)
(0.116172 3.77364e-06 0)
(0.116189 3.68088e-06 0)
(0.116205 3.59235e-06 0)
(0.11622 3.50739e-06 0)
(0.116236 3.42628e-06 0)
(0.116251 3.34823e-06 0)
(0.116265 3.27342e-06 0)
(0.116279 3.20104e-06 0)
(0.116293 3.13132e-06 0)
(0.116307 3.06351e-06 0)
(0.11632 2.99798e-06 0)
(0.116333 2.93406e-06 0)
(0.116346 2.87226e-06 0)
(0.116359 2.81199e-06 0)
(0.116371 2.75386e-06 0)
(0.116383 2.6973e-06 0)
(0.116395 2.64302e-06 0)
(0.116406 2.59042e-06 0)
(0.116418 2.54026e-06 0)
(0.116429 2.49193e-06 0)
(0.11644 2.44628e-06 0)
(0.11645 -2.40016e-06 0)
(0.11646 -2.35992e-06 0)
(0.116471 -2.32312e-06 0)
(0.116481 -2.29077e-06 0)
(0.116491 -2.26464e-06 0)
(0.1165 -2.24719e-06 0)
(0.11651 -2.20619e-06 0)
(0.11652 -2.31819e-06 0)
(0.116529 -1.90273e-06 0)
(0.116542 -3.85841e-06 0)
(0.289474 -1.96417e-05 0)
(0.289496 -1.92966e-05 0)
(0.289518 -1.89707e-05 0)
(0.289539 -1.86671e-05 0)
(0.28956 -1.8387e-05 0)
(0.289581 -1.814e-05 0)
(0.289602 -1.78954e-05 0)
(0.289622 -1.77817e-05 0)
(0.28964 -1.72101e-05 0)
(0.289668 -1.90928e-05 0)
(0.443574 -4.63263e-05 0)
(0.443601 -4.55142e-05 0)
(0.443628 -4.4743e-05 0)
(0.443655 -4.40173e-05 0)
(0.443681 -4.33407e-05 0)
(0.443707 -4.27236e-05 0)
(0.443732 -4.21386e-05 0)
(0.443758 -4.16941e-05 0)
(0.44378 -4.09718e-05 0)
(0.443814 -4.14407e-05 0)
(0.578804 -7.49836e-05 0)
(0.578829 -7.37014e-05 0)
(0.578855 -7.24789e-05 0)
(0.578879 -7.13223e-05 0)
(0.578904 -7.024e-05 0)
(0.578928 -6.92389e-05 0)
(0.578951 -6.83328e-05 0)
(0.578975 -6.75002e-05 0)
(0.578995 -6.68612e-05 0)
(0.579028 -6.57976e-05 0)
(0.695166 -9.76836e-05 0)
(0.695183 -9.60878e-05 0)
(0.695199 -9.45622e-05 0)
(0.695215 -9.31145e-05 0)
(0.695231 -9.17595e-05 0)
(0.695247 -9.0498e-05 0)
(0.695263 -8.93973e-05 0)
(0.695279 -8.829e-05 0)
(0.695293 -8.78914e-05 0)
(0.695315 -8.56777e-05 0)
(0.792576 -0.000108393 0)
(0.792579 -0.000106734 0)
(0.792582 -0.000105145 0)
(0.792585 -0.000103634 0)
(0.792589 -0.000102223 0)
(0.792592 -0.000100907 0)
(0.792596 -9.97965e-05 0)
(0.792599 -9.86188e-05 0)
(0.792603 -9.84977e-05 0)
(0.792608 -9.57438e-05 0)
(0.870865 -0.00010405 0)
(0.870854 -0.000102578 0)
(0.870843 -0.000101166 0)
(0.870832 -9.98237e-05 0)
(0.870821 -9.85721e-05 0)
(0.870811 -9.74056e-05 0)
(0.870801 -9.64522e-05 0)
(0.870791 -9.54027e-05 0)
(0.870782 -9.55002e-05 0)
(0.870768 -9.2823e-05 0)
(0.929824 -8.53023e-05 0)
(0.9298 -8.41879e-05 0)
(0.929776 -8.31183e-05 0)
(0.929753 -8.21012e-05 0)
(0.92973 -8.11562e-05 0)
(0.929707 -8.02777e-05 0)
(0.929685 -7.95803e-05 0)
(0.929662 -7.87938e-05 0)
(0.929644 -7.89932e-05 0)
(0.929612 -7.68583e-05 0)
(0.969253 -5.54514e-05 0)
(0.96922 -5.47692e-05 0)
(0.969187 -5.41142e-05 0)
(0.969155 -5.34914e-05 0)
(0.969123 -5.29145e-05 0)
(0.969092 -5.23796e-05 0)
(0.969061 -5.19658e-05 0)
(0.969029 -5.149e-05 0)
(0.969003 -5.16665e-05 0)
(0.968958 -5.03285e-05 0)
(0.989004 -1.89241e-05 0)
(0.988967 -1.86885e-05 0)
(0.98893 -1.84619e-05 0)
(0.988893 -1.82461e-05 0)
(0.988857 -1.8046e-05 0)
(0.988821 -1.78607e-05 0)
(0.988786 -1.77178e-05 0)
(0.98875 -1.75561e-05 0)
(0.98872 -1.76225e-05 0)
(0.988669 -1.7169e-05 0)
(0.989005 1.9784e-05 0)
(0.988967 1.95739e-05 0)
(0.98893 1.93729e-05 0)
(0.988894 1.91829e-05 0)
(0.988858 1.90084e-05 0)
(0.988822 1.88477e-05 0)
(0.988787 1.87266e-05 0)
(0.98875 1.85814e-05 0)
(0.988721 1.86574e-05 0)
(0.988669 1.82068e-05 0)
(0.969254 5.6274e-05 0)
(0.969221 5.56158e-05 0)
(0.969188 5.49848e-05 0)
(0.969156 5.43859e-05 0)
(0.969125 5.38326e-05 0)
(0.969093 5.33202e-05 0)
(0.969063 5.29257e-05 0)
(0.969031 5.24662e-05 0)
(0.969005 5.2652e-05 0)
(0.96896 5.13161e-05 0)
(0.929826 8.60528e-05 0)
(0.929802 8.49596e-05 0)
(0.929779 8.3911e-05 0)
(0.929755 8.29142e-05 0)
(0.929732 8.1989e-05 0)
(0.92971 8.11287e-05 0)
(0.929688 8.04479e-05 0)
(0.929665 7.96735e-05 0)
(0.929647 7.98823e-05 0)
(0.929615 7.77533e-05 0)
(0.870868 0.000104698 0)
(0.870857 0.000103243 0)
(0.870846 0.000101848 0)
(0.870835 0.000100521 0)
(0.870824 9.92842e-05 0)
(0.870814 9.81311e-05 0)
(0.870804 9.71886e-05 0)
(0.870794 9.61508e-05 0)
(0.870786 9.62566e-05 0)
(0.870772 9.35843e-05 0)
(0.792579 0.000108916 0)
(0.792582 0.00010727 0)
(0.792585 0.000105692 0)
(0.792589 0.000104192 0)
(0.792592 0.00010279 0)
(0.792596 0.000101481 0)
(0.792599 0.000100378 0)
(0.792603 9.92066e-05 0)
(0.792607 9.90926e-05 0)
(0.792612 9.6349e-05 0)
(0.695169 9.80698e-05 0)
(0.695186 9.64811e-05 0)
(0.695202 9.49625e-05 0)
(0.695219 9.35195e-05 0)
(0.695235 9.21685e-05 0)
(0.695251 9.09091e-05 0)
(0.695267 8.98114e-05 0)
(0.695283 8.87074e-05 0)
(0.695297 8.83143e-05 0)
(0.695319 8.61135e-05 0)
(0.578807 7.52335e-05 0)
(0.578833 7.39548e-05 0)
(0.578858 7.27343e-05 0)
(0.578883 7.15787e-05 0)
(0.578907 7.04962e-05 0)
(0.578931 6.94939e-05 0)
(0.578955 6.85875e-05 0)
(0.578979 6.7758e-05 0)
(0.579 6.71221e-05 0)
(0.579033 6.60755e-05 0)
(0.443577 4.64566e-05 0)
(0.443604 4.56456e-05 0)
(0.443631 4.48731e-05 0)
(0.443658 4.41463e-05 0)
(0.443684 4.34661e-05 0)
(0.44371 4.28466e-05 0)
(0.443735 4.22618e-05 0)
(0.443761 4.18168e-05 0)
(0.443783 4.10981e-05 0)
(0.443818 4.15934e-05 0)
(0.289476 1.96857e-05 0)
(0.289498 1.93395e-05 0)
(0.28952 1.90122e-05 0)
(0.289541 1.87061e-05 0)
(0.289562 1.84228e-05 0)
(0.289583 1.81733e-05 0)
(0.289604 1.79272e-05 0)
(0.289625 1.78129e-05 0)
(0.289643 1.7249e-05 0)
(0.28967 1.91542e-05 0)
(0.11645 2.40275e-06 0)
(0.116461 2.36219e-06 0)
(0.116471 2.32388e-06 0)
(0.116481 2.29053e-06 0)
(0.116491 2.26346e-06 0)
(0.116501 2.24371e-06 0)
(0.116511 2.20123e-06 0)
(0.116521 2.32031e-06 0)
(0.116529 1.90113e-06 0)
(0.116543 3.88771e-06 0)
)
;

boundaryField
{
    inlet
    {
        type            fixedProfile;
        profile         csvFile;
        profileCoeffs
        {
            nHeaderLine     0;
            refColumn       0;
            componentColumns 3(1 2 3);
            separator       ",";
            mergeSeparators 0;
            file            "0/Uprofile.csv";
        }
        direction       (0 1 0);
        origin          -1;
        value           nonuniform List<vector> 
20
(
(0.0975 0 0)
(0.2775 0 0)
(0.4375 0 0)
(0.5775 0 0)
(0.6975 0 0)
(0.7975 0 0)
(0.8775 0 0)
(0.9375 0 0)
(0.9775 0 0)
(0.9975 0 0)
(0.9975 0 0)
(0.9775 0 0)
(0.9375 0 0)
(0.8775 0 0)
(0.7975 0 0)
(0.6975 0 0)
(0.5775 0 0)
(0.4375 0 0)
(0.2775 0 0)
(0.0975 0 0)
)
;
    }
    outlet
    {
        type            zeroGradient;
    }
    upperWall
    {
        type            noSlip;
    }
    lowerWall
    {
        type            noSlip;
    }
    frontAndBack
    {
        type            empty;
    }
}


// ************************************************************************* //
