/*--------------------------------*- C++ -*----------------------------------*\
| =========                 |                                                 |
| \\      /  F ield         | OpenFOAM: The Open Source CFD Toolbox           |
|  \\    /   O peration     | Version:  2406                                  |
|   \\  /    A nd           | Website:  www.openfoam.com                      |
|    \\/     M anipulation  |                                                 |
\*---------------------------------------------------------------------------*/
FoamFile
{
    version     2.0;
    format      ascii;
    arch        "LSB;label=32;scalar=64";
    class       volVectorField;
    location    "44";
    object      U;
}
// * * * * * * * * * * * * * * * * * * * * * * * * * * * * * * * * * * * * * //

dimensions      [0 1 -1 0 0 0 0];

internalField   nonuniform List<vector> 
1964
(
(0.09928 -0.00136388 0)
(0.101226 -0.00165428 0)
(0.103274 -0.00110431 0)
(0.105104 -0.000668712 0)
(0.106457 -0.000429652 0)
(0.107449 -0.000286575 0)
(0.10821 -0.000193892 0)
(0.108804 -0.000137819 0)
(0.109276 -0.000106001 0)
(0.109661 -8.56186e-05 0)
(0.109982 -6.87446e-05 0)
(0.110256 -5.43777e-05 0)
(0.110492 -4.47166e-05 0)
(0.110698 -4.11185e-05 0)
(0.110882 -4.18364e-05 0)
(0.111052 -4.40077e-05 0)
(0.111211 -4.48709e-05 0)
(0.111365 -4.40141e-05 0)
(0.111516 -4.22195e-05 0)
(0.11167 -4.17631e-05 0)
(0.111831 -4.43701e-05 0)
(0.112007 -5.17833e-05 0)
(0.112205 -6.45151e-05 0)
(0.112438 -8.33401e-05 0)
(0.112718 -0.000108445 0)
(0.113066 -0.0001413 0)
(0.113503 -0.00018354 0)
(0.114062 -0.000238928 0)
(0.114786 -0.000311968 0)
(0.115731 -0.000409937 0)
(0.116971 -0.000541702 0)
(0.118609 -0.000720024 0)
(0.120781 -0.000961173 0)
(0.123669 -0.0012875 0)
(0.12752 -0.00172827 0)
(0.132659 -0.00232224 0)
(0.139521 -0.00311913 0)
(0.148674 -0.0041804 0)
(0.160844 -0.00557751 0)
(0.176938 -0.00738465 0)
(0.198035 -0.00966135 0)
(0.225327 -0.0124211 0)
(0.259995 -0.0155824 0)
(0.302905 -0.0188706 0)
(0.354309 -0.0217929 0)
(0.413085 -0.0233922 0)
(0.476343 -0.0227095 0)
(0.276572 -0.00161195 0)
(0.276051 -0.00285698 0)
(0.276173 -0.00274305 0)
(0.276663 -0.00229199 0)
(0.277362 -0.00186299 0)
(0.278132 -0.00149381 0)
(0.278884 -0.00118851 0)
(0.279577 -0.000950416 0)
(0.280199 -0.000772458 0)
(0.280755 -0.00064134 0)
(0.281253 -0.000542827 0)
(0.281699 -0.000466184 0)
(0.282099 -0.000405494 0)
(0.28246 -0.000358858 0)
(0.28279 -0.000324516 0)
(0.283095 -0.000300972 0)
(0.283382 -0.000285755 0)
(0.283658 -0.000278019 0)
(0.283929 -0.000277404 0)
(0.284202 -0.000285566 0)
(0.284485 -0.000304401 0)
(0.284788 -0.000337309 0)
(0.285124 -0.00038755 0)
(0.285508 -0.000460423 0)
(0.285962 -0.000561556 0)
(0.286513 -0.000700214 0)
(0.287196 -0.000887245 0)
(0.288057 -0.00113938 0)
(0.289158 -0.00147724 0)
(0.290581 -0.00193056 0)
(0.292433 -0.00253715 0)
(0.294857 -0.00334928 0)
(0.298042 -0.00443453 0)
(0.302236 -0.00588379 0)
(0.307763 -0.00781419 0)
(0.315046 -0.0103778 0)
(0.324629 -0.0137642 0)
(0.337206 -0.0182032 0)
(0.353639 -0.0239552 0)
(0.374978 -0.0312873 0)
(0.402455 -0.0404202 0)
(0.437441 -0.0514379 0)
(0.481371 -0.0641492 0)
(0.535432 -0.0778423 0)
(0.600533 -0.0912442 0)
(0.676 -0.101527 0)
(0.759458 -0.105783 0)
(0.436822 -0.000852289 0)
(0.436423 -0.0018151 0)
(0.436023 -0.002079 0)
(0.435597 -0.00205337 0)
(0.435383 -0.00194612 0)
(0.435397 -0.00179135 0)
(0.435548 -0.00160806 0)
(0.435767 -0.00142326 0)
(0.436023 -0.0012556 0)
(0.4363 -0.00111186 0)
(0.436587 -0.00098999 0)
(0.436875 -0.000885031 0)
(0.437155 -0.00079427 0)
(0.437425 -0.000718355 0)
(0.437684 -0.000658756 0)
(0.437935 -0.000615752 0)
(0.438181 -0.000587957 0)
(0.438426 -0.000573975 0)
(0.438673 -0.000573182 0)
(0.438927 -0.000587229 0)
(0.439193 -0.000619452 0)
(0.43948 -0.000675573 0)
(0.439799 -0.000762787 0)
(0.440163 -0.000890768 0)
(0.440592 -0.00107147 0)
(0.44111 -0.00132095 0)
(0.441748 -0.00166002 0)
(0.44255 -0.00211709 0)
(0.443569 -0.00272978 0)
(0.44488 -0.003549 0)
(0.446578 -0.00464216 0)
(0.448789 -0.00609915 0)
(0.451679 -0.00803809 0)
(0.455468 -0.0106139 0)
(0.460438 -0.0140271 0)
(0.466959 -0.0185338 0)
(0.475508 -0.0244538 0)
(0.486698 -0.0321741 0)
(0.50131 -0.0421394 0)
(0.52033 -0.0548219 0)
(0.544982 -0.0706409 0)
(0.576751 -0.089846 0)
(0.617413 -0.112245 0)
(0.668729 -0.136936 0)
(0.733171 -0.162063 0)
(0.810571 -0.182749 0)
(0.901813 -0.195446 0)
(0.576992 -0.000468178 0)
(0.576841 -0.00117418 0)
(0.576595 -0.00152917 0)
(0.576121 -0.00165048 0)
(0.575699 -0.00166826 0)
(0.575431 -0.00162525 0)
(0.575267 -0.00153861 0)
(0.575165 -0.00142957 0)
(0.575107 -0.00131755 0)
(0.575088 -0.00121377 0)
(0.575105 -0.00112085 0)
(0.575151 -0.00103656 0)
(0.575215 -0.000959785 0)
(0.57529 -0.000892081 0)
(0.575372 -0.000837126 0)
(0.575463 -0.00079715 0)
(0.575564 -0.000773479 0)
(0.575676 -0.000765834 0)
(0.5758 -0.000775233 0)
(0.575937 -0.000803544 0)
(0.57609 -0.000855769 0)
(0.576263 -0.000938534 0)
(0.576463 -0.00106227 0)
(0.576698 -0.00123937 0)
(0.576982 -0.00148747 0)
(0.577331 -0.0018279 0)
(0.577768 -0.00229055 0)
(0.57832 -0.00291315 0)
(0.579025 -0.00374785 0)
(0.579935 -0.00486208 0)
(0.581115 -0.00634729 0)
(0.582651 -0.00832247 0)
(0.584659 -0.0109461 0)
(0.587291 -0.0144238 0)
(0.590746 -0.019024 0)
(0.595291 -0.0250896 0)
(0.601279 -0.0330561 0)
(0.609188 -0.0434617 0)
(0.619661 -0.0569523 0)
(0.633593 -0.0742673 0)
(0.652202 -0.0961643 0)
(0.677215 -0.123325 0)
(0.710894 -0.155879 0)
(0.756173 -0.193306 0)
(0.817525 -0.232789 0)
(0.895331 -0.267032 0)
(1.00212 -0.294267 0)
(0.697078 -0.000297743 0)
(0.697041 -0.000807794 0)
(0.696944 -0.00113103 0)
(0.69658 -0.00128457 0)
(0.696181 -0.00134481 0)
(0.695876 -0.00135047 0)
(0.69564 -0.0013155 0)
(0.695438 -0.00125427 0)
(0.69526 -0.00118267 0)
(0.695107 -0.00111224 0)
(0.694986 -0.00104711 0)
(0.694893 -0.000986838 0)
(0.69482 -0.000930552 0)
(0.69476 -0.000880382 0)
(0.694708 -0.000839836 0)
(0.694667 -0.000812654 0)
(0.694638 -0.000800789 0)
(0.694622 -0.000805734 0)
(0.694619 -0.000828788 0)
(0.694628 -0.000873164 0)
(0.69465 -0.000943816 0)
(0.694686 -0.00104907 0)
(0.694737 -0.00119978 0)
(0.694806 -0.0014113 0)
(0.694901 -0.00170283 0)
(0.695027 -0.00210053 0)
(0.695193 -0.0026377 0)
(0.695414 -0.00335947 0)
(0.695703 -0.00432457 0)
(0.696084 -0.00561198 0)
(0.696583 -0.0073253 0)
(0.69724 -0.0096026 0)
(0.698104 -0.0126249 0)
(0.699245 -0.016631 0)
(0.700756 -0.0219324 0)
(0.702771 -0.0289357 0)
(0.705478 -0.038166 0)
(0.709163 -0.0502978 0)
(0.714252 -0.0661864 0)
(0.721435 -0.086902 0)
(0.73178 -0.113731 0)
(0.747203 -0.148196 0)
(0.77029 -0.191628 0)
(0.806733 -0.245356 0)
(0.861187 -0.307252 0)
(0.944333 -0.369519 0)
(1.07838 -0.438282 0)
(0.797131 -0.000200563 0)
(0.797144 -0.000562212 0)
(0.797134 -0.000822856 0)
(0.796859 -0.000971514 0)
(0.796507 -0.00104733 0)
(0.796215 -0.0010771 0)
(0.795973 -0.0010712 0)
(0.79575 -0.00103936 0)
(0.795536 -0.000994125 0)
(0.795338 -0.000946004 0)
(0.795164 -0.000899935 0)
(0.795014 -0.000856499 0)
(0.794882 -0.000815562 0)
(0.794758 -0.000779027 0)
(0.79464 -0.000750326 0)
(0.794527 -0.000733202 0)
(0.794423 -0.000730235 0)
(0.794327 -0.000743452 0)
(0.79424 -0.000774788 0)
(0.794159 -0.000827653 0)
(0.794082 -0.000907278 0)
(0.794006 -0.00102189 0)
(0.793929 -0.00118261 0)
(0.79385 -0.00140483 0)
(0.793765 -0.00170838 0)
(0.793673 -0.00211981 0)
(0.79357 -0.00267354 0)
(0.79345 -0.00341561 0)
(0.793307 -0.00440642 0)
(0.793132 -0.00572666 0)
(0.792913 -0.0074827 0)
(0.792635 -0.00981611 0)
(0.792279 -0.0129137 0)
(0.791823 -0.0170232 0)
(0.791242 -0.0224716 0)
(0.790514 -0.0296918 0)
(0.789628 -0.039257 0)
(0.788606 -0.0519285 0)
(0.787544 -0.0687221 0)
(0.786712 -0.0910032 0)
(0.786653 -0.120623 0)
(0.788842 -0.160131 0)
(0.795192 -0.21299 0)
(0.814113 -0.284104 0)
(0.846415 -0.378945 0)
(0.940309 -0.498459 0)
(1.06793 -0.682666 0)
(0.877164 -0.000136132 0)
(0.877201 -0.000388272 0)
(0.877238 -0.000585098 0)
(0.877021 -0.000711074 0)
(0.876709 -0.000784363 0)
(0.876435 -0.00082109 0)
(0.8762 -0.000828297 0)
(0.875974 -0.000812843 0)
(0.875749 -0.00078446 0)
(0.875531 -0.000751921 0)
(0.875333 -0.000719941 0)
(0.875157 -0.000689452 0)
(0.874997 -0.000660714 0)
(0.874844 -0.000635104 0)
(0.874693 -0.000615653 0)
(0.874544 -0.000605486 0)
(0.874398 -0.000607398 0)
(0.874258 -0.000623387 0)
(0.874121 -0.0006558 0)
(0.873982 -0.000707719 0)
(0.873838 -0.000784278 0)
(0.873683 -0.000892645 0)
(0.873511 -0.00104327 0)
(0.873313 -0.00124976 0)
(0.873082 -0.00153061 0)
(0.872804 -0.00190966 0)
(0.872463 -0.00241889 0)
(0.872039 -0.0031 0)
(0.871501 -0.00400881 0)
(0.870813 -0.00521886 0)
(0.869922 -0.00682834 0)
(0.868764 -0.00896719 0)
(0.867252 -0.0118087 0)
(0.865271 -0.0155832 0)
(0.862678 -0.0205987 0)
(0.859285 -0.027268 0)
(0.854862 -0.0361484 0)
(0.849126 -0.0479996 0)
(0.841743 -0.0638698 0)
(0.832365 -0.0852304 0)
(0.820611 -0.114205 0)
(0.806467 -0.15391 0)
(0.789502 -0.209312 0)
(0.774427 -0.287956 0)
(0.755468 -0.40472 0)
(0.806398 -0.579383 0)
(0.776514 -0.890081 0)
(0.937185 -8.87599e-05 0)
(0.937233 -0.000255586 0)
(0.937294 -0.000391988 0)
(0.937116 -0.000485292 0)
(0.936832 -0.000543693 0)
(0.936574 -0.000576271 0)
(0.936347 -0.000587136 0)
(0.936122 -0.000580897 0)
(0.935892 -0.000564477 0)
(0.935663 -0.000544326 0)
(0.93545 -0.000523998 0)
(0.935259 -0.00050442 0)
(0.935083 -0.000485797 0)
(0.934912 -0.000469217 0)
(0.934742 -0.000456846 0)
(0.934571 -0.000451236 0)
(0.934402 -0.000454656 0)
(0.934234 -0.000469026 0)
(0.934064 -0.000496347 0)
(0.933888 -0.000539346 0)
(0.933698 -0.000602062 0)
(0.933487 -0.000690376 0)
(0.933245 -0.000812445 0)
(0.932958 -0.00097928 0)
(0.932613 -0.00120546 0)
(0.932189 -0.00151023 0)
(0.931658 -0.00191899 0)
(0.930985 -0.00246537 0)
(0.930123 -0.00319393 0)
(0.929008 -0.00416389 0)
(0.927557 -0.00545403 0)
(0.925658 -0.0071693 0)
(0.923166 -0.00944977 0)
(0.919887 -0.0124831 0)
(0.915566 -0.0165217 0)
(0.909867 -0.0219076 0)
(0.90235 -0.0291085 0)
(0.892434 -0.0387713 0)
(0.879352 -0.0518051 0)
(0.862098 -0.0695064 0)
(0.8393 -0.0937776 0)
(0.809175 -0.127415 0)
(0.768713 -0.174882 0)
(0.714743 -0.24266 0)
(0.634311 -0.344415 0)
(0.533355 -0.504428 0)
(0.202238 -0.699581 0)
(0.977197 -5.03942e-05 0)
(0.97725 -0.000145672 0)
(0.977325 -0.00022571 0)
(0.977169 -0.000282449 0)
(0.976903 -0.000319415 0)
(0.976656 -0.000341393 0)
(0.976434 -0.000350316 0)
(0.976212 -0.000348724 0)
(0.975978 -0.000340687 0)
(0.975743 -0.000330011 0)
(0.975522 -0.000318842 0)
(0.975322 -0.000307847 0)
(0.975136 -0.000297259 0)
(0.974955 -0.000287803 0)
(0.974772 -0.000280835 0)
(0.974588 -0.000277992 0)
(0.974403 -0.000280781 0)
(0.974217 -0.000290536 0)
(0.974027 -0.000308631 0)
(0.973826 -0.000336891 0)
(0.973606 -0.000377935 0)
(0.973358 -0.00043555 0)
(0.973067 -0.000514967 0)
(0.97272 -0.000623257 0)
(0.972296 -0.000769791 0)
(0.971769 -0.000966978 0)
(0.971104 -0.0012312 0)
(0.970256 -0.00158416 0)
(0.969162 -0.00205467 0)
(0.967742 -0.00268103 0)
(0.965887 -0.00351425 0)
(0.963454 -0.00462243 0)
(0.960251 -0.00609669 0)
(0.956027 -0.00805953 0)
(0.950442 -0.0106765 0)
(0.943047 -0.0141734 0)
(0.933238 -0.0188607 0)
(0.920201 -0.025171 0)
(0.90283 -0.0337156 0)
(0.879613 -0.0453677 0)
(0.848439 -0.0613962 0)
(0.806378 -0.0836281 0)
(0.74907 -0.114771 0)
(0.670779 -0.158317 0)
(0.560908 -0.219575 0)
(0.412304 -0.299167 0)
(0.154606 -0.36064 0)
(0.997203 -1.63784e-05 0)
(0.997258 -4.73551e-05 0)
(0.997339 -7.37721e-05 0)
(0.997192 -9.28242e-05 0)
(0.996935 -0.00010543 0)
(0.996694 -0.000113111 0)
(0.996475 -0.000116447 0)
(0.996254 -0.000116294 0)
(0.996019 -0.000113974 0)
(0.995782 -0.00011066 8.52839e-35)
(0.995557 -0.000107044 0)
(0.995352 -0.000103412 0)
(0.995161 -9.99319e-05 0)
(0.994975 -9.68766e-05 0)
(0.994786 -9.46868e-05 0)
(0.994595 -9.38824e-05 8.43571e-35)
(0.994403 -9.497e-05 0)
(0.994208 -9.84223e-05 0)
(0.994007 -0.000104745 0)
(0.993793 -0.000114593 0)
(0.993558 -0.000128893 0)
(0.99329 -0.000148951 0)
(0.992976 -0.000176568 0)
(0.992597 -0.000214166 -8.31499e-35)
(0.992133 -0.000264968 0)
(0.991553 -0.000333246 0)
(0.990818 -0.000424647 0)
(0.989878 -0.000546668 0)
(0.988664 -0.000709263 0)
(0.987084 -0.000925693 0)
(0.985018 -0.00121362 0)
(0.982305 -0.00159664 0)
(0.978729 -0.00210636 0)
(0.974007 -0.00278536 0)
(0.967756 -0.0036913 0)
(0.959464 -0.00490299 0)
(0.948438 -0.00652915 0)
(0.933741 -0.00872163 0)
(0.914085 -0.0116949 0)
(0.887696 -0.0157548 0)
(0.852095 -0.0213408 0)
(0.803844 -0.0290758 -1.26018e-34)
(0.738025 -0.0398402 0)
(0.648297 -0.0547231 0)
(0.524882 -0.075044 0)
(0.363699 -0.100698 0)
(0.122466 -0.11375 0)
(0.997203 1.63778e-05 0)
(0.997258 4.73815e-05 0)
(0.997339 7.38148e-05 0)
(0.997192 9.27808e-05 0)
(0.996935 0.000105309 0)
(0.996694 0.000113071 0)
(0.996475 0.000116519 0)
(0.996254 0.000116287 0)
(0.996019 0.000113755 0)
(0.995782 0.000110341 -8.52839e-35)
(0.995557 0.000106823 0)
(0.995352 0.000103344 0)
(0.995161 9.98878e-05 0)
(0.994974 9.66836e-05 0)
(0.994786 9.42721e-05 0)
(0.994595 9.33025e-05 -8.43571e-35)
(0.994403 9.43512e-05 0)
(0.994208 9.78755e-05 0)
(0.994007 0.000104321 0)
(0.993793 0.000114264 0)
(0.993558 0.000128574 0)
(0.99329 0.000148529 0)
(0.992976 0.000175945 0)
(0.992597 0.000213268 8.315e-35)
(0.992132 0.000263768 0)
(0.991552 0.000331745 0)
(0.990818 0.000422885 0)
(0.989878 0.000544698 0)
(0.988664 0.000707142 0)
(0.987084 0.000923453 0)
(0.985018 0.00121127 0)
(0.982304 0.00159415 0)
(0.978729 0.00210369 0)
(0.974007 0.00278245 0)
(0.967756 0.00368805 0)
(0.959463 0.00489934 0)
(0.948438 0.00652496 0)
(0.93374 0.00871681 0)
(0.914084 0.0116892 0)
(0.887695 0.0157484 0)
(0.852094 0.0213337 0)
(0.803843 0.0290685 1.26019e-34)
(0.738025 0.0398322 0)
(0.648295 0.0547157 0)
(0.524878 0.0750322 0)
(0.363701 0.100685 0)
(0.122463 0.113744 0)
(0.977197 5.03924e-05 0)
(0.97725 0.0001457 0)
(0.977325 0.000225752 0)
(0.977168 0.000282399 0)
(0.976903 0.000319299 0)
(0.976656 0.00034137 0)
(0.976434 0.000350418 0)
(0.976211 0.000348758 0)
(0.975978 0.000340507 0)
(0.975743 0.0003297 0)
(0.975523 0.000318588 0)
(0.975322 0.000307702 0)
(0.975136 0.000297114 0)
(0.974954 0.000287515 0)
(0.974772 0.000280361 0)
(0.974588 0.000277394 0)
(0.974403 0.00028018 0)
(0.974217 0.000290028 0)
(0.974027 0.000308254 0)
(0.973826 0.000336609 0)
(0.973606 0.000377666 0)
(0.973357 0.000435191 0)
(0.973067 0.00051442 0)
(0.97272 0.000622454 0)
(0.972295 0.000768705 0)
(0.971768 0.000965617 0)
(0.971104 0.0012296 0)
(0.970255 0.00158236 0)
(0.969162 0.00205271 0)
(0.967741 0.00267894 0)
(0.965886 0.00351204 0)
(0.963453 0.00462006 0)
(0.96025 0.00609412 0)
(0.956025 0.00805669 0)
(0.950441 0.0106734 0)
(0.943046 0.0141698 0)
(0.933236 0.0188566 0)
(0.920199 0.0251664 0)
(0.902828 0.0337104 0)
(0.879611 0.0453618 0)
(0.848437 0.0613898 0)
(0.806377 0.0836215 0)
(0.749068 0.114765 0)
(0.670775 0.158309 0)
(0.560907 0.219568 0)
(0.412299 0.299157 0)
(0.154608 0.360631 0)
(0.937185 8.87645e-05 0)
(0.937233 0.00025562 0)
(0.937294 0.000392054 0)
(0.937116 0.000485265 0)
(0.936832 0.000543602 0)
(0.936575 0.000576262 0)
(0.936347 0.000587254 0)
(0.936122 0.000580986 0)
(0.935891 0.000564401 0)
(0.935663 0.000544146 0)
(0.935451 0.000523864 0)
(0.935259 0.000504353 0)
(0.935083 0.000485688 0)
(0.934912 0.000468951 0)
(0.934741 0.000456393 0)
(0.934571 0.000450658 0)
(0.934402 0.000454042 0)
(0.934234 0.000468454 0)
(0.934064 0.000495838 0)
(0.933888 0.000538881 0)
(0.933698 0.000601588 0)
(0.933487 0.000689831 0)
(0.933244 0.000811767 0)
(0.932957 0.000978432 0)
(0.932612 0.00120442 0)
(0.932187 0.00150901 0)
(0.931657 0.00191761 0)
(0.930984 0.00246385 0)
(0.930122 0.00319226 0)
(0.929007 0.00416209 0)
(0.927555 0.00545205 0)
(0.925657 0.00716712 0)
(0.923164 0.00944733 0)
(0.919885 0.0124803 0)
(0.915563 0.0165186 0)
(0.909865 0.0219041 0)
(0.902347 0.0291045 0)
(0.89243 0.0387667 0)
(0.879348 0.0517998 0)
(0.862094 0.0695004 0)
(0.839297 0.0937709 0)
(0.809173 0.127409 0)
(0.76871 0.174875 0)
(0.714739 0.242654 0)
(0.634305 0.344408 0)
(0.533345 0.504416 0)
(0.202237 0.699575 0)
(0.877164 0.000136133 0)
(0.877201 0.000388313 0)
(0.877237 0.000585159 0)
(0.877021 0.000711058 0)
(0.876709 0.000784278 0)
(0.876436 0.000821024 0)
(0.8762 0.000828278 0)
(0.875974 0.000812808 0)
(0.875748 0.000784335 0)
(0.875531 0.000751804 0)
(0.875333 0.000719918 0)
(0.875157 0.000689554 0)
(0.874997 0.000660811 0)
(0.874843 0.000635161 0)
(0.874692 0.000615606 0)
(0.874543 0.000605382 0)
(0.874398 0.000607203 0)
(0.874258 0.000623129 0)
(0.874121 0.000655424 0)
(0.873982 0.000707255 0)
(0.873838 0.000783664 0)
(0.873682 0.000891948 0)
(0.87351 0.00104244 0)
(0.873312 0.00124888 0)
(0.87308 0.00152963 0)
(0.872802 0.00190867 0)
(0.872462 0.00241781 0)
(0.872037 0.00309888 0)
(0.8715 0.00400756 0)
(0.870811 0.00521749 0)
(0.869921 0.00682672 0)
(0.868762 0.00896534 0)
(0.867249 0.0118065 0)
(0.865268 0.0155807 0)
(0.862674 0.0205958 0)
(0.859281 0.0272647 0)
(0.854857 0.0361448 0)
(0.849121 0.0479955 0)
(0.841738 0.0638653 0)
(0.83236 0.0852253 0)
(0.820606 0.1142 0)
(0.806463 0.153904 0)
(0.789499 0.209306 0)
(0.774421 0.287951 0)
(0.755458 0.404713 0)
(0.806392 0.579381 0)
(0.776507 0.89007 0)
(0.797131 0.000200559 0)
(0.797144 0.000562278 0)
(0.797134 0.000822954 0)
(0.796859 0.000971615 0)
(0.796508 0.00104741 0)
(0.796215 0.00107712 0)
(0.795973 0.00107116 0)
(0.795749 0.00103924 0)
(0.795536 0.000993873 0)
(0.795338 0.00094564 0)
(0.795164 0.000899504 0)
(0.795014 0.000856025 0)
(0.794881 0.000815146 0)
(0.794757 0.000778728 0)
(0.794639 0.000750245 0)
(0.794527 0.000733239 0)
(0.794422 0.000730325 0)
(0.794327 0.000743394 0)
(0.79424 0.000774548 0)
(0.794158 0.00082713 0)
(0.794081 0.000906581 0)
(0.794004 0.00102101 0)
(0.793927 0.00118173 0)
(0.793848 0.00140393 0)
(0.793763 0.00170761 0)
(0.793671 0.00211905 0)
(0.793568 0.00267289 0)
(0.793448 0.00341486 0)
(0.793305 0.00440563 0)
(0.79313 0.00572558 0)
(0.792911 0.00748142 0)
(0.792633 0.00981443 0)
(0.792276 0.0129118 0)
(0.791819 0.0170208 0)
(0.791238 0.0224689 0)
(0.790509 0.0296888 0)
(0.789622 0.0392538 0)
(0.7886 0.051925 0)
(0.787537 0.0687183 0)
(0.786706 0.0909992 0)
(0.786647 0.120618 0)
(0.788839 0.160125 0)
(0.795187 0.212984 0)
(0.814106 0.284098 0)
(0.846409 0.378939 0)
(0.940293 0.498453 0)
(1.06792 0.682659 0)
(0.697078 0.000297719 0)
(0.697041 0.000807869 0)
(0.696944 0.00113114 0)
(0.69658 0.00128469 0)
(0.696181 0.001345 0)
(0.695876 0.00135063 0)
(0.69564 0.00131575 0)
(0.695437 0.00125466 0)
(0.695259 0.00118316 0)
(0.695108 0.00111258 0)
(0.694986 0.00104713 0)
(0.694893 0.000986496 0)
(0.694819 0.000930164 0)
(0.694759 0.000880165 0)
(0.694707 0.00083998 0)
(0.694667 0.000812991 0)
(0.694638 0.000801128 0)
(0.694622 0.000805809 0)
(0.694619 0.000828512 0)
(0.694628 0.000872516 0)
(0.694649 0.000942968 0)
(0.694684 0.00104813 0)
(0.694735 0.00119899 0)
(0.694804 0.00141067 0)
(0.694899 0.00170249 0)
(0.695025 0.0021003 0)
(0.695192 0.00263758 0)
(0.695412 0.00335921 0)
(0.695701 0.00432414 0)
(0.696082 0.00561118 0)
(0.696581 0.00732418 0)
(0.697237 0.00960104 0)
(0.698101 0.012623 0)
(0.699241 0.0166288 0)
(0.700751 0.0219301 0)
(0.702765 0.0289332 0)
(0.705472 0.0381634 0)
(0.709156 0.0502951 0)
(0.714244 0.0661835 0)
(0.721427 0.086899 0)
(0.731773 0.113727 0)
(0.747197 0.148191 0)
(0.770284 0.191621 0)
(0.806724 0.245349 0)
(0.861173 0.307243 0)
(0.944322 0.36951 0)
(1.07837 0.43828 0)
(0.576992 0.000468153 0)
(0.576841 0.00117426 0)
(0.576595 0.00152924 0)
(0.576121 0.00165059 0)
(0.575699 0.00166824 0)
(0.575431 0.001625 0)
(0.575268 0.00153828 0)
(0.575165 0.00142948 0)
(0.575107 0.00131776 0)
(0.575088 0.00121395 0)
(0.575105 0.00112065 0)
(0.57515 0.00103612 0)
(0.575214 0.000959426 0)
(0.575289 0.000892227 0)
(0.575372 0.000837624 0)
(0.575463 0.000797834 0)
(0.575564 0.000773823 0)
(0.575676 0.000765746 0)
(0.5758 0.000774547 0)
(0.575936 0.0008026 0)
(0.576089 0.000854665 0)
(0.576261 0.000937742 0)
(0.576461 0.00106173 0)
(0.576696 0.00123939 0)
(0.57698 0.00148766 0)
(0.57733 0.00182841 0)
(0.577766 0.00229082 0)
(0.578318 0.00291335 0)
(0.579023 0.0037475 0)
(0.579933 0.00486149 0)
(0.581112 0.00634611 0)
(0.582648 0.00832115 0)
(0.584655 0.0109444 0)
(0.587286 0.0144222 0)
(0.590741 0.0190221 0)
(0.595285 0.025088 0)
(0.601273 0.0330545 0)
(0.609181 0.0434603 0)
(0.619654 0.056951 0)
(0.633585 0.0742659 0)
(0.652195 0.0961629 0)
(0.677209 0.123322 0)
(0.710887 0.155876 0)
(0.756165 0.193301 0)
(0.817516 0.232786 0)
(0.895318 0.267032 0)
(1.00211 0.294266 0)
(0.436822 0.000852292 0)
(0.436423 0.00181521 0)
(0.436023 0.00207919 0)
(0.435597 0.00205373 0)
(0.435383 0.00194634 0)
(0.435397 0.00179137 0)
(0.435548 0.00160795 0)
(0.435767 0.00142332 0)
(0.436023 0.00125581 0)
(0.4363 0.00111179 0)
(0.436587 0.000989544 0)
(0.436874 0.000884558 0)
(0.437155 0.000794357 0)
(0.437425 0.000719064 0)
(0.437684 0.000659805 0)
(0.437935 0.000616463 0)
(0.438182 0.000588072 0)
(0.438426 0.000573263 0)
(0.438673 0.000572105 0)
(0.438926 0.000585993 0)
(0.439192 0.000618674 0)
(0.439478 0.000675249 0)
(0.439797 0.000763171 0)
(0.440161 0.00089146 0)
(0.44059 0.00107244 0)
(0.441108 0.00132167 0)
(0.441747 0.00166052 0)
(0.442548 0.002117 0)
(0.443567 0.00272935 0)
(0.444878 0.00354807 0)
(0.446575 0.0046411 0)
(0.448785 0.0060979 0)
(0.451675 0.00803696 0)
(0.455463 0.0106129 0)
(0.460433 0.0140263 0)
(0.466953 0.0185331 0)
(0.475502 0.0244533 0)
(0.486691 0.0321738 0)
(0.501303 0.0421394 0)
(0.520323 0.0548221 0)
(0.544976 0.070641 0)
(0.576746 0.0898457 0)
(0.617409 0.112244 0)
(0.668724 0.136935 0)
(0.733163 0.162062 0)
(0.810564 0.182747 0)
(0.901805 0.195446 0)
(0.276572 0.00161195 0)
(0.276051 0.00285715 0)
(0.276173 0.00274333 0)
(0.276663 0.00229246 0)
(0.277362 0.00186353 0)
(0.278132 0.00149416 0)
(0.278884 0.00118877 0)
(0.279577 0.000950833 0)
(0.280199 0.000772907 0)
(0.280755 0.000641466 0)
(0.281253 0.000542723 0)
(0.281699 0.000466254 0)
(0.282099 0.000406098 0)
(0.28246 0.00035966 0)
(0.28279 0.000325213 0)
(0.283095 0.000301055 0)
(0.283382 0.000285361 0)
(0.283658 0.00027726 0)
(0.283928 0.000276747 0)
(0.284201 0.000285186 0)
(0.284483 0.000304522 0)
(0.284786 0.00033774 0)
(0.285122 0.000388293 0)
(0.285507 0.00046106 0)
(0.285961 0.000562179 0)
(0.286512 0.000700419 0)
(0.287194 0.000887337 0)
(0.288055 0.00113906 0)
(0.289156 0.00147693 0)
(0.290578 0.00193 0)
(0.29243 0.00253675 0)
(0.294854 0.00334876 0)
(0.298039 0.00443425 0)
(0.302232 0.00588342 0)
(0.307758 0.00781404 0)
(0.31504 0.0103776 0)
(0.324624 0.0137642 0)
(0.3372 0.0182033 0)
(0.353632 0.0239556 0)
(0.374972 0.0312881 0)
(0.40245 0.0404209 0)
(0.437437 0.0514385 0)
(0.481367 0.0641486 0)
(0.535427 0.0778411 0)
(0.600526 0.0912417 0)
(0.67599 0.101525 0)
(0.759447 0.105777 0)
(0.09928 0.00136387 0)
(0.101226 0.00165422 0)
(0.103274 0.00110439 0)
(0.105104 0.00066877 0)
(0.106457 0.000429315 0)
(0.10745 0.00028622 0)
(0.10821 0.000193967 0)
(0.108804 0.000137848 0)
(0.109276 0.000105399 0)
(0.10966 8.46246e-05 0)
(0.109982 6.83462e-05 0)
(0.110256 5.50108e-05 0)
(0.110492 4.60296e-05 0)
(0.110698 4.2085e-05 0)
(0.110883 4.19348e-05 0)
(0.111052 4.30594e-05 0)
(0.111211 4.35613e-05 0)
(0.111364 4.28294e-05 0)
(0.111515 4.18325e-05 0)
(0.111669 4.20989e-05 0)
(0.11183 4.53982e-05 0)
(0.112006 5.28988e-05 0)
(0.112204 6.55424e-05 0)
(0.112437 8.37974e-05 0)
(0.112718 0.00010851 0)
(0.113065 0.000140813 0)
(0.113503 0.000182991 0)
(0.114062 0.000238275 0)
(0.114785 0.000311665 0)
(0.115729 0.000409811 0)
(0.11697 0.000542009 0)
(0.118607 0.000720494 0)
(0.120779 0.000961871 0)
(0.123667 0.00128818 0)
(0.127517 0.0017289 0)
(0.132657 0.00232276 0)
(0.139519 0.00311953 0)
(0.148671 0.00418092 0)
(0.160842 0.00557827 0)
(0.176937 0.00738559 0)
(0.198035 0.00966219 0)
(0.225328 0.0124215 0)
(0.259995 0.015582 0)
(0.302904 0.0188695 0)
(0.354306 0.0217915 0)
(0.41308 0.0233892 0)
(0.476338 0.0227047 0)
(0.538914 -0.0186115 0)
(0.593314 -0.0110255 0)
(0.632621 -0.00189713 0)
(0.653875 0.00681157 0)
(0.657435 0.0144093 0)
(0.644704 0.0204549 0)
(0.84572 -0.0992459 0)
(0.926086 -0.080686 0)
(0.992678 -0.0557875 0)
(1.04256 -0.0302337 0)
(1.07679 -0.00631385 0)
(1.0977 0.0150919 0)
(1.00236 -0.188305 0)
(1.09788 -0.158238 0)
(1.17524 -0.117766 0)
(1.23216 -0.0768011 0)
(1.27159 -0.0388671 0)
(1.29648 -0.00558747 0)
(1.13419 -0.286128 0)
(1.25533 -0.242669 0)
(1.33816 -0.185004 0)
(1.38583 -0.125776 0)
(1.4103 -0.07063 0)
(1.41996 -0.0233896 0)
(1.25331 -0.420827 0)
(1.36429 -0.344417 0)
(1.39204 -0.251736 0)
(1.37627 -0.161762 0)
(1.34977 -0.0854594 0)
(1.32547 -0.0274255 0)
(1.24201 -0.612248 0)
(1.17856 -0.414256 0)
(1.02452 -0.240645 0)
(0.903914 -0.115542 0)
(0.828385 -0.0310627 0)
(0.785367 0.0213601 0)
(0.782163 -0.560499 0)
(0.391235 -0.165534 0)
(0.0960768 0.0209539 0)
(0.0629513 0.0552739 0)
(0.0878401 0.0515122 0)
(0.113843 0.0464158 0)
(0.782144 0.5605 0)
(0.391227 0.165528 0)
(0.0960651 -0.0209639 0)
(0.0629304 -0.0552827 0)
(0.0878095 -0.0515217 0)
(0.113823 -0.0464289 0)
(1.24199 0.612238 0)
(1.17853 0.41426 0)
(1.0245 0.240649 0)
(0.903883 0.115548 0)
(0.828346 0.0310794 0)
(0.785319 -0.0213456 0)
(1.2533 0.420825 0)
(1.36427 0.344423 0)
(1.39202 0.251753 0)
(1.37625 0.161783 0)
(1.34973 0.0854789 0)
(1.32542 0.0274441 0)
(1.13418 0.286134 0)
(1.25531 0.242674 0)
(1.33814 0.18501 0)
(1.3858 0.125775 0)
(1.41027 0.0706183 0)
(1.41994 0.0233827 0)
(1.00235 0.188301 0)
(1.09786 0.158232 0)
(1.17522 0.117759 0)
(1.23213 0.0767976 0)
(1.27157 0.0388732 0)
(1.29649 0.00560664 0)
(0.845709 0.0992412 0)
(0.926074 0.0806831 0)
(0.992667 0.0557917 0)
(1.04255 0.0302492 0)
(1.07679 0.00633817 0)
(1.09771 -0.0150683 0)
(0.538908 0.0186088 0)
(0.593309 0.0110305 0)
(0.632619 0.00191078 0)
(0.653876 -0.00679758 0)
(0.657437 -0.0144115 0)
(0.644704 -0.0204807 0)
(0.619564 0.02437 0)
(0.585622 0.0259231 0)
(0.546061 0.0254515 0)
(0.50354 0.0235741 0)
(0.460077 0.0208695 0)
(0.417136 0.0177853 0)
(0.375783 0.0146613 0)
(0.336773 0.0117379 0)
(0.300602 0.00915143 0)
(0.267564 0.00695138 0)
(0.237802 0.0051336 0)
(0.211339 0.00366851 0)
(0.188094 0.00251683 0)
(0.167914 0.00163546 0)
(0.150587 0.000979979 0)
(0.135868 0.000505501 0)
(0.1235 0.000168801 0)
(0.113229 -6.97638e-05 0)
(0.104816 -0.000243154 0)
(0.0980428 -0.000376458 0)
(0.0927144 -0.000486148 0)
(0.0886564 -0.000581747 0)
(0.0857127 -0.00066723 0)
(0.0837418 -0.000743612 0)
(0.0826147 -0.000810061 0)
(0.0822134 -0.000865468 0)
(0.082428 -0.000910013 0)
(0.0831588 -0.000942367 0)
(0.0843143 -0.000961669 0)
(0.085814 -0.000969141 0)
(0.0875878 -0.000967273 0)
(0.0895727 -0.000957182 0)
(0.0917113 -0.000938678 0)
(0.0939515 -0.000912812 0)
(0.096248 -0.000881409 0)
(0.0985636 -0.000845901 0)
(0.100867 -0.000807118 0)
(0.103133 -0.000765877 0)
(0.10534 -0.000722921 0)
(0.107471 -0.00067916 0)
(0.109513 -0.000635328 0)
(0.111457 -0.000592264 0)
(0.113298 -0.000550225 0)
(0.115031 -0.000509834 0)
(0.11666 -0.000472705 0)
(0.118156 -0.000414881 0)
(0.119901 -0.000495463 0)
(1.10551 0.0329854 0)
(1.10133 0.0468381 0)
(1.08667 0.0568543 0)
(1.06291 0.0635809 0)
(1.0313 0.0675182 0)
(0.993082 0.0690863 0)
(0.949527 0.0686922 0)
(0.901893 0.0667303 0)
(0.8514 0.0635538 0)
(0.799233 0.0594669 0)
(0.746538 0.0547346 0)
(0.694395 0.0495918 0)
(0.643795 0.0442484 0)
(0.595598 0.0388896 0)
(0.550513 0.0336735 0)
(0.50907 0.0287275 0)
(0.471614 0.0241441 0)
(0.438308 0.0199796 0)
(0.409153 0.0162572 0)
(0.384015 0.012973 0)
(0.362662 0.0101043 0)
(0.344796 0.00761765 0)
(0.330085 0.00547551 0)
(0.318186 0.0036405 0)
(0.308762 0.00207799 0)
(0.301493 0.000756835 0)
(0.296084 -0.000349258 0)
(0.292266 -0.0012654 0)
(0.289793 -0.00201545 0)
(0.288461 -0.00262076 0)
(0.288074 -0.00309691 0)
(0.28845 -0.00345578 0)
(0.289433 -0.00370835 0)
(0.290892 -0.00386889 0)
(0.292714 -0.00395406 0)
(0.294807 -0.00397739 0)
(0.297087 -0.00394919 0)
(0.299487 -0.00387805 0)
(0.301949 -0.00377171 0)
(0.304423 -0.00363776 0)
(0.306871 -0.00348295 0)
(0.309264 -0.00331394 0)
(0.311577 -0.0031352 0)
(0.313797 -0.00295689 0)
(0.315916 -0.00276884 0)
(0.317841 -0.00262115 0)
(0.320241 -0.00232799 0)
(1.31051 0.0220262 0)
(1.31652 0.0441183 0)
(1.31622 0.061743 0)
(1.31024 0.0758747 0)
(1.29862 0.0870622 0)
(1.28139 0.0956271 0)
(1.25865 0.101815 0)
(1.23063 0.105812 0)
(1.19767 0.107758 0)
(1.16024 0.107774 0)
(1.11901 0.105994 0)
(1.07478 0.102579 0)
(1.02848 0.0977287 0)
(0.981097 0.091676 0)
(0.933613 0.0846865 0)
(0.886978 0.0770441 0)
(0.84204 0.0690354 0)
(0.799508 0.0609306 0)
(0.759929 0.0529679 0)
(0.723677 0.0453422 0)
(0.690962 0.0381995 0)
(0.661846 0.0316373 0)
(0.636267 0.0257092 0)
(0.614068 0.0204323 0)
(0.595026 0.0157961 0)
(0.578874 0.0117706 0)
(0.565323 0.00831371 0)
(0.554081 0.00537648 0)
(0.544863 0.00290693 0)
(0.537389 0.000854301 0)
(0.531407 -0.000827239 0)
(0.526697 -0.00218057 0)
(0.523062 -0.00324803 0)
(0.52034 -0.00406812 0)
(0.518367 -0.00467438 0)
(0.516999 -0.00509741 0)
(0.516114 -0.00536531 0)
(0.515607 -0.0055031 0)
(0.515391 -0.00553341 0)
(0.515395 -0.00547735 0)
(0.515558 -0.00535323 0)
(0.515834 -0.00517787 0)
(0.516177 -0.0049633 0)
(0.516573 -0.00473357 0)
(0.516958 -0.00446482 0)
(0.517411 -0.00432316 0)
(0.517826 -0.00369114 0)
(1.42091 0.013932 0)
(1.41794 0.0424629 0)
(1.41341 0.0648859 0)
(1.40764 0.0830423 0)
(1.40024 0.0978763 0)
(1.39087 0.110028 0)
(1.3792 0.119962 0)
(1.36487 0.127917 0)
(1.34757 0.133942 0)
(1.32709 0.137991 0)
(1.30339 0.139998 0)
(1.27659 0.139927 0)
(1.24695 0.137799 0)
(1.2149 0.133711 0)
(1.181 0.127846 0)
(1.14588 0.12046 0)
(1.11023 0.11187 0)
(1.07471 0.102424 0)
(1.03994 0.0924753 0)
(1.00647 0.0823576 0)
(0.974734 0.0723653 0)
(0.945058 0.0627404 0)
(0.917652 0.0536676 0)
(0.892623 0.0452751 0)
(0.869985 0.0376404 0)
(0.849681 0.0307977 0)
(0.831596 0.0247471 0)
(0.81558 0.0194634 0)
(0.801459 0.0149038 0)
(0.789045 0.0110149 0)
(0.778152 0.00773648 0)
(0.768599 0.0050057 0)
(0.760215 0.00275946 0)
(0.752831 0.000938331 0)
(0.746313 -0.000510682 0)
(0.740539 -0.00163723 0)
(0.735405 -0.00248769 0)
(0.730814 -0.00310494 0)
(0.726692 -0.00352687 0)
(0.722965 -0.00378672 0)
(0.71957 -0.00391372 0)
(0.716454 -0.00393505 0)
(0.713562 -0.00387143 0)
(0.710892 -0.00375922 0)
(0.708274 -0.00356959 0)
(0.706214 -0.00353013 0)
(0.702868 -0.00288963 0)
(1.30596 0.0136576 0)
(1.29391 0.0429585 0)
(1.28921 0.065876 0)
(1.28904 0.0849494 0)
(1.29107 0.101094 0)
(1.29401 0.114874 0)
(1.29689 0.126717 0)
(1.29879 0.136843 0)
(1.29903 0.145274 0)
(1.29712 0.151908 0)
(1.29275 0.156597 0)
(1.28579 0.159197 0)
(1.2762 0.159612 0)
(1.26406 0.157827 0)
(1.24958 0.153915 0)
(1.23303 0.14805 0)
(1.21478 0.140487 0)
(1.19522 0.131548 0)
(1.17478 0.121594 0)
(1.15386 0.110995 0)
(1.13286 0.100105 0)
(1.11213 0.0892445 0)
(1.09195 0.0786826 0)
(1.07255 0.0686325 0)
(1.05409 0.0592503 0)
(1.03668 0.050638 0)
(1.02037 0.0428508 0)
(1.00517 0.0359053 0)
(0.991065 0.0297877 0)
(0.977999 0.0244622 0)
(0.96591 0.0198776 0)
(0.954728 0.0159735 0)
(0.944374 0.0126853 0)
(0.934773 0.00994716 0)
(0.925849 0.00769307 0)
(0.917535 0.00586039 0)
(0.909765 0.00439114 0)
(0.902482 0.00323222 0)
(0.895633 0.00233586 0)
(0.889172 0.0016607 0)
(0.883061 0.0011704 0)
(0.87727 0.000831995 0)
(0.87175 0.000618704 0)
(0.866534 0.000495171 0)
(0.861354 0.00046946 0)
(0.85715 0.000388391 0)
(0.850404 0.000682631 0)
(0.770409 0.0476816 0)
(0.781292 0.0620805 0)
(0.810288 0.0727923 0)
(0.846326 0.0827997 0)
(0.88376 0.0930764 0)
(0.920699 0.103746 0)
(0.95613 0.114538 0)
(0.989166 0.125057 0)
(1.01917 0.134884 0)
(1.0458 0.143587 0)
(1.06889 0.150755 0)
(1.08842 0.15604 0)
(1.10444 0.15919 0)
(1.11705 0.160074 0)
(1.12643 0.158682 0)
(1.13279 0.15512 0)
(1.13637 0.149594 0)
(1.13744 0.142391 0)
(1.13629 0.133847 0)
(1.13321 0.124326 0)
(1.12849 0.114193 0)
(1.12243 0.103788 0)
(1.1153 0.0934131 0)
(1.10735 0.0833206 0)
(1.09882 0.0737095 0)
(1.08989 0.0647248 0)
(1.08072 0.0564618 0)
(1.07146 0.0489726 0)
(1.06221 0.042273 0)
(1.05304 0.0363511 0)
(1.04403 0.0311734 0)
(1.0352 0.0266925 0)
(1.02661 0.0228518 0)
(1.01825 0.01959 0)
(1.01015 0.0168438 0)
(1.00232 0.0145517 0)
(0.994754 0.0126554 0)
(0.987452 0.0111009 0)
(0.980411 0.00983907 0)
(0.973628 0.00882544 0)
(0.967093 0.00802071 0)
(0.960804 0.00739118 0)
(0.954732 0.00690706 0)
(0.948933 0.00654717 0)
(0.943124 0.0062785 0)
(0.938377 0.00612909 0)
(0.930701 0.00590849 0)
(0.159578 0.012799 0)
(0.226343 0.00358802 0)
(0.295008 0.00811121 0)
(0.357307 0.0182724 0)
(0.414408 0.0313888 0)
(0.468681 0.0460113 0)
(0.520995 0.0611025 0)
(0.571331 0.0759797 0)
(0.619433 0.0901555 0)
(0.665047 0.103184 0)
(0.70796 0.114623 0)
(0.747988 0.124076 0)
(0.784986 0.13125 0)
(0.81886 0.135978 0)
(0.849563 0.138233 0)
(0.87709 0.138107 0)
(0.901473 0.135795 0)
(0.922776 0.131571 0)
(0.941099 0.125762 0)
(0.956573 0.118723 0)
(0.969358 0.110813 0)
(0.979639 0.10237 0)
(0.987625 0.0936995 0)
(0.993534 0.0850639 0)
(0.997593 0.0766762 0)
(1.00003 0.0687 0)
(1.00106 0.0612515 0)
(1.00088 0.0544049 0)
(0.9997 0.0481982 0)
(0.997683 0.0426402 0)
(0.994988 0.0377172 0)
(0.991754 0.0333991 0)
(0.988101 0.0296445 0)
(0.984136 0.0264054 0)
(0.979947 0.0236304 0)
(0.975613 0.0212679 0)
(0.971196 0.0192677 0)
(0.96675 0.0175826 0)
(0.962318 0.0161694 0)
(0.957936 0.014989 0)
(0.95363 0.0140069 0)
(0.949426 0.013195 0)
(0.945323 0.0125254 0)
(0.94138 0.0119966 0)
(0.937412 0.011535 0)
(0.934169 0.0113636 0)
(0.928916 0.0106624 0)
(0.0168182 -0.0614373 0)
(0.0303636 -0.0645997 0)
(0.0560042 -0.0504526 0)
(0.083496 -0.0348731 0)
(0.11166 -0.0192487 0)
(0.142183 -0.00374196 0)
(0.175855 0.0114557 0)
(0.212472 0.0264098 0)
(0.251432 0.0409993 0)
(0.29217 0.0548971 0)
(0.334115 0.0676729 0)
(0.376665 0.0788801 0)
(0.419229 0.0881625 0)
(0.461245 0.095302 0)
(0.502192 0.100215 0)
(0.541599 0.10294 0)
(0.579052 0.103616 0)
(0.614214 0.102459 0)
(0.646834 0.0997407 0)
(0.676739 0.0957609 0)
(0.703834 0.0908246 0)
(0.728098 0.0852254 0)
(0.749582 0.0792316 0)
(0.76839 0.0730767 0)
(0.784675 0.0669546 0)
(0.79862 0.0610181 0)
(0.81043 0.0553809 0)
(0.820321 0.0501212 0)
(0.828513 0.0452864 0)
(0.835217 0.0408984 0)
(0.840637 0.0369593 0)
(0.844961 0.0334561 0)
(0.848362 0.0303652 0)
(0.850995 0.0276564 0)
(0.852997 0.0252953 0)
(0.854487 0.0232464 0)
(0.85557 0.0214742 0)
(0.856334 0.0199452 0)
(0.856853 0.0186279 0)
(0.857191 0.0174944 0)
(0.857399 0.0165195 0)
(0.857519 0.0156841 0)
(0.857584 0.0149662 0)
(0.857626 0.0143789 0)
(0.857655 0.0138315 0)
(0.857708 0.0136545 0)
(0.857784 0.0126868 0)
(-0.00644854 -0.0484066 0)
(-0.0324304 -0.0565821 0)
(-0.0484563 -0.0473998 0)
(-0.0584577 -0.0370217 0)
(-0.0630406 -0.0269097 0)
(-0.0619933 -0.0171336 0)
(-0.055311 -0.00751341 0)
(-0.0429671 0.00224424 0)
(-0.025001 0.0122755 0)
(-0.00163885 0.0222184 0)
(0.0265678 0.0316629 0)
(0.0589137 0.0402539 0)
(0.0947379 0.0477065 0)
(0.133271 0.0538204 0)
(0.173664 0.0584969 0)
(0.215068 0.0617061 0)
(0.256672 0.0634574 0)
(0.297748 0.0638791 0)
(0.337671 0.0631788 0)
(0.37593 0.0615552 0)
(0.412131 0.0592031 0)
(0.446003 0.056313 0)
(0.477383 0.0530621 0)
(0.506203 0.0496067 0)
(0.532478 0.0460788 0)
(0.556285 0.0425847 0)
(0.577752 0.0392059 0)
(0.59704 0.0360011 0)
(0.614328 0.0330092 0)
(0.629808 0.0302526 0)
(0.64367 0.0277403 0)
(0.656101 0.0254712 0)
(0.667276 0.0234368 0)
(0.677358 0.0216236 0)
(0.686493 0.020015 0)
(0.694814 0.0185926 0)
(0.702439 0.017338 0)
(0.709468 0.0162327 0)
(0.715991 0.0152597 0)
(0.722084 0.0144033 0)
(0.727813 0.0136494 0)
(0.733232 0.0129877 0)
(0.738399 0.012405 0)
(0.743313 0.0119164 0)
(0.748201 0.0114487 0)
(0.752264 0.01129 0)
(0.758723 0.0104252 0)
(-0.0125406 -0.0182973 0)
(-0.056882 -0.0223581 0)
(-0.0961008 -0.0194098 0)
(-0.128106 -0.0157426 0)
(-0.153009 -0.0121551 0)
(-0.171136 -0.00863064 0)
(-0.182649 -0.00508409 0)
(-0.187465 -0.00146157 1.0083e-34)
(-0.185335 0.00219057 0)
(-0.176249 0.00577247 0)
(-0.160404 0.00916215 0)
(-0.138228 0.0122833 0)
(-0.110361 0.0150619 7.565e-35)
(-0.0776359 0.0174271 0)
(-0.0410557 0.0193364 0)
(-0.0017167 0.02073 0)
(0.0394475 0.0215335 0)
(0.0816915 0.0218301 0)
(0.124189 0.0217483 0)
(0.166136 0.0213524 0)
(0.206917 0.0206997 0)
(0.246068 0.0198497 0)
(0.283256 0.0188598 1.74499e-36)
(0.318261 0.0177812 0)
(0.350967 0.0166583 0)
(0.381341 0.0155275 0)
(0.40942 0.0144176 0)
(0.435289 0.0133501 0)
(0.45907 0.0123403 0)
(0.480907 0.0113976 0)
(0.500958 0.0105274 0)
(0.519381 0.00973126 0)
(0.536337 0.00900828 0)
(0.551977 0.0083556 0)
(0.566445 0.00776907 0)
(0.579872 0.00724382 0)
(0.592377 0.00677456 0)
(0.604068 0.006356 7.50376e-37)
(0.615041 0.00598294 0)
(0.625381 0.00565063 0)
(0.635163 0.00535464 0)
(0.644448 0.00509187 5.44304e-37)
(0.653316 0.00485787 0)
(0.661742 0.00465895 0)
(0.670101 0.00446735 0)
(0.677026 0.00439597 0)
(0.687949 0.00404032 0)
(-0.0125448 0.0182371 0)
(-0.056907 0.0222203 0)
(-0.0961499 0.0193434 0)
(-0.12817 0.0157517 0)
(-0.153082 0.0122314 0)
(-0.171211 0.00875297 0)
(-0.182716 0.00522956 0)
(-0.187514 0.00161824 -1.0083e-34)
(-0.185361 -0.00202872 0)
(-0.176245 -0.00561177 0)
(-0.160365 -0.00901538 0)
(-0.138156 -0.012163 0)
(-0.110258 -0.0149742 -7.56948e-35)
(-0.0775071 -0.0173718 0)
(-0.040906 -0.0193083 0)
(-0.00154794 -0.0207301 0)
(0.0396326 -0.0215706 0)
(0.0818809 -0.0219008 0)
(0.124371 -0.02184 0)
(0.166302 -0.0214537 0)
(0.207061 -0.0208023 0)
(0.246191 -0.0199484 0)
(0.283356 -0.0189513 -1.74489e-36)
(0.31834 -0.0178642 0)
(0.351026 -0.0167326 0)
(0.381385 -0.0155936 0)
(0.409451 -0.0144765 0)
(0.435311 -0.0134031 0)
(0.459086 -0.0123886 0)
(0.48092 -0.0114426 0)
(0.500969 -0.0105702 0)
(0.519394 -0.00977311 0)
(0.536353 -0.0090501 0)
(0.551997 -0.00839824 0)
(0.56647 -0.00781327 0)
(0.579902 -0.0072902 0)
(0.592413 -0.00682364 0)
(0.604111 -0.00640817 -7.50295e-37)
(0.61509 -0.00603851 0)
(0.625435 -0.00570983 0)
(0.635223 -0.00541762 0)
(0.644514 -0.00515875 -5.44223e-37)
(0.653386 -0.00492874 0)
(0.661816 -0.00473389 0)
(0.670179 -0.0045464 0)
(0.677107 -0.00447888 0)
(0.688033 -0.00413064 0)
(-0.00645918 0.0483633 0)
(-0.0324695 0.0564775 0)
(-0.0485554 0.0473451 0)
(-0.0585992 0.037016 0)
(-0.0632063 0.0269538 0)
(-0.0621687 0.0172167 0)
(-0.0554754 0.00761798 0)
(-0.0431051 -0.00212477 0)
(-0.0250906 -0.0121416 0)
(-0.00166965 -0.0220768 0)
(0.0266031 -0.0315283 0)
(0.0590184 -0.0401452 0)
(0.0949073 -0.0476333 0)
(0.133493 -0.0537836 0)
(0.173924 -0.0584921 0)
(0.215352 -0.0617271 0)
(0.256964 -0.063498 0)
(0.29803 -0.0639334 0)
(0.33793 -0.0632406 0)
(0.376157 -0.0616194 0)
(0.412321 -0.0592661 0)
(0.446156 -0.0563727 0)
(0.4775 -0.0531176 0)
(0.506287 -0.049658 0)
(0.532534 -0.0461265 0)
(0.556319 -0.0426296 0)
(0.577768 -0.039249 0)
(0.597043 -0.0360435 0)
(0.614324 -0.0330518 0)
(0.629801 -0.0302961 0)
(0.643665 -0.0277855 0)
(0.6561 -0.0255185 0)
(0.667282 -0.0234867 0)
(0.677372 -0.0216763 0)
(0.686518 -0.0200706 0)
(0.694851 -0.0186514 0)
(0.702487 -0.0173998 0)
(0.709529 -0.0162977 0)
(0.716064 -0.0153278 0)
(0.722168 -0.0144745 0)
(0.727908 -0.0137235 0)
(0.733337 -0.0130648 0)
(0.738513 -0.012485 0)
(0.743435 -0.0119993 0)
(0.748329 -0.0115344 0)
(0.752398 -0.0113786 0)
(0.758861 -0.010518 0)
(0.0168137 0.0614166 0)
(0.0303239 0.0645397 0)
(0.0559103 0.0504251 0)
(0.0833574 0.0348857 0)
(0.111496 0.019296 0)
(0.142007 0.00381671 0)
(0.175687 -0.0113709 0)
(0.212326 -0.0263271 0)
(0.251324 -0.0409255 0)
(0.292117 -0.0548386 0)
(0.334125 -0.0676345 0)
(0.376734 -0.0788623 0)
(0.419345 -0.0881615 0)
(0.461392 -0.0953116 0)
(0.502355 -0.10023 0)
(0.541763 -0.102957 0)
(0.579206 -0.103636 0)
(0.614348 -0.102481 0)
(0.646942 -0.099763 0)
(0.676818 -0.0957832 0)
(0.703884 -0.0908465 0)
(0.728121 -0.085247 0)
(0.749579 -0.0792535 0)
(0.768366 -0.0730996 0)
(0.784633 -0.0669794 0)
(0.798563 -0.0610455 0)
(0.810362 -0.0554116 0)
(0.820246 -0.0501558 0)
(0.828433 -0.0453253 0)
(0.835135 -0.0409419 0)
(0.840555 -0.0370075 0)
(0.844882 -0.033509 0)
(0.848287 -0.0304229 0)
(0.850925 -0.0277185 0)
(0.852933 -0.0253617 0)
(0.854431 -0.0233166 0)
(0.855521 -0.021548 0)
(0.856292 -0.0200222 0)
(0.856819 -0.0187078 0)
(0.857163 -0.0175768 0)
(0.857376 -0.0166041 0)
(0.857502 -0.0157706 0)
(0.857571 -0.0150544 0)
(0.857617 -0.0144687 0)
(0.857648 -0.0139228 0)
(0.857702 -0.0137474 0)
(0.857777 -0.0127806 0)
(0.159533 -0.0128113 0)
(0.226274 -0.00358625 0)
(0.294901 -0.00808474 0)
(0.357168 -0.0182266 0)
(0.414257 -0.0313264 0)
(0.468541 -0.045936 0)
(0.520877 -0.0610296 0)
(0.571242 -0.0759248 0)
(0.619376 -0.0901243 0)
(0.665023 -0.103175 0)
(0.707967 -0.114631 0)
(0.748019 -0.124096 0)
(0.785029 -0.131274 0)
(0.818905 -0.136003 0)
(0.849602 -0.138254 0)
(0.877117 -0.138124 0)
(0.901483 -0.135808 0)
(0.922766 -0.131581 0)
(0.941068 -0.125769 0)
(0.956522 -0.118729 0)
(0.969288 -0.110818 0)
(0.979552 -0.102376 0)
(0.987522 -0.093707 0)
(0.993417 -0.0850744 0)
(0.997464 -0.0766907 0)
(0.999888 -0.0687192 0)
(1.00091 -0.061276 0)
(1.00072 -0.0544351 0)
(0.999535 -0.0482342 0)
(0.997512 -0.0426822 0)
(0.994812 -0.0377651 0)
(0.991572 -0.0334526 0)
(0.987915 -0.0297034 0)
(0.983946 -0.0264692 0)
(0.979754 -0.0236987 0)
(0.975416 -0.0213403 0)
(0.970995 -0.0193436 0)
(0.966545 -0.0176616 0)
(0.96211 -0.0162509 0)
(0.957724 -0.0150727 0)
(0.953414 -0.0140923 0)
(0.949204 -0.0132818 0)
(0.945097 -0.0126132 0)
(0.941148 -0.0120852 0)
(0.937174 -0.0116242 0)
(0.933925 -0.0114535 0)
(0.928661 -0.0107515 0)
(0.770346 -0.0476691 0)
(0.781213 -0.0620679 0)
(0.810185 -0.0727716 0)
(0.846214 -0.0827645 0)
(0.883658 -0.0930279 0)
(0.920616 -0.103695 0)
(0.956065 -0.114495 0)
(0.989119 -0.125032 0)
(1.01914 -0.134876 0)
(1.04578 -0.143593 0)
(1.06889 -0.150769 0)
(1.08842 -0.156058 0)
(1.10443 -0.159208 0)
(1.11704 -0.160089 0)
(1.1264 -0.158692 0)
(1.13275 -0.155124 0)
(1.13632 -0.149595 0)
(1.13738 -0.142388 0)
(1.13621 -0.133841 0)
(1.13312 -0.12432 0)
(1.12839 -0.114187 0)
(1.12232 -0.103783 0)
(1.11518 -0.0934101 0)
(1.10722 -0.0833211 0)
(1.09867 -0.0737142 0)
(1.08973 -0.0647344 0)
(1.08056 -0.0564769 0)
(1.07129 -0.0489935 0)
(1.06202 -0.0423 0)
(1.05284 -0.036384 0)
(1.04381 -0.0312123 0)
(1.03498 -0.0267371 0)
(1.02636 -0.0229018 0)
(1.018 -0.0196448 0)
(1.00989 -0.0169032 0)
(1.00204 -0.0146151 0)
(0.99446 -0.0127223 0)
(0.987144 -0.0111707 0)
(0.98009 -0.00991129 0)
(0.973293 -0.00889962 0)
(0.966745 -0.00809642 0)
(0.960442 -0.00746807 0)
(0.954357 -0.00698476 0)
(0.948544 -0.00662544 0)
(0.942721 -0.00635705 0)
(0.937961 -0.00620782 0)
(0.930265 -0.00598655 0)
(1.3059 -0.013634 0)
(1.29385 -0.0429288 0)
(1.28915 -0.0658382 0)
(1.28899 -0.0849044 0)
(1.29103 -0.10105 0)
(1.29399 -0.114838 0)
(1.29687 -0.126693 0)
(1.29879 -0.136831 0)
(1.29903 -0.145272 0)
(1.29712 -0.151913 0)
(1.29275 -0.156604 0)
(1.28578 -0.159204 0)
(1.27619 -0.159618 0)
(1.26404 -0.157829 0)
(1.24955 -0.153913 0)
(1.233 -0.148043 0)
(1.21474 -0.140477 0)
(1.19518 -0.131536 0)
(1.17473 -0.12158 0)
(1.15381 -0.11098 0)
(1.13281 -0.10009 0)
(1.11207 -0.0892308 0)
(1.09188 -0.0786708 0)
(1.07247 -0.0686233 0)
(1.05401 -0.0592444 0)
(1.03659 -0.0506359 0)
(1.02027 -0.0428533 0)
(1.00506 -0.0359126 0)
(0.990936 -0.0298002 0)
(0.977855 -0.0244799 0)
(0.965752 -0.0199008 0)
(0.954553 -0.0160018 0)
(0.944183 -0.0127188 0)
(0.934564 -0.00998527 0)
(0.925624 -0.0077356 0)
(0.917291 -0.00590677 0)
(0.909503 -0.00444104 0)
(0.902203 -0.00328506 0)
(0.895335 -0.00239135 0)
(0.888857 -0.00171819 0)
(0.882728 -0.00122956 0)
(0.876919 -0.00089228 0)
(0.871381 -0.000679902 0)
(0.866147 -0.000556826 0)
(0.860949 -0.000531495 0)
(0.856729 -0.00045041 0)
(0.849957 -0.000744813 0)
(1.42089 -0.0139223 0)
(1.41793 -0.0424351 0)
(1.41341 -0.0648481 0)
(1.40764 -0.0830036 0)
(1.40025 -0.0978435 0)
(1.39088 -0.110004 0)
(1.37921 -0.119946 0)
(1.36489 -0.127907 0)
(1.34759 -0.133938 0)
(1.32711 -0.137991 0)
(1.30341 -0.14 0)
(1.2766 -0.139929 0)
(1.24696 -0.137799 0)
(1.21491 -0.133709 0)
(1.181 -0.12784 0)
(1.14589 -0.120452 0)
(1.11023 -0.111859 0)
(1.07471 -0.102411 0)
(1.03995 -0.0924606 0)
(1.00648 -0.0823421 0)
(0.97475 -0.0723494 0)
(0.945076 -0.0627247 0)
(0.91767 -0.0536525 0)
(0.89264 -0.0452614 0)
(0.869999 -0.0376284 0)
(0.849691 -0.0307881 0)
(0.831601 -0.0247403 0)
(0.815578 -0.01946 0)
(0.801448 -0.0149041 0)
(0.789024 -0.0110193 0)
(0.778119 -0.00774505 0)
(0.768554 -0.00501867 0)
(0.760156 -0.00277674 0)
(0.752757 -0.000959835 0)
(0.746223 0.000485348 0)
(0.740433 0.00160838 0)
(0.735282 0.00245582 0)
(0.730674 0.00307035 0)
(0.726533 0.00349004 0)
(0.722788 0.00374801 0)
(0.719373 0.00387359 0)
(0.716239 0.0038938 0)
(0.713328 0.00382937 0)
(0.710639 0.00371662 0)
(0.708002 0.00352658 0)
(0.705926 0.00348718 0)
(0.702554 0.00284581 0)
(1.31052 -0.0219959 0)
(1.31653 -0.0440856 0)
(1.31622 -0.0617139 0)
(1.31024 -0.0758503 0)
(1.29864 -0.0870416 0)
(1.28141 -0.09561 0)
(1.25869 -0.101801 0)
(1.23067 -0.105803 0)
(1.19771 -0.107753 0)
(1.16028 -0.107773 0)
(1.11904 -0.105995 0)
(1.07482 -0.102581 0)
(1.02852 -0.0977296 0)
(0.98113 -0.0916751 0)
(0.933648 -0.0846832 0)
(0.887017 -0.0770388 0)
(0.842084 -0.0690281 0)
(0.799558 -0.0609218 0)
(0.759985 -0.0529578 0)
(0.72374 -0.0453311 0)
(0.691031 -0.0381875 0)
(0.661921 -0.0316248 0)
(0.636348 -0.0256962 0)
(0.614154 -0.0204193 0)
(0.595115 -0.0157834 0)
(0.578966 -0.0117588 0)
(0.565417 -0.00830308 0)
(0.554175 -0.00536772 0)
(0.544955 -0.0029003 0)
(0.537478 -0.000850409 0)
(0.531492 0.000828297 0)
(0.526775 0.00217844 0)
(0.523132 0.00324288 0)
(0.520401 0.00405984 0)
(0.518417 0.00466339 0)
(0.517038 0.0050838 0)
(0.51614 0.00534956 0)
(0.515619 0.00548539 0)
(0.515389 0.00551424 0)
(0.515378 0.00545675 0)
(0.515526 0.00533156 0)
(0.515786 0.00515516 0)
(0.516114 0.00493991 0)
(0.516493 0.00470962 0)
(0.516861 0.00444045 0)
(0.5173 0.0042989 0)
(0.517692 0.00366545 0)
(1.10551 -0.0329723 0)
(1.10133 -0.0468338 0)
(1.08667 -0.0568512 0)
(1.06292 -0.0635728 0)
(1.03133 -0.0675048 0)
(0.993124 -0.0690711 0)
(0.949578 -0.0686799 0)
(0.901947 -0.0667237 0)
(0.851455 -0.0635533 0)
(0.799286 -0.0594706 0)
(0.746589 -0.0547401 0)
(0.694445 -0.0495969 0)
(0.643844 -0.044252 0)
(0.595647 -0.0388914 0)
(0.550562 -0.0336738 0)
(0.50912 -0.0287265 0)
(0.471666 -0.0241421 0)
(0.438363 -0.0199767 0)
(0.409212 -0.0162535 0)
(0.384079 -0.0129683 0)
(0.362731 -0.0100988 0)
(0.344871 -0.00761138 0)
(0.330165 -0.0054687 0)
(0.318272 -0.00363321 0)
(0.308854 -0.00207059 0)
(0.301591 -0.000749503 0)
(0.296187 0.000356086 0)
(0.292373 0.00127157 0)
(0.289904 0.00202057 0)
(0.288574 0.00262469 0)
(0.288188 0.00309937 0)
(0.288564 0.00345689 0)
(0.289546 0.00370804 0)
(0.291002 0.00386727 0)
(0.292821 0.00395101 0)
(0.294908 0.00397307 0)
(0.297182 0.00394359 0)
(0.299574 0.00387144 0)
(0.302027 0.00376417 0)
(0.304491 0.00362952 0)
(0.30693 0.00347403 0)
(0.309312 0.00330461 0)
(0.311613 0.00312548 0)
(0.313822 0.00294699 0)
(0.315929 0.00275876 0)
(0.317844 0.00261135 0)
(0.320226 0.00231643 0)
(0.619562 -0.0244052 0)
(0.585625 -0.0259444 0)
(0.546075 -0.0254462 0)
(0.503569 -0.0235486 0)
(0.460115 -0.020842 0)
(0.417178 -0.0177713 0)
(0.375823 -0.0146648 0)
(0.336808 -0.0117518 0)
(0.300632 -0.00916528 0)
(0.267591 -0.0069582 0)
(0.237828 -0.00513243 0)
(0.211362 -0.00366286 0)
(0.188117 -0.00251081 0)
(0.167935 -0.00163173 0)
(0.150605 -0.000978823 0)
(0.135885 -0.000506171 0)
(0.123516 -0.00016995 0)
(0.113245 6.88206e-05 0)
(0.104833 0.000242966 0)
(0.0980618 0.00037688 0)
(0.0927362 0.000487178 0)
(0.0886818 0.000582952 0)
(0.0857421 0.000668576 0)
(0.0837754 0.000744789 0)
(0.0826528 0.000811135 0)
(0.0822557 0.000866231 0)
(0.0824745 0.000910648 0)
(0.0832091 0.000942768 0)
(0.084368 0.000962039 0)
(0.0858706 0.000969384 0)
(0.0876465 0.000967532 0)
(0.0896327 0.000957352 0)
(0.0917719 0.000938887 0)
(0.0940119 0.000912914 0)
(0.0963074 0.000881483 0)
(0.0986212 0.000845816 0)
(0.100922 0.000806965 0)
(0.103185 0.000765546 0)
(0.105389 0.000722502 0)
(0.107516 0.000678558 0)
(0.109553 0.000634647 0)
(0.111493 0.000591459 0)
(0.113329 0.000549321 0)
(0.115057 0.000508959 0)
(0.11668 0.000471815 0)
(0.118173 0.000414308 0)
(0.119908 0.000492677 0)
)
;

boundaryField
{
    inlet
    {
        type            fixedProfile;
        profile         csvFile;
        profileCoeffs
        {
            nHeaderLine     0;
            refColumn       0;
            componentColumns 3(1 2 3);
            separator       ",";
            mergeSeparators 0;
            file            "0/Uprofile.csv";
        }
        direction       (0 1 0);
        origin          -1;
        value           nonuniform List<vector> 
20
(
(0.0975 0 0)
(0.2775 0 0)
(0.4375 0 0)
(0.5775 0 0)
(0.6975 0 0)
(0.7975 0 0)
(0.8775 0 0)
(0.9375 0 0)
(0.9775 0 0)
(0.9975 0 0)
(0.9975 0 0)
(0.9775 0 0)
(0.9375 0 0)
(0.8775 0 0)
(0.7975 0 0)
(0.6975 0 0)
(0.5775 0 0)
(0.4375 0 0)
(0.2775 0 0)
(0.0975 0 0)
)
;
    }
    outlet
    {
        type            zeroGradient;
    }
    upperWall
    {
        type            noSlip;
    }
    lowerWall
    {
        type            noSlip;
    }
    frontAndBack
    {
        type            empty;
    }
}


// ************************************************************************* //
