/*--------------------------------*- C++ -*----------------------------------*\
| =========                 |                                                 |
| \\      /  F ield         | OpenFOAM: The Open Source CFD Toolbox           |
|  \\    /   O peration     | Version:  2406                                  |
|   \\  /    A nd           | Website:  www.openfoam.com                      |
|    \\/     M anipulation  |                                                 |
\*---------------------------------------------------------------------------*/
FoamFile
{
    version     2.0;
    format      ascii;
    arch        "LSB;label=32;scalar=64";
    class       volVectorField;
    location    "108";
    object      U;
}
// * * * * * * * * * * * * * * * * * * * * * * * * * * * * * * * * * * * * * //

dimensions      [0 1 -1 0 0 0 0];

internalField   nonuniform List<vector> 
1916
(
(0.099623 -0.00151 0)
(0.101613 -0.00194222 0)
(0.103819 -0.00137871 0)
(0.105958 -0.000873029 0)
(0.107596 -0.000570977 0)
(0.108806 -0.000384488 0)
(0.109743 -0.000263111 0)
(0.110486 -0.000186407 0)
(0.111079 -0.000138683 0)
(0.111561 -0.000107745 0)
(0.111959 -8.63865e-05 0)
(0.112294 -7.0857e-05 0)
(0.112577 -5.89961e-05 0)
(0.112819 -4.94356e-05 0)
(0.113026 -4.12656e-05 0)
(0.113203 -3.38965e-05 0)
(0.113354 -2.68596e-05 0)
(0.113478 -1.97618e-05 0)
(0.113578 -1.21778e-05 0)
(0.113653 -3.65987e-06 0)
(0.113699 6.3904e-06 0)
(0.113714 1.87078e-05 0)
(0.113692 3.40883e-05 0)
(0.113623 5.33676e-05 0)
(0.113498 7.77954e-05 0)
(0.113302 0.000109054 0)
(0.113016 0.000149356 0)
(0.112613 0.00020144 0)
(0.11206 0.000268764 0)
(0.111312 0.000355522 0)
(0.110314 0.000466782 0)
(0.108992 0.000608345 0)
(0.107256 0.000786586 0)
(0.104994 0.00100777 0)
(0.10207 0.001277 0)
(0.098325 0.00159619 0)
(0.0935811 0.00196122 0)
(0.0876528 0.00235774 0)
(0.0803683 0.00275675 0)
(0.0716056 0.00311032 0)
(0.0613459 0.00335108 0)
(0.0497447 0.00339548 0)
(0.0372122 0.00315448 0)
(0.0245245 0.00253312 0)
(0.0130005 0.00142715 0)
(0.0046366 -0.000320429 0)
(-0.000345491 -0.00113741 0)
(0.276663 -0.00166371 0)
(0.275938 -0.00304759 0)
(0.275861 -0.00303191 0)
(0.276277 -0.00261995 0)
(0.276975 -0.00218633 0)
(0.277775 -0.00179 0)
(0.278578 -0.0014481 0)
(0.279337 -0.00117235 0)
(0.280034 -0.00095853 0)
(0.280663 -0.000793388 0)
(0.281226 -0.000664177 0)
(0.281728 -0.000561452 0)
(0.282174 -0.000478317 0)
(0.282569 -0.000409488 0)
(0.282919 -0.000350871 0)
(0.283227 -0.00029927 0)
(0.283495 -0.000252084 0)
(0.283726 -0.000207016 0)
(0.283919 -0.000161856 0)
(0.284073 -0.00011428 0)
(0.284185 -6.16862e-05 0)
(0.28425 -9.50152e-07 0)
(0.28426 7.1619e-05 0)
(0.284204 0.000160547 0)
(0.284066 0.000271695 0)
(0.283826 0.000412706 0)
(0.283454 0.000593438 0)
(0.282915 0.000826585 0)
(0.282157 0.00112838 0)
(0.281115 0.00151946 0)
(0.279703 0.00202576 0)
(0.277807 0.00267933 0)
(0.275282 0.00351892 0)
(0.271935 0.00458988 0)
(0.267524 0.0059426 0)
(0.261737 0.00762869 0)
(0.254187 0.00969296 0)
(0.244402 0.0121593 0)
(0.231824 0.0150077 0)
(0.215834 0.01814 0)
(0.195809 0.0213346 0)
(0.171249 0.0241904 0)
(0.141995 0.0260835 0)
(0.108599 0.0261283 0)
(0.0727968 0.0233311 0)
(0.0385791 0.0168736 0)
(0.0074246 0.00895778 0)
(0.436899 -0.000883453 0)
(0.436417 -0.00190593 0)
(0.435904 -0.00221649 0)
(0.435393 -0.00222095 0)
(0.435101 -0.00213061 0)
(0.435039 -0.00198512 0)
(0.435121 -0.00180292 0)
(0.435287 -0.00161235 0)
(0.435504 -0.0014328 0)
(0.435752 -0.0012704 0)
(0.436014 -0.00112522 0)
(0.436278 -0.000996008 0)
(0.436536 -0.0008811 0)
(0.436782 -0.000778304 0)
(0.437013 -0.000685092 0)
(0.437227 -0.000598844 0)
(0.437422 -0.0005169 0)
(0.437595 -0.000436448 0)
(0.437743 -0.00035437 0)
(0.437864 -0.000267085 0)
(0.437952 -0.000170338 0)
(0.438003 -5.89591e-05 0)
(0.438006 7.35421e-05 0)
(0.437952 0.000235482 0)
(0.437825 0.000437601 0)
(0.437607 0.000693812 0)
(0.437269 0.00102219 0)
(0.436777 0.00144619 0)
(0.436085 0.00199629 0)
(0.435128 0.00271182 0)
(0.433825 0.00364337 0)
(0.432065 0.00485534 0)
(0.429699 0.00642887 0)
(0.426533 0.00846439 0)
(0.422304 0.0110835 0)
(0.416666 0.0144282 0)
(0.409156 0.0186557 0)
(0.399166 0.0239239 0)
(0.3859 0.0303617 0)
(0.368334 0.0380126 0)
(0.34519 0.0467419 0)
(0.314961 0.0560804 0)
(0.276011 0.0650327 0)
(0.226988 0.0717946 0)
(0.167313 0.0739014 0)
(0.0999057 0.0683435 0)
(0.0252149 0.0510065 0)
(0.577056 -0.000491333 0)
(0.576853 -0.00123903 0)
(0.576537 -0.00162876 0)
(0.576023 -0.00177372 0)
(0.57556 -0.00180113 0)
(0.575242 -0.00176036 0)
(0.575024 -0.00167122 0)
(0.574868 -0.0015559 0)
(0.574759 -0.00143336 0)
(0.574693 -0.00131313 0)
(0.574659 -0.0011984 0)
(0.57465 -0.0010901 0)
(0.574656 -0.000988342 0)
(0.574675 -0.000892419 0)
(0.5747 -0.000800909 0)
(0.57473 -0.000711912 0)
(0.57476 -0.000623154 0)
(0.574786 -0.000531906 0)
(0.574807 -0.000434821 0)
(0.574817 -0.000327743 0)
(0.574813 -0.00020546 0)
(0.57479 -6.13577e-05 0)
(0.574739 0.000113092 0)
(0.574654 0.000328994 0)
(0.574522 0.000600852 0)
(0.574329 0.000947646 0)
(0.574055 0.00139424 0)
(0.573675 0.00197324 0)
(0.573153 0.00272736 0)
(0.572443 0.00371247 0)
(0.571483 0.00500149 0)
(0.570188 0.00668916 0)
(0.568441 0.0088979 0)
(0.566083 0.0117847 0)
(0.562895 0.0155487 0)
(0.558571 0.0204387 0)
(0.55268 0.0267586 0)
(0.54462 0.0348664 0)
(0.533531 0.0451608 0)
(0.518201 0.0580359 0)
(0.496909 0.0737916 0)
(0.467273 0.0924243 0)
(0.426012 0.113333 0)
(0.369065 0.134593 0)
(0.29138 0.152788 0)
(0.190729 0.161411 0)
(0.0571836 0.142159 0)
(0.697136 -0.000313756 0)
(0.697056 -0.000853855 0)
(0.696903 -0.00120212 0)
(0.696512 -0.00137389 0)
(0.696089 -0.00144046 0)
(0.695748 -0.00144548 0)
(0.695474 -0.00140647 0)
(0.695233 -0.00133804 0)
(0.69502 -0.00125481 0)
(0.694837 -0.0011665 0)
(0.694679 -0.00107767 0)
(0.694542 -0.000990284 0)
(0.69442 -0.000905194 0)
(0.694312 -0.000822334 0)
(0.694215 -0.000740785 0)
(0.694126 -0.00065895 0)
(0.694043 -0.000574672 0)
(0.693965 -0.000485174 0)
(0.69389 -0.000386904 0)
(0.693815 -0.000275319 0)
(0.693738 -0.000144606 0)
(0.693656 1.27194e-05 0)
(0.693567 0.000206396 0)
(0.693464 0.000449183 0)
(0.693344 0.000757852 0)
(0.693199 0.00115448 0)
(0.693019 0.00166816 0)
(0.692793 0.00233729 0)
(0.692502 0.00321256 0)
(0.692123 0.00436096 0)
(0.691625 0.00587094 0)
(0.69096 0.00785927 0)
(0.690063 0.0104799 0)
(0.68884 0.0139355 0)
(0.687153 0.0184922 0)
(0.684794 0.0244977 0)
(0.681453 0.032404 0)
(0.676654 0.0427918 0)
(0.669662 0.056396 0)
(0.659336 0.0741159 0)
(0.643867 0.097011 0)
(0.620459 0.126158 0)
(0.584563 0.162518 0)
(0.529588 0.20591 0)
(0.444234 0.255019 0)
(0.316263 0.304248 0)
(0.108374 0.322482 0)
(0.797183 -0.000211354 0)
(0.797161 -0.000593553 0)
(0.797101 -0.000871316 0)
(0.796804 -0.00103397 0)
(0.796435 -0.00111459 0)
(0.796112 -0.00114234 0)
(0.795836 -0.00113126 0)
(0.795581 -0.00109164 0)
(0.795341 -0.00103444 0)
(0.795121 -0.000968349 0)
(0.794922 -0.000898359 0)
(0.794741 -0.000826957 0)
(0.794573 -0.000755359 0)
(0.794417 -0.000683864 0)
(0.794272 -0.000611904 0)
(0.794137 -0.000538162 0)
(0.794011 -0.000460667 0)
(0.793892 -0.000376757 0)
(0.793781 -0.000282932 0)
(0.793676 -0.000174642 0)
(0.793579 -4.60018e-05 0)
(0.793488 0.000110628 0)
(0.793405 0.000305228 0)
(0.79333 0.000550914 0)
(0.793264 0.000864981 0)
(0.793208 0.00127028 0)
(0.793166 0.00179708 0)
(0.793138 0.00248548 0)
(0.793128 0.00338882 0)
(0.793139 0.00457808 0)
(0.793174 0.006148 0)
(0.793234 0.00822525 0)
(0.793315 0.0109796 0)
(0.793407 0.0146393 0)
(0.79348 0.0195121 0)
(0.793474 0.0260142 0)
(0.793271 0.0347113 0)
(0.792645 0.0463733 0)
(0.791176 0.0620544 0)
(0.788115 0.0831883 0)
(0.782053 0.111763 0)
(0.770602 0.150356 0)
(0.748998 0.202755 0)
(0.710053 0.272328 0)
(0.63761 0.366759 0)
(0.513533 0.476024 0)
(0.231276 0.584628 0)
(0.877212 -0.000142864 0)
(0.877218 -0.000407873 0)
(0.877209 -0.000615095 0)
(0.876974 -0.000750053 0)
(0.87665 -0.000825421 0)
(0.87635 -0.000858413 0)
(0.876082 -0.000859688 0)
(0.875826 -0.000836888 0)
(0.875578 -0.000797786 0)
(0.875345 -0.000749095 0)
(0.875129 -0.000695179 0)
(0.874929 -0.000638434 0)
(0.874742 -0.000580089 0)
(0.874568 -0.000520556 0)
(0.874407 -0.000459494 0)
(0.874257 -0.000395872 0)
(0.874118 -0.000328029 0)
(0.873991 -0.000253635 0)
(0.873876 -0.000169569 0)
(0.873774 -7.17203e-05 0)
(0.873687 4.52702e-05 0)
(0.873618 0.000188394 0)
(0.873571 0.000366815 0)
(0.873551 0.000592606 0)
(0.873565 0.000881728 0)
(0.873624 0.00125534 0)
(0.87374 0.00174154 0)
(0.873931 0.00237776 0)
(0.874219 0.00321399 0)
(0.874635 0.00431725 0)
(0.875218 0.00577771 0)
(0.876017 0.00771724 0)
(0.877096 0.0103014 0)
(0.878537 0.0137564 0)
(0.880436 0.0183941 0)
(0.882911 0.0246473 0)
(0.88609 0.0331239 0)
(0.890103 0.0446864 0)
(0.895029 0.0605801 0)
(0.900859 0.0826099 0)
(0.907166 0.113525 0)
(0.913306 0.15728 0)
(0.915514 0.220972 0)
(0.912549 0.313349 0)
(0.872042 0.461161 0)
(0.835041 0.70095 0)
(0.295163 1.16059 0)
(0.937231 -9.21395e-05 0)
(0.937251 -0.000265457 0)
(0.93727 -0.000406597 0)
(0.937074 -0.00050416 0)
(0.936783 -0.000562114 0)
(0.936502 -0.000589785 0)
(0.936243 -0.00059432 0)
(0.93599 -0.000580953 0)
(0.93574 -0.000554736 0)
(0.9355 -0.000520246 0)
(0.935276 -0.000480743 0)
(0.935066 -0.000438153 0)
(0.93487 -0.000393496 0)
(0.934688 -0.000347146 0)
(0.93452 -0.000298895 0)
(0.934365 -0.000247994 0)
(0.934224 -0.00019317 0)
(0.934099 -0.000132601 0)
(0.93399 -6.38136e-05 0)
(0.9339 1.64711e-05 0)
(0.933833 0.000112549 0)
(0.933793 0.000230041 0)
(0.933788 0.000376325 0)
(0.933826 0.000561139 0)
(0.933921 0.00079738 0)
(0.93409 0.00110218 0)
(0.934355 0.00149834 0)
(0.934746 0.00201635 0)
(0.935305 0.00269708 0)
(0.936085 0.00359559 0)
(0.937157 0.00478646 0)
(0.938617 0.00637132 0)
(0.940591 0.00848964 0)
(0.943248 0.0113345 0)
(0.94681 0.0151762 0)
(0.951576 0.0203972 0)
(0.957938 0.0275477 0)
(0.966425 0.0374302 0)
(0.977715 0.0512413 0)
(0.99278 0.0707913 0)
(1.01263 0.0989328 0)
(1.03973 0.140102 0)
(1.07357 0.202242 0)
(1.13068 0.296954 0)
(1.18299 0.455108 0)
(1.42519 0.686264 0)
(1.48782 1.28489 0)
(0.977242 -5.08641e-05 0)
(0.977269 -0.000147165 0)
(0.977302 -0.000226996 0)
(0.977131 -0.000283556 0)
(0.97686 -0.000317706 0)
(0.976593 -0.000333843 0)
(0.976341 -0.000335902 0)
(0.976092 -0.000326896 0)
(0.975842 -0.000309662 0)
(0.9756 -0.000286831 0)
(0.975371 -0.000260383 0)
(0.975157 -0.000231538 0)
(0.974957 -0.000200943 0)
(0.974771 -0.000168828 0)
(0.9746 -0.000135058 0)
(0.974444 -9.91486e-05 0)
(0.974305 -6.02772e-05 0)
(0.974184 -1.72556e-05 0)
(0.974083 3.15324e-05 0)
(0.974005 8.82305e-05 0)
(0.973955 0.000155649 0)
(0.973941 0.000237462 0)
(0.97397 0.000338494 0)
(0.974056 0.000465108 0)
(0.974214 0.000625734 0)
(0.974469 0.000831573 0)
(0.974848 0.00109756 0)
(0.975392 0.00144368 0)
(0.976156 0.00189681 0)
(0.97721 0.00249326 0)
(0.978651 0.00328242 0)
(0.980608 0.00433197 0)
(0.983258 0.00573541 0)
(0.986838 0.00762332 0)
(0.991672 0.0101803 0)
(0.998208 0.013671 0)
(1.00706 0.0184812 0)
(1.01911 0.0251843 0)
(1.03559 0.0346456 0)
(1.05832 0.0482122 0)
(1.08983 0.0679605 0)
(1.13484 0.0973224 0)
(1.19821 0.141312 0)
(1.29807 0.208199 0)
(1.4358 0.309707 0)
(1.68944 0.432534 0)
(2.02279 0.668985 0)
(0.997247 -1.4283e-05 0)
(0.997277 -4.12594e-05 0)
(0.997317 -6.31204e-05 0)
(0.997157 -7.76347e-05 0)
(0.996896 -8.48612e-05 0)
(0.996636 -8.60478e-05 0)
(0.99639 -8.24139e-05 0)
(0.996142 -7.49182e-05 0)
(0.995893 -6.44527e-05 0)
(0.995651 -5.18461e-05 6.94303e-34)
(0.995422 -3.77263e-05 0)
(0.995207 -2.24732e-05 0)
(0.995006 -6.26794e-06 0)
(0.99482 1.08546e-05 0)
(0.994649 2.89862e-05 0)
(0.994495 4.83418e-05 6.94152e-34)
(0.994358 6.92584e-05 0)
(0.994241 9.22047e-05 0)
(0.994146 0.000117803 0)
(0.994078 0.000146865 0)
(0.99404 0.000180442 0)
(0.994042 0.000219892 0)
(0.994093 0.000266982 0)
(0.994207 0.000324025 -6.92805e-34)
(0.994403 0.000394069 0)
(0.994706 0.000481142 0)
(0.99515 0.000590599 0)
(0.995781 0.000729591 0)
(0.996658 0.000907719 0)
(0.997863 0.00113796 0)
(0.999507 0.00143798 0)
(1.00174 0.00183203 0)
(1.00476 0.00235373 0)
(1.00884 0.00305022 0)
(1.01438 0.00398848 0)
(1.02189 0.00526523 0)
(1.03213 0.00702239 0)
(1.04617 0.00947304 0)
(1.06557 0.0129399 0)
(1.09262 0.0179332 0)
(1.13074 0.0252143 0)
(1.18514 0.0360815 -5.46783e-34)
(1.26338 0.0519839 0)
(1.37588 0.075514 0)
(1.53815 0.105934 0)
(1.75316 0.134991 0)
(2.05773 0.157907 0)
(0.997247 2.08203e-05 0)
(0.997277 6.06726e-05 0)
(0.997318 9.55291e-05 0)
(0.997158 0.000123164 0)
(0.996898 0.000143693 0)
(0.996639 0.000158425 0)
(0.996393 0.000168648 0)
(0.996147 0.000175404 0)
(0.995899 0.000179677 0)
(0.995659 0.000182393 -6.94261e-34)
(0.995431 0.00018429 0)
(0.995218 0.000185864 0)
(0.995019 0.000187425 0)
(0.994836 0.000189141 0)
(0.994668 0.000191067 0)
(0.994517 0.000193147 -6.94069e-34)
(0.994384 0.000195216 0)
(0.99427 0.000196993 0)
(0.994179 0.000198057 0)
(0.994115 0.000197819 0)
(0.994083 0.000195471 0)
(0.99409 0.000189924 0)
(0.994146 0.000179713 0)
(0.994267 0.000162862 6.92861e-34)
(0.99447 0.000136708 0)
(0.994781 9.76677e-05 0)
(0.995234 4.09098e-05 0)
(0.995874 -4.00896e-05 0)
(0.996762 -0.000154166 0)
(0.997979 -0.000313337 0)
(0.999636 -0.000534035 0)
(1.00188 -0.000838882 0)
(1.00492 -0.00125929 0)
(1.00902 -0.0018393 0)
(1.01458 -0.00264151 0)
(1.02213 -0.00375618 0)
(1.03241 -0.00531547 0)
(1.0465 -0.00751737 0)
(1.06597 -0.0106605 0)
(1.09313 -0.0152158 0)
(1.13142 -0.0218773 0)
(1.18608 -0.0318254 5.47178e-34)
(1.26477 -0.0463012 0)
(1.37797 -0.0674695 0)
(1.5416 -0.0939963 0)
(1.75792 -0.115776 0)
(2.0654 -0.127603 0)
(0.977242 5.7243e-05 0)
(0.977269 0.000166106 0)
(0.977304 0.000258615 0)
(0.977134 0.000327972 0)
(0.976865 0.000375091 0)
(0.9766 0.000404425 0)
(0.976352 0.000419981 0)
(0.976105 0.00042485 0)
(0.975859 0.000421959 0)
(0.975622 0.000414036 0)
(0.975399 0.000403165 0)
(0.975191 0.000390683 0)
(0.974997 0.000377359 0)
(0.974819 0.000363556 0)
(0.974656 0.00034928 0)
(0.97451 0.000334202 0)
(0.974381 0.000317667 0)
(0.97427 0.000298668 0)
(0.974181 0.000275783 0)
(0.974117 0.000247084 0)
(0.974082 0.000209994 0)
(0.974084 0.000161099 0)
(0.974131 9.5863e-05 0)
(0.974235 8.24332e-06 0)
(0.974415 -0.000109827 0)
(0.974693 -0.000269131 0)
(0.975098 -0.000484117 0)
(0.975671 -0.000774195 0)
(0.976465 -0.00116554 0)
(0.977554 -0.00169362 0)
(0.979035 -0.00240675 0)
(0.981037 -0.00337119 0)
(0.983739 -0.0046786 0)
(0.987379 -0.00645703 0)
(0.992285 -0.00888753 0)
(0.99891 -0.0122298 0)
(1.00788 -0.0168623 0)
(1.02008 -0.0233476 0)
(1.03675 -0.0325346 0)
(1.05977 -0.0457458 0)
(1.09172 -0.0650169 0)
(1.13743 -0.0937232 0)
(1.20196 -0.136763 0)
(1.30392 -0.202237 0)
(1.44543 -0.301613 0)
(1.70553 -0.419643 0)
(2.05191 -0.650198 0)
(0.937231 9.82033e-05 0)
(0.937252 0.000283459 0)
(0.937272 0.000436647 0)
(0.937079 0.000546363 0)
(0.93679 0.00061662 0)
(0.936514 0.000656799 0)
(0.93626 0.000674113 0)
(0.936013 0.00067387 0)
(0.935769 0.00066121 0)
(0.935537 0.000640802 0)
(0.935322 0.000616005 0)
(0.935122 0.000588855 0)
(0.934937 0.000560488 0)
(0.934767 0.000531404 0)
(0.934613 0.00050153 0)
(0.934473 0.000470261 0)
(0.934349 0.000436483 0)
(0.934242 0.000398545 0)
(0.934153 0.000354154 0)
(0.934085 0.000300232 0)
(0.934042 0.000232698 0)
(0.934029 0.000146175 0)
(0.934053 3.3543e-05 0)
(0.934123 -0.000114644 0)
(0.934253 -0.000310963 0)
(0.93446 -0.000572173 0)
(0.934767 -0.000920671 0)
(0.935205 -0.00138645 0)
(0.935816 -0.00200982 0)
(0.936653 -0.0028452 0)
(0.937789 -0.00396635 0)
(0.939322 -0.00547392 0)
(0.941379 -0.00750614 0)
(0.944132 -0.0102546 0)
(0.947808 -0.0139873 0)
(0.952711 -0.0190846 0)
(0.959245 -0.0260928 0)
(0.967951 -0.0358109 0)
(0.979532 -0.0494305 0)
(0.994999 -0.0687578 0)
(1.01542 -0.0966449 0)
(1.04341 -0.137538 0)
(1.07853 -0.199435 0)
(1.13824 -0.294015 0)
(1.19372 -0.45283 0)
(1.44801 -0.684361 0)
(1.52085 -1.29485 0)
(0.877212 0.00014846 0)
(0.877219 0.000424481 0)
(0.877212 0.000642816 0)
(0.876981 0.000788971 0)
(0.876661 0.000875656 0)
(0.876366 0.00092013 0)
(0.876105 0.000933116 0)
(0.875857 0.000922325 0)
(0.875619 0.000895613 0)
(0.875396 0.000859776 0)
(0.875192 0.000819274 0)
(0.875006 0.000776599 0)
(0.874835 0.000733091 0)
(0.874678 0.000689273 0)
(0.874535 0.000644932 0)
(0.874407 0.000599167 0)
(0.874291 0.000550462 0)
(0.874189 0.000496638 0)
(0.874102 0.000434743 0)
(0.87403 0.000360837 0)
(0.873977 0.000269762 0)
(0.873944 0.000154727 0)
(0.873937 6.80513e-06 0)
(0.87396 -0.000185839 0)
(0.874023 -0.00043889 0)
(0.874134 -0.000773215 0)
(0.874308 -0.00121658 0)
(0.874562 -0.00180607 0)
(0.874921 -0.00259129 0)
(0.875415 -0.00363883 0)
(0.876085 -0.00503841 0)
(0.876981 -0.00691142 0)
(0.878172 -0.00942291 0)
(0.879739 -0.0127987 0)
(0.881785 -0.0173502 0)
(0.884435 -0.0235104 0)
(0.887826 -0.031888 0)
(0.892101 -0.0433478 0)
(0.897358 -0.0591411 0)
(0.903623 -0.0810852 0)
(0.910507 -0.111959 0)
(0.917451 -0.155765 0)
(0.920715 -0.219748 0)
(0.91939 -0.312823 0)
(0.880284 -0.462625 0)
(0.847351 -0.70676 0)
(0.298518 -1.18196 0)
(0.797183 0.000216335 0)
(0.797162 0.000608332 0)
(0.797105 0.000895983 0)
(0.796812 0.00106857 0)
(0.796448 0.00115921 0)
(0.796133 0.0011971 0)
(0.795865 0.00119632 0)
(0.79562 0.00116724 0)
(0.795392 0.00112089 0)
(0.795186 0.00106605 0)
(0.795003 0.00100777 0)
(0.794838 0.000948641 0)
(0.79469 0.000889974 0)
(0.794556 0.000832165 0)
(0.794435 0.00077476 0)
(0.794326 0.000716554 0)
(0.794229 0.000655704 0)
(0.794142 0.000589677 0)
(0.794066 0.00051512 0)
(0.794 0.000427628 0)
(0.793944 0.000321481 0)
(0.793899 0.000189205 0)
(0.793866 2.10136e-05 0)
(0.793846 -0.000196018 0)
(0.79384 -0.000478968 0)
(0.79385 -0.000850482 0)
(0.793879 -0.00134059 0)
(0.793931 -0.00198919 0)
(0.794008 -0.0028494 0)
(0.794115 -0.00399206 0)
(0.794257 -0.00551178 0)
(0.794435 -0.00753525 0)
(0.79465 -0.0102325 0)
(0.794892 -0.0138322 0)
(0.795137 -0.0186433 0)
(0.79533 -0.0250844 0)
(0.79536 -0.0337247 0)
(0.795011 -0.0453411 0)
(0.793878 -0.0609998 0)
(0.791227 -0.0821549 0)
(0.785668 -0.110831 0)
(0.774838 -0.149666 0)
(0.753963 -0.202568 0)
(0.715852 -0.273036 0)
(0.64412 -0.369176 0)
(0.520468 -0.480764 0)
(0.235786 -0.592908 0)
(0.697136 0.000317986 0)
(0.697058 0.000866401 0)
(0.696908 0.00122306 0)
(0.696522 0.00140323 0)
(0.696105 0.00147821 0)
(0.695773 0.00149171 0)
(0.695509 0.00146128 0)
(0.69528 0.00140159 0)
(0.695082 0.00132733 0)
(0.694914 0.00124829 0)
(0.694775 0.0011691 0)
(0.694658 0.0010918 0)
(0.69456 0.00101731 0)
(0.694477 0.000945676 0)
(0.694408 0.000876044 0)
(0.694351 0.000806938 0)
(0.694303 0.000736279 0)
(0.694263 0.000661423 0)
(0.694229 0.000578907 0)
(0.694199 0.000484336 0)
(0.694172 0.000371996 0)
(0.694144 0.000234554 0)
(0.694113 6.2379e-05 0)
(0.694075 -0.000157105 0)
(0.694026 -0.000440553 0)
(0.693958 -0.000809869 0)
(0.693862 -0.00129407 0)
(0.693728 -0.00193141 0)
(0.693538 -0.00277261 0)
(0.69327 -0.00388465 0)
(0.692894 -0.00535622 0)
(0.692364 -0.00730447 0)
(0.691617 -0.00988414 0)
(0.690561 -0.0132992 0)
(0.68906 -0.0178177 0)
(0.686912 -0.0237911 0)
(0.683809 -0.0316765 0)
(0.679283 -0.0420633 0)
(0.672602 -0.0556999 0)
(0.662632 -0.073506 0)
(0.64756 -0.0965732 0)
(0.624583 -0.126023 0)
(0.589105 -0.162885 0)
(0.534455 -0.207048 0)
(0.449097 -0.257292 0)
(0.320429 -0.308016 0)
(0.110073 -0.328099 0)
(0.577057 0.000494687 0)
(0.576855 0.00124898 0)
(0.576543 0.00164535 0)
(0.576034 0.0017969 0)
(0.575579 0.00183085 0)
(0.57527 0.00179661 0)
(0.575064 0.00171403 0)
(0.574922 0.00160536 0)
(0.574829 0.00148961 0)
(0.574781 0.00137637 0)
(0.574769 0.00126888 0)
(0.574782 0.00116814 0)
(0.574815 0.00107433 0)
(0.574863 0.000986795 0)
(0.57492 0.000904204 0)
(0.574985 0.000824718 0)
(0.575054 0.000746151 0)
(0.575123 0.000665843 0)
(0.57519 0.000580546 0)
(0.575251 0.000486179 0)
(0.575302 0.000377632 0)
(0.575338 0.000248352 0)
(0.575353 8.99156e-05 0)
(0.575339 -0.000108693 0)
(0.575285 -0.000361877 0)
(0.575177 -0.000688568 0)
(0.574996 -0.00111359 0)
(0.574717 -0.00166956 0)
(0.574306 -0.00239929 0)
(0.573717 -0.00335888 0)
(0.572888 -0.00462162 0)
(0.571737 -0.00628291 0)
(0.570148 -0.00846622 0)
(0.567964 -0.0113302 0)
(0.564966 -0.0150764 0)
(0.56085 -0.0199575 0)
(0.555188 -0.0262828 0)
(0.547375 -0.0344184 0)
(0.536554 -0.0447743 0)
(0.521503 -0.0577604 0)
(0.50049 -0.0736973 0)
(0.471102 -0.0926053 0)
(0.430004 -0.113908 0)
(0.373042 -0.135687 0)
(0.295007 -0.154502 0)
(0.193507 -0.163712 0)
(0.0582344 -0.144686 0)
(0.436899 0.000885831 0)
(0.436419 0.00191298 0)
(0.43591 0.00222822 0)
(0.435405 0.00223724 0)
(0.435122 0.00215131 0)
(0.435069 0.00201016 0)
(0.435165 0.00183227 0)
(0.435345 0.00164603 0)
(0.43558 0.00147086 0)
(0.435848 0.00131296 0)
(0.436132 0.00117242 0)
(0.436421 0.00104803 0)
(0.436706 0.000938198 0)
(0.436983 0.000840751 0)
(0.437248 0.000753233 0)
(0.437499 0.000673054 0)
(0.437734 0.000597623 0)
(0.437951 0.000524161 0)
(0.438147 0.000449631 0)
(0.438321 0.000370483 0)
(0.438466 0.00028254 0)
(0.438578 0.000180624 0)
(0.438649 5.83132e-05 0)
(0.438668 -9.26753e-05 0)
(0.438621 -0.000283007 0)
(0.438489 -0.000526616 0)
(0.438246 -0.000841573 0)
(0.437856 -0.00125147 0)
(0.437275 -0.00178688 0)
(0.436439 -0.00248749 0)
(0.435267 -0.00340428 0)
(0.433648 -0.00460241 0)
(0.431435 -0.00616402 0)
(0.428434 -0.00819114 0)
(0.424381 -0.0108075 0)
(0.418929 -0.0141585 0)
(0.411615 -0.0184054 0)
(0.401826 -0.023712 0)
(0.388756 -0.0302146 0)
(0.371372 -0.0379651 0)
(0.348371 -0.0468375 0)
(0.318213 -0.0563682 0)
(0.279214 -0.0655596 0)
(0.229953 -0.0725857 0)
(0.169774 -0.0749372 0)
(0.101566 -0.0695321 0)
(0.0257347 -0.0521291 0)
(0.276663 0.0016651 0)
(0.27594 0.00305164 0)
(0.275867 0.00303855 0)
(0.276289 0.00262899 0)
(0.276995 0.00219759 0)
(0.277806 0.00180337 0)
(0.278621 0.0014635 0)
(0.279394 0.00118978 0)
(0.280107 0.000977979 0)
(0.280755 0.000814904 0)
(0.281339 0.000687812 0)
(0.281864 0.000587304 0)
(0.282335 0.000506487 0)
(0.282758 0.000440127 0)
(0.283139 0.000384133 0)
(0.28348 0.000335353 0)
(0.283784 0.000291187 0)
(0.284055 0.000249393 0)
(0.284291 0.000207759 0)
(0.284491 0.000164031 0)
(0.284654 0.000115616 0)
(0.284773 5.94798e-05 0)
(0.284842 -8.19966e-06 0)
(0.28485 -9.20216e-05 0)
(0.284782 -0.000197831 0)
(0.284617 -0.00033318 0)
(0.284327 -0.000507996 0)
(0.283876 -0.000735024 0)
(0.283214 -0.0010307 0)
(0.282274 -0.00141587 0)
(0.280972 -0.00191687 0)
(0.279195 -0.00256625 0)
(0.276794 -0.00340357 0)
(0.273578 -0.00447516 0)
(0.269301 -0.00583292 0)
(0.26365 -0.00753023 0)
(0.256232 -0.00961427 0)
(0.246568 -0.0121115 0)
(0.23409 -0.0150047 0)
(0.218164 -0.0181976 0)
(0.198146 -0.0214686 0)
(0.173512 -0.0244126 0)
(0.144075 -0.0263957 0)
(0.110365 -0.0265143 0)
(0.0741149 -0.0237534 0)
(0.0393626 -0.0172716 0)
(0.0076149 -0.00925997 0)
(0.0996231 0.00151051 0)
(0.101614 0.00194346 0)
(0.103824 0.00138052 0)
(0.105967 0.000875241 0)
(0.10761 0.000573507 0)
(0.108827 0.000387294 0)
(0.109772 0.000266198 0)
(0.110523 0.00018977 0)
(0.111127 0.000142338 0)
(0.11162 0.000111689 0)
(0.112031 9.06437e-05 0)
(0.112378 7.54349e-05 0)
(0.112677 6.39335e-05 0)
(0.112935 5.47498e-05 0)
(0.113159 4.70011e-05 0)
(0.113355 4.00715e-05 0)
(0.113526 3.35279e-05 0)
(0.113673 2.69505e-05 0)
(0.113797 1.99555e-05 0)
(0.113898 1.20743e-05 0)
(0.113973 2.78575e-06 0)
(0.114019 -8.64991e-06 0)
(0.11403 -2.31239e-05 0)
(0.113997 -4.16467e-05 0)
(0.113912 -6.534e-05 0)
(0.113758 -9.58554e-05 0)
(0.113516 -0.000135367 0)
(0.113162 -0.000186715 0)
(0.11266 -0.000253376 0)
(0.111966 -0.000339689 0)
(0.111025 -0.000450793 0)
(0.109762 -0.000592716 0)
(0.108087 -0.000772 0)
(0.105884 -0.00099525 0)
(0.103017 -0.00126784 0)
(0.0993223 -0.00159212 0)
(0.0946188 -0.0019642 0)
(0.0887152 -0.00237001 0)
(0.0814331 -0.0027803 0)
(0.0726432 -0.00314642 0)
(0.06232 -0.00339936 0)
(0.0506146 -0.00345318 0)
(0.0379377 -0.00321632 0)
(0.0250734 -0.00259184 0)
(0.0133581 -0.00147554 0)
(0.00481937 0.000291174 0)
(-0.000316419 0.00111788 0)
(1.82133 0.96971 0)
(1.53921 0.52866 0)
(1.10592 0.25087 0)
(0.903133 0.106155 0)
(0.858744 0.0321689 0)
(0.821934 -0.0111657 0)
(2.47142 0.547792 0)
(2.64174 0.348591 0)
(2.63068 0.245421 0)
(2.5901 0.198046 0)
(2.55664 0.166732 0)
(2.51257 0.146917 0)
(2.41916 0.0954726 0)
(2.69828 0.0435141 0)
(2.84572 0.0403549 0)
(2.91536 0.0561267 0)
(2.95621 0.0716737 0)
(2.97812 0.0888319 0)
(2.42851 -0.0441656 0)
(2.70644 0.0350362 0)
(2.85194 0.0671607 0)
(2.92112 0.0820731 0)
(2.96812 0.101274 0)
(3.00226 0.126368 0)
(2.51344 -0.500439 0)
(2.70192 -0.265156 0)
(2.72598 -0.132888 0)
(2.73863 -0.0625323 0)
(2.76864 -0.0064399 0)
(2.79507 0.0444802 0)
(1.88779 -0.978638 0)
(1.65525 -0.535199 0)
(1.28446 -0.255594 0)
(1.14796 -0.104467 0)
(1.18619 -0.0144431 0)
(1.25593 0.0537421 0)
(-0.000634274 0.000519431 0)
(-0.00426319 0.00105164 0)
(-0.00906244 0.00123205 0)
(-0.0140035 0.00119844 0)
(-0.018556 0.00111777 0)
(-0.0226455 0.0010203 0)
(-0.0262836 0.000915749 0)
(-0.0295007 0.000812803 0)
(-0.0323435 0.000719777 0)
(-0.0348681 0.000642646 0)
(-0.0371294 0.000582986 0)
(-0.0391677 0.000537249 0)
(-0.0410003 0.000497599 0)
(-0.0426178 0.00045477 0)
(-0.0439887 0.000400852 0)
(-0.0450699 0.000331492 0)
(-0.0458193 0.000246426 0)
(-0.0462077 0.000149637 0)
(-0.0462244 4.69431e-05 0)
(-0.0458805 -5.6952e-05 0)
(-0.0452041 -0.000158741 0)
(-0.0442318 -0.000253326 0)
(-0.0430098 -0.00033334 0)
(-0.0415942 -0.000394543 0)
(-0.0400464 -0.00043844 0)
(-0.0384298 -0.000465373 0)
(-0.0368071 -0.000476545 0)
(-0.0352364 -0.000473223 0)
(-0.033768 -0.000456523 0)
(-0.0324417 -0.000428336 0)
(-0.0312829 -0.000391004 0)
(-0.0303 -0.000346707 0)
(-0.029483 -0.000300777 0)
(-0.0288033 -0.000260129 0)
(-0.028215 -0.000234731 0)
(-0.0276478 -0.000235508 0)
(-0.0269993 -0.00026927 0)
(-0.026134 -0.000343057 0)
(-0.024893 -0.000465397 0)
(-0.0231157 -0.000647452 0)
(-0.0206404 -0.00090001 0)
(-0.0172716 -0.00124234 0)
(-0.0127906 -0.00167949 0)
(-0.00717938 -0.00210003 0)
(-0.000839776 -0.00222845 0)
(0.00626991 -0.00230287 0)
(0.0138868 -0.0035032 0)
(-0.00249467 0.00513153 0)
(-0.0132678 0.00895026 0)
(-0.0254661 0.00979791 0)
(-0.0372166 0.00930607 0)
(-0.0477193 0.00844169 0)
(-0.0569469 0.00751575 0)
(-0.064996 0.00662855 0)
(-0.0719988 0.00582538 0)
(-0.0781046 0.00513042 0)
(-0.0834602 0.00454797 0)
(-0.0881885 0.00406119 0)
(-0.0923721 0.00363417 0)
(-0.096043 0.00322041 0)
(-0.0991845 0.00277444 0)
(-0.101745 0.00226442 0)
(-0.10366 0.00168056 0)
(-0.104877 0.00103614 0)
(-0.105375 0.000360785 0)
(-0.10517 -0.000309353 0)
(-0.104308 -0.000940539 0)
(-0.102858 -0.0015083 0)
(-0.10091 -0.0019954 0)
(-0.0985629 -0.00238832 0)
(-0.0959277 -0.00267598 0)
(-0.0931219 -0.00285088 0)
(-0.0902656 -0.0029111 0)
(-0.0874738 -0.00286162 0)
(-0.0848511 -0.00271454 0)
(-0.0824862 -0.00248773 0)
(-0.0804464 -0.00220407 0)
(-0.0787732 -0.00189029 0)
(-0.0774765 -0.00157712 0)
(-0.0765344 -0.00129904 0)
(-0.0758922 -0.00109278 0)
(-0.0754585 -0.00099372 0)
(-0.0751077 -0.00104405 0)
(-0.0746759 -0.00129471 0)
(-0.073952 -0.00179949 0)
(-0.0726884 -0.00259725 0)
(-0.0706309 -0.00368719 0)
(-0.067557 -0.00503161 0)
(-0.0632722 -0.00662009 0)
(-0.0575881 -0.00845594 0)
(-0.050452 -0.010248 0)
(-0.0419419 -0.0112464 0)
(-0.0321946 -0.0115504 0)
(-0.0215079 -0.0123663 0)
(-0.00484707 0.0157241 0)
(-0.023183 0.0242522 0)
(-0.0415833 0.0249219 0)
(-0.0581882 0.0229489 0)
(-0.0725352 0.0204046 0)
(-0.0848839 0.0178904 0)
(-0.0955086 0.015594 0)
(-0.104678 0.013586 0)
(-0.112641 0.011885 0)
(-0.119613 0.0104676 0)
(-0.12576 0.00927048 0)
(-0.131189 0.00819975 0)
(-0.135943 0.00715012 0)
(-0.140002 0.00602953 0)
(-0.143308 0.00478287 0)
(-0.14579 0.00340439 0)
(-0.147402 0.00193436 0)
(-0.148135 0.000441534 0)
(-0.148029 -0.000998728 0)
(-0.147157 -0.00232028 0)
(-0.145615 -0.00347699 0)
(-0.14352 -0.00444051 0)
(-0.140997 -0.005188 0)
(-0.138183 -0.0056991 0)
(-0.135222 -0.00596222 0)
(-0.132265 -0.00597461 0)
(-0.129454 -0.00575408 0)
(-0.126922 -0.0053294 0)
(-0.124779 -0.00473835 0)
(-0.123108 -0.00402961 0)
(-0.121964 -0.00326281 0)
(-0.121364 -0.00250582 0)
(-0.121288 -0.00183248 0)
(-0.121675 -0.00131563 0)
(-0.12243 -0.00102565 0)
(-0.123429 -0.00104172 0)
(-0.124512 -0.00145143 0)
(-0.125473 -0.00234803 0)
(-0.126055 -0.00380196 0)
(-0.12598 -0.00579396 0)
(-0.125029 -0.00824333 0)
(-0.123041 -0.0111321 0)
(-0.11972 -0.0144794 0)
(-0.114755 -0.0178263 0)
(-0.108671 -0.0200256 0)
(-0.101958 -0.0210911 0)
(-0.0909409 -0.0210983 0)
(-0.00760661 0.0330103 0)
(-0.0327773 0.0459321 0)
(-0.0544743 0.0444385 0)
(-0.072565 0.0396857 0)
(-0.0877365 0.0346919 0)
(-0.100683 0.0301087 0)
(-0.111859 0.0260985 0)
(-0.121628 0.0226888 0)
(-0.130271 0.0198461 0)
(-0.138003 0.0174903 0)
(-0.144983 0.0154954 0)
(-0.151311 0.0137007 0)
(-0.157019 0.011936 0)
(-0.162074 0.0100588 0)
(-0.166395 0.0079873 0)
(-0.169889 0.0057203 0)
(-0.172488 0.0033315 0)
(-0.174177 0.000939479 0)
(-0.174999 -0.00133271 0)
(-0.175032 -0.00338862 0)
(-0.174371 -0.00516425 0)
(-0.173125 -0.00662272 0)
(-0.171416 -0.00772911 0)
(-0.169383 -0.00844785 0)
(-0.167187 -0.00875676 0)
(-0.165005 -0.00865604 0)
(-0.163015 -0.00817389 0)
(-0.161371 -0.00735683 0)
(-0.160207 -0.00626614 0)
(-0.159633 -0.00498201 0)
(-0.159725 -0.00360214 0)
(-0.160521 -0.00223125 0)
(-0.162017 -0.000978731 0)
(-0.164173 5.044e-05 0)
(-0.16692 0.000751983 0)
(-0.170173 0.00101487 0)
(-0.173824 0.000714258 0)
(-0.177719 -0.000288115 0)
(-0.181623 -0.00208517 0)
(-0.185273 -0.00465319 0)
(-0.188512 -0.00790222 0)
(-0.191248 -0.011839 0)
(-0.193058 -0.0164922 0)
(-0.193276 -0.0212948 0)
(-0.192488 -0.024889 0)
(-0.191392 -0.0268761 0)
(-0.187261 -0.0279099 0)
(-0.0109309 0.0578358 0)
(-0.0395864 0.070645 0)
(-0.0577964 0.0634969 0)
(-0.0712657 0.0551073 0)
(-0.0828319 0.0477247 0)
(-0.0932641 0.0413815 0)
(-0.102901 0.0360579 0)
(-0.111993 0.0316433 0)
(-0.120671 0.0279997 0)
(-0.128994 0.0249836 0)
(-0.136991 0.0224222 0)
(-0.144668 0.0201043 0)
(-0.151997 0.0178019 0)
(-0.158902 0.015315 0)
(-0.165256 0.0125235 0)
(-0.170913 0.00942659 0)
(-0.175751 0.00614544 0)
(-0.179707 0.0028684 0)
(-0.182797 -0.000225306 0)
(-0.185093 -0.00301535 0)
(-0.186667 -0.00543473 0)
(-0.18756 -0.00743252 0)
(-0.187841 -0.00895524 0)
(-0.187623 -0.00994174 0)
(-0.187079 -0.0103426 0)
(-0.18642 -0.0101463 0)
(-0.185865 -0.0093801 0)
(-0.185614 -0.00811203 0)
(-0.185848 -0.00643584 0)
(-0.186715 -0.00447022 0)
(-0.188322 -0.00235024 0)
(-0.19073 -0.000210506 0)
(-0.193954 0.00181391 0)
(-0.197982 0.00359 0)
(-0.202792 0.00498426 0)
(-0.20835 0.00585344 0)
(-0.214609 0.00603727 0)
(-0.221454 0.00536844 0)
(-0.228654 0.00372926 0)
(-0.235963 0.00110461 0)
(-0.243353 -0.00245302 0)
(-0.25083 -0.00693932 0)
(-0.257791 -0.0123109 0)
(-0.263246 -0.0179884 0)
(-0.267951 -0.0227418 0)
(-0.273257 -0.0259187 0)
(-0.275364 -0.0276246 0)
(-0.010661 0.0836463 0)
(-0.0314944 0.0864222 0)
(-0.030864 0.0713018 0)
(-0.0296453 0.0620499 0)
(-0.0321243 0.0547121 0)
(-0.037129 0.0484485 0)
(-0.0439289 0.0434544 0)
(-0.0522371 0.0394311 0)
(-0.0617199 0.0360784 0)
(-0.0720045 0.0332379 0)
(-0.0827662 0.0307571 0)
(-0.0937539 0.0284226 0)
(-0.104777 0.0259706 0)
(-0.115676 0.023149 0)
(-0.126273 0.0198205 0)
(-0.136364 0.0160195 0)
(-0.14576 0.0119295 0)
(-0.154337 0.00781491 0)
(-0.162052 0.00391447 0)
(-0.168908 0.000371117 0)
(-0.17492 -0.00276369 0)
(-0.180069 -0.00546193 0)
(-0.184277 -0.00764295 0)
(-0.187552 -0.00917493 0)
(-0.19003 -0.00992773 0)
(-0.19194 -0.00983413 0)
(-0.193563 -0.00892133 0)
(-0.19519 -0.00729148 0)
(-0.197083 -0.0050769 0)
(-0.19946 -0.00243797 0)
(-0.202466 0.000449226 0)
(-0.20618 0.00341714 0)
(-0.210659 0.00630528 0)
(-0.215926 0.00894848 0)
(-0.22199 0.011184 0)
(-0.228865 0.012841 0)
(-0.236549 0.0137416 0)
(-0.244971 0.0137089 0)
(-0.253935 0.0125803 0)
(-0.263256 0.0102465 0)
(-0.27299 0.0066833 0)
(-0.283203 0.00196314 0)
(-0.293208 -0.0037272 0)
(-0.301816 -0.00992723 0)
(-0.309804 -0.0158582 0)
(-0.318799 -0.020598 0)
(-0.324362 -0.0231209 0)
(0.0725851 0.0860616 0)
(0.0907065 0.0888796 0)
(0.117889 0.0767095 0)
(0.136951 0.0708384 0)
(0.142419 0.0670473 0)
(0.139221 0.0631251 0)
(0.130587 0.059508 0)
(0.117751 0.0564162 0)
(0.101668 0.053607 0)
(0.0833142 0.0508762 0)
(0.0635366 0.0481366 0)
(0.0430245 0.0452981 0)
(0.0223053 0.0422108 0)
(0.00174733 0.0386798 0)
(-0.0184025 0.0345271 0)
(-0.0379965 0.0297395 0)
(-0.0569251 0.0245459 0)
(-0.0750633 0.0193152 0)
(-0.0922794 0.0143634 0)
(-0.108438 0.00982475 0)
(-0.123366 0.00567452 0)
(-0.136832 0.00187344 0)
(-0.148657 -0.00148995 0)
(-0.158735 -0.00418208 0)
(-0.167084 -0.0059335 0)
(-0.173894 -0.00656834 0)
(-0.179458 -0.00605369 0)
(-0.184168 -0.00449973 0)
(-0.188417 -0.00209956 0)
(-0.192552 0.000933854 0)
(-0.196814 0.00438035 0)
(-0.201385 0.00801059 0)
(-0.206382 0.0116214 0)
(-0.21187 0.0150141 0)
(-0.217906 0.017994 0)
(-0.224552 0.0203785 0)
(-0.231872 0.0219915 0)
(-0.239886 0.0226581 0)
(-0.248502 0.0221803 0)
(-0.257613 0.0203376 0)
(-0.267327 0.0169942 0)
(-0.277789 0.0122578 0)
(-0.288369 0.00645551 0)
(-0.297835 -0.000115324 0)
(-0.306794 -0.00713802 0)
(-0.316684 -0.0133694 0)
(-0.323217 -0.0167003 0)
(0.784358 -0.0179375 0)
(0.75302 -0.00497022 0)
(0.731431 0.00994025 0)
(0.708636 0.0237589 0)
(0.679081 0.0354559 0)
(0.643647 0.0444761 0)
(0.603946 0.0511031 0)
(0.560829 0.0558823 0)
(0.515058 0.0591637 0)
(0.467554 0.0611341 0)
(0.419246 0.0619456 0)
(0.370965 0.0617439 0)
(0.323408 0.0606472 0)
(0.277092 0.0587317 0)
(0.232315 0.0560193 0)
(0.18917 0.0525044 0)
(0.147649 0.0482353 0)
(0.107782 0.0433558 0)
(0.0697312 0.0380596 0)
(0.033796 0.0324857 0)
(0.00037372 0.0266704 0)
(-0.0300892 0.0206553 0)
(-0.0572988 0.0147165 0)
(-0.0810941 0.00937964 0)
(-0.101394 0.00519637 0)
(-0.118298 0.00250435 0)
(-0.132116 0.0013851 0)
(-0.143272 0.00174521 0)
(-0.152291 0.00337162 0)
(-0.15973 0.00601157 0)
(-0.166122 0.00936035 0)
(-0.171851 0.0130883 0)
(-0.177173 0.0169204 0)
(-0.18228 0.0206238 0)
(-0.187323 0.0239678 0)
(-0.192452 0.0267722 0)
(-0.197839 0.0288762 0)
(-0.203646 0.0301385 0)
(-0.209974 0.0303701 0)
(-0.216893 0.0292742 0)
(-0.224599 0.0265554 0)
(-0.233319 0.0221988 0)
(-0.242687 0.0165098 0)
(-0.251717 0.00962202 0)
(-0.260547 0.00159081 0)
(-0.269905 -0.00593983 0)
(-0.276192 -0.00998647 0)
(2.44432 0.140796 0)
(2.36239 0.142682 0)
(2.27479 0.147155 0)
(2.18116 0.152362 0)
(2.08 0.157714 0)
(1.97159 0.162438 0)
(1.85692 0.165866 0)
(1.73689 0.167678 0)
(1.61237 0.167747 0)
(1.48445 0.166001 0)
(1.35446 0.162422 0)
(1.22383 0.157067 0)
(1.09416 0.150064 0)
(0.967083 0.141611 0)
(0.844261 0.13198 0)
(0.727216 0.121502 0)
(0.617253 0.110538 0)
(0.515382 0.0994402 0)
(0.422278 0.0884986 0)
(0.338263 0.0778998 0)
(0.263281 0.0677102 0)
(0.196921 0.0579032 0)
(0.138499 0.0484481 0)
(0.0872996 0.0394561 0)
(0.0428127 0.0312587 0)
(0.00477848 0.024325 0)
(-0.0269563 0.0190716 0)
(-0.0526808 0.0157479 0)
(-0.072989 0.0143869 0)
(-0.0887656 0.014778 0)
(-0.10098 0.0165117 0)
(-0.11046 0.0190964 0)
(-0.117826 0.0220957 0)
(-0.123564 0.0251981 0)
(-0.128056 0.0281501 0)
(-0.131627 0.0307558 0)
(-0.134595 0.0328805 0)
(-0.137285 0.034432 0)
(-0.140029 0.035268 0)
(-0.143152 0.0350896 0)
(-0.147047 0.0334715 0)
(-0.152164 0.0301185 0)
(-0.158634 0.0250309 0)
(-0.166054 0.0181656 0)
(-0.174243 0.00951111 0)
(-0.182921 0.000984047 0)
(-0.189093 -0.00391059 0)
(2.9798 0.111941 0)
(2.96607 0.139174 0)
(2.94247 0.166917 0)
(2.90995 0.193702 0)
(2.86701 0.218992 0)
(2.81251 0.242084 0)
(2.74597 0.262329 0)
(2.66703 0.279344 7.54843e-36)
(2.57533 0.292888 0)
(2.47072 0.30274 0)
(2.35342 0.308697 0)
(2.22405 0.310603 0)
(2.08363 0.308368 5.28849e-36)
(1.93362 0.302004 0)
(1.77594 0.291663 0)
(1.61287 0.27767 0)
(1.44698 0.260518 0)
(1.28104 0.24082 0)
(1.11788 0.219244 0)
(0.960332 0.196468 0)
(0.81109 0.173157 0)
(0.672576 0.14997 0)
(0.546753 0.127565 1.08365e-36)
(0.434964 0.106583 0)
(0.337828 0.0875912 0)
(0.255242 0.0710462 0)
(0.186494 0.0572618 0)
(0.13038 0.0463953 0)
(0.0854139 0.0384491 0)
(0.0500645 0.0332617 0)
(0.0228509 0.030435 0)
(0.0023514 0.0293725 0)
(-0.0126749 0.0294998 0)
(-0.0233094 0.0303765 0)
(-0.0305072 0.0316515 0)
(-0.0350123 0.0330189 0)
(-0.0374339 0.0342892 0)
(-0.038308 0.0353457 1.05739e-36)
(-0.0381516 0.0360821 0)
(-0.037465 0.0363047 0)
(-0.0367655 0.035662 0)
(-0.0366514 0.0337354 -2.48803e-36)
(-0.0376956 0.0302265 0)
(-0.0402445 0.0248675 0)
(-0.0446721 0.0173153 0)
(-0.0513643 0.00885626 0)
(-0.0579331 0.00271002 0)
(3.02092 0.153816 0)
(3.02897 0.180649 0)
(3.03347 0.207021 0)
(3.03662 0.233646 0)
(3.03708 0.26045 0)
(3.03331 0.287078 0)
(3.02414 0.313257 0)
(3.00808 0.338696 -6.70174e-36)
(2.98327 0.362964 0)
(2.94772 0.385487 0)
(2.89959 0.405592 0)
(2.83721 0.422539 0)
(2.75925 0.43557 -4.04766e-36)
(2.6648 0.443979 0)
(2.55357 0.447202 0)
(2.42583 0.444894 0)
(2.28251 0.436953 0)
(2.12512 0.423475 0)
(1.95582 0.404702 0)
(1.77737 0.380974 0)
(1.5932 0.352747 0)
(1.40733 0.320676 0)
(1.22419 0.285712 -5.62513e-37)
(1.04833 0.24913 0)
(0.88399 0.212449 0)
(0.73471 0.17727 0)
(0.602994 0.145069 0)
(0.490128 0.117002 0)
(0.396187 0.0937669 0)
(0.320201 0.0755463 0)
(0.260414 0.0620036 0)
(0.214584 0.0524048 0)
(0.180301 0.0458605 0)
(0.155338 0.0415277 0)
(0.137828 0.0387083 0)
(0.126241 0.0368608 0)
(0.119351 0.0356098 0)
(0.116216 0.0347161 -8.09808e-37)
(0.116083 0.0340166 0)
(0.118265 0.0333386 0)
(0.122082 0.0324494 0)
(0.12681 0.0310526 1.84673e-36)
(0.131644 0.0288223 0)
(0.135662 0.0254735 0)
(0.138094 0.0207033 0)
(0.137479 0.0150717 0)
(0.135171 0.00887739 0)
(2.80908 0.0895114 0)
(2.81752 0.126763 0)
(2.83 0.160772 0)
(2.84767 0.194286 0)
(2.8682 0.227495 0)
(2.89048 0.260328 0)
(2.91402 0.292994 0)
(2.93776 0.325664 0)
(2.96001 0.35835 0)
(2.97876 0.390897 0)
(2.99181 0.422935 0)
(2.99679 0.453849 0)
(2.9912 0.482802 0)
(2.9726 0.508821 0)
(2.93876 0.53093 0)
(2.8877 0.548266 0)
(2.81782 0.560122 0)
(2.72791 0.565901 0)
(2.61734 0.565029 0)
(2.48627 0.556903 0)
(2.33589 0.540939 0)
(2.16867 0.516778 0)
(1.98837 0.484539 0)
(1.7999 0.445029 0)
(1.60894 0.399796 0)
(1.42141 0.351009 0)
(1.24291 0.301189 0)
(1.07819 0.252861 0)
(0.930776 0.208212 0)
(0.802756 0.168829 0)
(0.694828 0.135563 0)
(0.606458 0.108552 0)
(0.536147 0.0873451 0)
(0.481791 0.0711197 0)
(0.441046 0.0588952 0)
(0.411603 0.0497095 0)
(0.391358 0.0427392 0)
(0.378521 0.03736 0)
(0.371624 0.0331167 0)
(0.369465 0.029664 0)
(0.371025 0.0267169 0)
(0.375374 0.0240229 0)
(0.381605 0.0213418 0)
(0.388671 0.018503 0)
(0.395845 0.0153444 0)
(0.40114 0.0125145 0)
(0.407157 0.00870109 0)
(1.35026 0.107328 0)
(1.44542 0.13687 0)
(1.55769 0.159543 0)
(1.67899 0.180999 0)
(1.80029 0.203218 0)
(1.91975 0.22731 0)
(2.03763 0.253671 0)
(2.15345 0.282317 0)
(2.26621 0.313237 0)
(2.37476 0.346402 0)
(2.47775 0.381611 0)
(2.57358 0.418386 0)
(2.66043 0.455966 0)
(2.73634 0.493377 0)
(2.79928 0.5296 0)
(2.84711 0.56371 0)
(2.87752 0.594879 0)
(2.88802 0.622254 0)
(2.87604 0.644758 0)
(2.83933 0.660927 0)
(2.77639 0.668934 0)
(2.68698 0.666898 0)
(2.57247 0.653349 0)
(2.43589 0.627661 0)
(2.28178 0.590325 0)
(2.11583 0.542986 0)
(1.94437 0.488247 0)
(1.77376 0.429289 0)
(1.6098 0.369424 0)
(1.4573 0.311646 0)
(1.31975 0.258301 0)
(1.19927 0.210914 0)
(1.09663 0.170184 0)
(1.01153 0.136117 0)
(0.942845 0.108221 0)
(0.888934 0.0857168 0)
(0.847927 0.067723 0)
(0.817927 0.0533974 0)
(0.797153 0.0419983 0)
(0.783987 0.0328992 0)
(0.776984 0.0255799 0)
(0.774845 0.0196183 0)
(0.776422 0.0146826 0)
(0.780517 0.0105618 0)
(0.786469 0.00711031 0)
(0.791895 0.00465749 0)
(0.801022 0.00250677 0)
(0.146811 -0.0816737 0)
(0.241435 -0.0795226 0)
(0.35897 -0.0445994 0)
(0.48836 -0.0131517 0)
(0.619144 0.0157808 0)
(0.754279 0.0461072 0)
(0.896731 0.0785977 0)
(1.04625 0.113165 0)
(1.20156 0.15007 0)
(1.3611 0.189682 0)
(1.52313 0.232161 0)
(1.68558 0.277341 0)
(1.84622 0.324667 0)
(2.00281 0.373288 0)
(2.15318 0.422366 0)
(2.29505 0.471333 0)
(2.42575 0.519849 0)
(2.54202 0.567529 0)
(2.64003 0.613543 0)
(2.71567 0.656177 0)
(2.76516 0.692767 0)
(2.78581 0.720105 0)
(2.77641 0.735084 0)
(2.73749 0.735349 0)
(2.6713 0.719803 0)
(2.58164 0.688825 0)
(2.47356 0.644228 0)
(2.35286 0.58897 0)
(2.22562 0.52671 0)
(2.09761 0.461269 0)
(1.97387 0.39615 0)
(1.85838 0.33418 0)
(1.75397 0.27735 0)
(1.66228 0.226802 0)
(1.58394 0.182945 0)
(1.51874 0.145634 0)
(1.46593 0.114372 0)
(1.42436 0.0884838 0)
(1.39272 0.0672324 0)
(1.3696 0.0498989 0)
(1.35367 0.0358371 0)
(1.34362 0.024498 0)
(1.33826 0.0154441 0)
(1.33639 0.00834608 0)
(1.3372 0.00301253 0)
(1.33885 -0.000601926 0)
(1.34346 -0.00281138 0)
(-0.0225912 -0.13822 0)
(-0.0410331 -0.132399 0)
(-0.0156818 -0.102754 0)
(0.0219077 -0.0874905 0)
(0.0670738 -0.0737147 0)
(0.122854 -0.0584455 0)
(0.191088 -0.0420261 0)
(0.274466 -0.023429 0)
(0.373907 -0.00102594 0)
(0.489139 0.0263605 0)
(0.619749 0.0593192 0)
(0.76474 0.0979142 0)
(0.921998 0.141602 0)
(1.08941 0.189328 0)
(1.26512 0.240121 0)
(1.44706 0.293608 0)
(1.63234 0.349979 0)
(1.81692 0.409642 0)
(1.99559 0.472491 0)
(2.16229 0.536899 0)
(2.31104 0.59952 0)
(2.43685 0.655974 0)
(2.53613 0.701693 0)
(2.6069 0.732693 0)
(2.64879 0.746222 0)
(2.66296 0.741121 0)
(2.65201 0.717928 0)
(2.6197 0.678742 0)
(2.57064 0.626859 0)
(2.50976 0.566237 0)
(2.44194 0.500927 0)
(2.37162 0.434617 0)
(2.30251 0.370322 0)
(2.23746 0.310231 0)
(2.17844 0.25571 0)
(2.1266 0.207415 0)
(2.08242 0.165461 0)
(2.04585 0.12959 0)
(2.01648 0.0993264 0)
(1.99363 0.0740951 0)
(1.97653 0.0533068 0)
(1.96429 0.0364106 0)
(1.95606 0.0229312 0)
(1.95093 0.0124828 0)
(1.94808 0.00479009 0)
(1.94669 -0.000232767 0)
(1.94599 -0.00331061 0)
(-0.0174261 -0.0883901 0)
(-0.0614177 -0.106282 0)
(-0.0858938 -0.0985558 0)
(-0.098276 -0.0911232 0)
(-0.10186 -0.0856199 0)
(-0.0969195 -0.0813853 0)
(-0.083071 -0.0780703 0)
(-0.0596007 -0.0744645 0)
(-0.0253371 -0.068603 0)
(0.0212882 -0.0589263 0)
(0.0811825 -0.0442727 0)
(0.154591 -0.0238643 0)
(0.244211 0.00206697 0)
(0.351949 0.032514 0)
(0.479771 0.0671617 0)
(0.629016 0.106747 0)
(0.79846 0.152564 0)
(0.984779 0.206649 0)
(1.18235 0.27046 0)
(1.38356 0.342971 0)
(1.58096 0.420224 0)
(1.76845 0.496544 0)
(1.94115 0.565936 0)
(2.09528 0.623074 0)
(2.22809 0.663857 0)
(2.33793 0.685709 0)
(2.42437 0.68778 0)
(2.48826 0.670986 0)
(2.53153 0.637771 0)
(2.5569 0.591608 0)
(2.56758 0.53644 0)
(2.56695 0.476211 0)
(2.5583 0.414467 0)
(2.54455 0.354074 0)
(2.52812 0.297114 0)
(2.51091 0.244934 0)
(2.4943 0.198255 0)
(2.4792 0.157319 0)
(2.46611 0.122032 0)
(2.45525 0.0920881 0)
(2.44661 0.0670726 0)
(2.44 0.0465392 0)
(2.43516 0.0300595 0)
(2.43173 0.017283 0)
(2.42932 0.00786747 0)
(2.42775 0.00192099 0)
(2.42577 -0.00199907 0)
(-0.0124342 -0.049712 0)
(-0.0521183 -0.0687721 0)
(-0.0866346 -0.0706097 0)
(-0.115986 -0.0703114 0)
(-0.140734 -0.0709782 0)
(-0.161296 -0.0730188 0)
(-0.177813 -0.0761709 0)
(-0.190203 -0.079443 0)
(-0.197813 -0.0812891 0)
(-0.199285 -0.0801914 0)
(-0.192606 -0.0753336 0)
(-0.175493 -0.0670566 0)
(-0.145341 -0.0565944 0)
(-0.0998338 -0.0455644 0)
(-0.0378187 -0.0349889 0)
(0.0449989 -0.0230145 0)
(0.154118 -0.00482305 0)
(0.29048 0.025702 0)
(0.450544 0.0735776 0)
(0.626198 0.137744 0)
(0.809609 0.213796 0)
(0.996041 0.295265 0)
(1.18254 0.374506 0)
(1.36613 0.44539 0)
(1.54327 0.503192 0)
(1.71018 0.544441 0)
(1.86356 0.56717 0)
(2.00112 0.571228 0)
(2.12156 0.558102 0)
(2.22456 0.530425 0)
(2.31065 0.491467 0)
(2.38116 0.444796 0)
(2.43779 0.3939 0)
(2.48246 0.341792 0)
(2.51713 0.290846 0)
(2.54367 0.242783 0)
(2.56375 0.198726 0)
(2.57883 0.159292 0)
(2.59006 0.124713 0)
(2.59838 0.0949543 0)
(2.60452 0.0698093 0)
(2.60902 0.0489904 0)
(2.61229 0.0321834 0)
(2.61461 0.019125 0)
(2.61629 0.00946984 0)
(2.61729 0.00348728 0)
(2.61854 -0.00069798 0)
(-0.00762932 -0.0222869 0)
(-0.0359684 -0.0345201 0)
(-0.0653418 -0.0381506 0)
(-0.094325 -0.0399899 0)
(-0.12274 -0.0422753 0)
(-0.15107 -0.0456528 0)
(-0.1797 -0.0502264 0)
(-0.208778 -0.0555133 0)
(-0.237929 -0.0605317 0)
(-0.266143 -0.0642502 0)
(-0.291811 -0.066156 0)
(-0.312806 -0.066796 0)
(-0.326619 -0.0679471 0)
(-0.330893 -0.0720573 0)
(-0.323957 -0.0805644 0)
(-0.304212 -0.091694 0)
(-0.26882 -0.0994681 0)
(-0.213068 -0.0953426 0)
(-0.130767 -0.0708818 0)
(-0.0151458 -0.0221099 0)
(0.128395 0.0452162 0)
(0.27307 0.11954 0)
(0.424416 0.19224 0)
(0.586578 0.259304 0)
(0.758178 0.317546 0)
(0.935001 0.363852 0)
(1.11215 0.395537 0)
(1.28511 0.411702 0)
(1.44983 0.412968 0)
(1.60284 0.401023 0)
(1.74179 0.378298 0)
(1.86555 0.347634 0)
(1.97385 0.311869 0)
(2.06699 0.273534 0)
(2.14584 0.234757 0)
(2.21163 0.1972 0)
(2.2658 0.162043 0)
(2.30982 0.130032 0)
(2.34513 0.101568 0)
(2.3731 0.0767902 0)
(2.39494 0.0556692 0)
(2.41175 0.0380667 0)
(2.4245 0.0238107 0)
(2.434 0.0127445 0)
(2.44127 0.0046419 0)
(2.44607 -0.000388113 0)
(2.45252 -0.00363384 0)
(-0.0034289 -0.00625254 0)
(-0.0186811 -0.0113006 0)
(-0.0366363 -0.0134942 0)
(-0.0559188 -0.0146724 0)
(-0.0761694 -0.0158721 0)
(-0.0978624 -0.0174962 0)
(-0.121582 -0.0197818 0)
(-0.147816 -0.0227415 0)
(-0.176722 -0.026089 0)
(-0.208022 -0.0293664 0)
(-0.241094 -0.0322941 0)
(-0.275226 -0.0352625 0)
(-0.309943 -0.0397067 0)
(-0.345299 -0.0479488 0)
(-0.381882 -0.0619579 0)
(-0.420239 -0.0813498 0)
(-0.459626 -0.101859 0)
(-0.495926 -0.115372 0)
(-0.519379 -0.112668 0)
(-0.515195 -0.0886931 0)
(-0.470538 -0.0460007 0)
(-0.385309 0.00777994 0)
(-0.279313 0.0642254 0)
(-0.158544 0.115756 0)
(-0.0170329 0.159345 0)
(0.138308 0.194377 0)
(0.304555 0.220007 0)
(0.478628 0.236361 0)
(0.654674 0.243653 0)
(0.826942 0.241221 0)
(0.990764 0.230158 0)
(1.1428 0.213219 0)
(1.28071 0.192496 0)
(1.40317 0.169558 0)
(1.50984 0.145785 0)
(1.60115 0.12233 0)
(1.67798 0.100049 0)
(1.74152 0.0795085 0)
(1.79316 0.0610493 0)
(1.83433 0.0448385 0)
(1.86647 0.0309157 0)
(1.89099 0.0192368 0)
(1.90913 0.00969013 0)
(1.92248 0.00212827 0)
(1.93227 -0.00339463 0)
(1.93862 -0.00714279 0)
(1.94529 -0.00885373 0)
(-0.000499852 -0.000299701 0)
(-0.00465258 -0.000910233 0)
(-0.0105148 -0.00127575 0)
(-0.0172732 -0.00140353 0)
(-0.0245548 -0.00142446 0)
(-0.0324973 -0.00138087 0)
(-0.0414083 -0.00139642 0)
(-0.0516662 -0.00164649 0)
(-0.0635863 -0.00225443 0)
(-0.077283 -0.00317043 0)
(-0.0926295 -0.00408636 0)
(-0.109432 -0.0045231 0)
(-0.12791 -0.00427817 0)
(-0.149379 -0.00419213 0)
(-0.176761 -0.00662087 0)
(-0.214623 -0.0146328 0)
(-0.268373 -0.0294077 0)
(-0.341502 -0.0471604 0)
(-0.431033 -0.0594813 0)
(-0.525079 -0.0589841 0)
(-0.605508 -0.0449881 0)
(-0.653564 -0.0232999 0)
(-0.65579 -0.00118096 0)
(-0.613657 0.0170095 0)
(-0.538253 0.0314354 0)
(-0.434007 0.0435726 0)
(-0.307893 0.053949 0)
(-0.167764 0.0621227 0)
(-0.0226742 0.0669782 0)
(0.123064 0.0658438 0)
(0.268536 0.0604474 0)
(0.408255 0.053599 0)
(0.536198 0.0461157 0)
(0.649411 0.0382465 0)
(0.746947 0.0303147 0)
(0.828738 0.0226651 0)
(0.895278 0.0155669 0)
(0.947547 0.00919656 0)
(0.986875 0.00366025 0)
(1.01478 -0.000992735 0)
(1.03286 -0.00476057 0)
(1.04266 -0.00767536 0)
(1.04585 -0.0098586 0)
(1.04335 -0.0113942 0)
(1.03652 -0.0121373 0)
(1.0284 -0.0125127 0)
(1.01406 -0.0107769 0)
)
;

boundaryField
{
    inlet
    {
        type            fixedProfile;
        profile         csvFile;
        profileCoeffs
        {
            nHeaderLine     0;
            refColumn       0;
            componentColumns 3(1 2 3);
            separator       ",";
            mergeSeparators 0;
            file            "0/Uprofile.csv";
        }
        direction       (0 1 0);
        origin          -1;
        value           nonuniform List<vector> 
20
(
(0.0975 0 0)
(0.2775 0 0)
(0.4375 0 0)
(0.5775 0 0)
(0.6975 0 0)
(0.7975 0 0)
(0.8775 0 0)
(0.9375 0 0)
(0.9775 0 0)
(0.9975 0 0)
(0.9975 0 0)
(0.9775 0 0)
(0.9375 0 0)
(0.8775 0 0)
(0.7975 0 0)
(0.6975 0 0)
(0.5775 0 0)
(0.4375 0 0)
(0.2775 0 0)
(0.0975 0 0)
)
;
    }
    outlet
    {
        type            zeroGradient;
    }
    upperWall
    {
        type            noSlip;
    }
    lowerWall
    {
        type            noSlip;
    }
    frontAndBack
    {
        type            empty;
    }
}


// ************************************************************************* //
