/*--------------------------------*- C++ -*----------------------------------*\
| =========                 |                                                 |
| \\      /  F ield         | OpenFOAM: The Open Source CFD Toolbox           |
|  \\    /   O peration     | Version:  2406                                  |
|   \\  /    A nd           | Website:  www.openfoam.com                      |
|    \\/     M anipulation  |                                                 |
\*---------------------------------------------------------------------------*/
FoamFile
{
    version     2.0;
    format      ascii;
    arch        "LSB;label=32;scalar=64";
    class       volVectorField;
    location    "128";
    object      U;
}
// * * * * * * * * * * * * * * * * * * * * * * * * * * * * * * * * * * * * * //

dimensions      [0 1 -1 0 0 0 0];

internalField   nonuniform List<vector> 
1916
(
(0.100064 -0.00169721 0)
(0.102134 -0.00234831 0)
(0.104537 -0.001801 0)
(0.107107 -0.00121871 0)
(0.109177 -0.000831549 0)
(0.110738 -0.000576468 0)
(0.111967 -0.000404168 0)
(0.112963 -0.000290989 0)
(0.113775 -0.000217701 0)
(0.114441 -0.000168965 0)
(0.114997 -0.000135149 0)
(0.115468 -0.000110755 0)
(0.11587 -9.24355e-05 0)
(0.116215 -7.80041e-05 0)
(0.116514 -6.60071e-05 0)
(0.116773 -5.54613e-05 0)
(0.116995 -4.56471e-05 0)
(0.117185 -3.5978e-05 0)
(0.117342 -2.59045e-05 0)
(0.117467 -1.4847e-05 0)
(0.117557 -2.10418e-06 0)
(0.11761 1.32654e-05 0)
(0.117618 3.24327e-05 0)
(0.117572 5.65252e-05 0)
(0.11746 8.67945e-05 0)
(0.117267 0.000125088 0)
(0.116971 0.000173973 0)
(0.116545 0.000236715 0)
(0.11595 0.000317353 0)
(0.11514 0.000420797 0)
(0.114052 0.000552883 0)
(0.112609 0.00072029 0)
(0.110713 0.000930208 0)
(0.108243 0.00118959 0)
(0.105055 0.00150373 0)
(0.100981 0.0018739 0)
(0.0958351 0.00229374 0)
(0.0894279 0.00274445 0)
(0.0815902 0.00318937 0)
(0.0722143 0.00356981 0)
(0.0613132 0.00380606 0)
(0.0490955 0.00380528 0)
(0.0360433 0.00347822 0)
(0.0230129 0.00273784 0)
(0.01143 0.00146978 0)
(0.00344688 -0.000520838 0)
(-0.000680933 -0.00155077 0)
(0.276767 -0.00172676 0)
(0.275811 -0.00328246 0)
(0.275473 -0.00340186 0)
(0.275763 -0.00306216 0)
(0.276431 -0.00264869 0)
(0.277249 -0.00223712 0)
(0.278107 -0.00186056 0)
(0.278951 -0.00154263 0)
(0.279752 -0.00128594 0)
(0.280495 -0.00108076 0)
(0.281175 -0.000915906 0)
(0.281793 -0.000782308 0)
(0.282351 -0.000672769 0)
(0.282853 -0.000581435 0)
(0.283304 -0.000503576 0)
(0.283708 -0.000435379 0)
(0.284066 -0.000373679 0)
(0.28438 -0.000315685 0)
(0.28465 -0.000258756 0)
(0.284876 -0.000200185 0)
(0.285053 -0.000136992 0)
(0.285178 -6.56595e-05 0)
(0.285241 1.80782e-05 0)
(0.285234 0.00011925 0)
(0.285139 0.000244042 0)
(0.284935 0.000400523 0)
(0.284594 0.000599193 0)
(0.284077 0.000853551 0)
(0.283333 0.00118081 0)
(0.282296 0.00160276 0)
(0.280877 0.00214664 0)
(0.278962 0.002846 0)
(0.276402 0.00374118 0)
(0.273003 0.00487909 0)
(0.268517 0.0063114 0)
(0.26263 0.00809025 0)
(0.254946 0.0102594 0)
(0.244986 0.012839 0)
(0.232182 0.0158006 0)
(0.215903 0.0190306 0)
(0.195515 0.0222825 0)
(0.170517 0.0251197 0)
(0.140773 0.0268745 0)
(0.106914 0.0266102 0)
(0.0708691 0.023259 0)
(0.0370175 0.0160019 0)
(0.00736351 0.00777613 0)
(0.436982 -0.000931883 0)
(0.436409 -0.00204294 0)
(0.435767 -0.00241886 0)
(0.435155 -0.00246696 0)
(0.434771 -0.00240556 0)
(0.434614 -0.002278 0)
(0.43461 -0.00210423 0)
(0.434706 -0.00191433 0)
(0.434871 -0.00172959 0)
(0.435082 -0.00155789 0)
(0.435321 -0.00140065 0)
(0.435572 -0.00125771 0)
(0.435827 -0.00112821 0)
(0.436078 -0.00101053 0)
(0.43632 -0.000902501 0)
(0.43655 -0.000801721 0)
(0.436764 -0.000705597 0)
(0.436959 -0.000611297 0)
(0.437131 -0.000515616 0)
(0.437276 -0.000414825 0)
(0.43739 -0.000304449 0)
(0.437465 -0.000179012 0)
(0.437493 -3.17068e-05 0)
(0.437463 0.000146122 0)
(0.43736 0.000365659 0)
(0.437163 0.000641376 0)
(0.436845 0.000992038 0)
(0.436372 0.00144194 0)
(0.435696 0.0020225 0)
(0.434755 0.00277419 0)
(0.433465 0.00374885 0)
(0.431717 0.00501232 0)
(0.429365 0.00664724 0)
(0.426213 0.00875561 0)
(0.422002 0.0114604 0)
(0.416387 0.0149046 0)
(0.408909 0.0192454 0)
(0.398961 0.0246389 0)
(0.385746 0.031209 0)
(0.368237 0.0389886 0)
(0.345144 0.0478231 0)
(0.314943 0.0572072 0)
(0.275972 0.0660823 0)
(0.22686 0.0725317 0)
(0.167079 0.073874 0)
(0.0996861 0.0670961 0)
(0.0265044 0.0499934 0)
(0.577125 -0.000528773 0)
(0.576865 -0.00134356 0)
(0.576467 -0.00178822 0)
(0.575899 -0.0019727 0)
(0.575389 -0.00202491 0)
(0.575016 -0.00199749 0)
(0.57474 -0.00191327 0)
(0.574527 -0.00179689 0)
(0.574365 -0.00166939 0)
(0.574248 -0.00154195 0)
(0.574166 -0.00141883 0)
(0.574111 -0.00130162 0)
(0.574075 -0.00119079 0)
(0.574054 -0.0010858 0)
(0.574043 -0.00098533 0)
(0.57404 -0.000887447 0)
(0.574039 -0.000789797 0)
(0.574039 -0.000689526 0)
(0.574035 -0.000583148 0)
(0.574023 -0.000466342 0)
(0.573999 -0.000333694 0)
(0.573957 -0.000178328 0)
(0.573891 8.56634e-06 0)
(0.573792 0.000238414 0)
(0.573647 0.00052611 0)
(0.573444 0.000891105 0)
(0.573161 0.00135882 0)
(0.572774 0.00196251 0)
(0.572247 0.00274565 0)
(0.571535 0.00376494 0)
(0.570577 0.00509418 0)
(0.569288 0.006829 0)
(0.567555 0.00909265 0)
(0.56522 0.0120428 0)
(0.562069 0.015879 0)
(0.557799 0.0208497 0)
(0.551989 0.027258 0)
(0.544042 0.0354595 0)
(0.533109 0.0458487 0)
(0.517987 0.0588122 0)
(0.496963 0.0746376 0)
(0.467659 0.093296 0)
(0.426782 0.114139 0)
(0.370228 0.135129 0)
(0.292925 0.152559 0)
(0.19241 0.15973 0)
(0.060771 0.141846 0)
(0.697196 -0.000341507 0)
(0.697071 -0.000933111 0)
(0.696852 -0.00132593 0)
(0.696421 -0.00153112 0)
(0.695964 -0.00161895 0)
(0.695583 -0.00163567 0)
(0.695266 -0.00160165 0)
(0.694984 -0.0015333 0)
(0.694732 -0.00144662 0)
(0.694511 -0.00135254 0)
(0.694316 -0.0012566 0)
(0.694143 -0.00116138 0)
(0.693987 -0.00106813 0)
(0.693845 -0.000977049 0)
(0.693714 -0.000887354 0)
(0.693592 -0.000797498 0)
(0.693477 -0.000705276 0)
(0.693368 -0.000607811 0)
(0.693261 -0.000501417 0)
(0.693156 -0.000381391 0)
(0.69305 -0.000241719 0)
(0.69294 -7.46614e-05 0)
(0.692824 0.000129812 0)
(0.692696 0.000384784 0)
(0.692551 0.000707385 0)
(0.692383 0.00112009 0)
(0.692183 0.00165247 0)
(0.691938 0.00234341 0)
(0.691633 0.00324419 0)
(0.691243 0.00442233 0)
(0.690738 0.00596679 0)
(0.690073 0.00799473 0)
(0.689185 0.0106602 0)
(0.687983 0.0141657 0)
(0.68633 0.0187763 0)
(0.684025 0.0248381 0)
(0.680763 0.0328 0)
(0.676078 0.0432378 0)
(0.669245 0.0568795 0)
(0.659137 0.0746139 0)
(0.643962 0.0974877 0)
(0.620949 0.126556 0)
(0.585563 0.162746 0)
(0.531209 0.205819 0)
(0.446566 0.254178 0)
(0.318676 0.302226 0)
(0.112324 0.326121 0)
(0.797237 -0.00023194 0)
(0.797177 -0.000652917 0)
(0.797059 -0.000965289 0)
(0.796728 -0.00115546 0)
(0.79633 -0.00125502 0)
(0.795972 -0.00129434 0)
(0.795656 -0.00128928 0)
(0.795362 -0.00125135 0)
(0.795086 -0.00119242 0)
(0.794832 -0.00112212 0)
(0.794599 -0.00104632 0)
(0.794385 -0.000968119 0)
(0.794187 -0.000889174 0)
(0.794002 -0.000810072 0)
(0.793829 -0.000730443 0)
(0.793667 -0.000649059 0)
(0.793514 -0.000563948 0)
(0.79337 -0.000472387 0)
(0.793233 -0.000370778 0)
(0.793104 -0.000254449 0)
(0.792983 -0.000117348 0)
(0.79287 4.83744e-05 0)
(0.792764 0.000252953 0)
(0.792669 0.000509789 0)
(0.792583 0.000836481 0)
(0.79251 0.00125621 0)
(0.792452 0.00179958 0)
(0.792412 0.0025071 0)
(0.792393 0.00343247 0)
(0.792399 0.00464702 0)
(0.792435 0.00624568 0)
(0.792502 0.00835511 0)
(0.792599 0.0111447 0)
(0.792717 0.0148419 0)
(0.79283 0.0197524 0)
(0.79288 0.0262898 0)
(0.792754 0.0350149 0)
(0.792231 0.0466903 0)
(0.790899 0.0623601 0)
(0.78802 0.0834414 0)
(0.782195 0.111905 0)
(0.771063 0.150289 0)
(0.749893 0.202384 0)
(0.711484 0.271409 0)
(0.640036 0.365269 0)
(0.515893 0.472645 0)
(0.242026 0.5873 0)
(0.877263 -0.000157775 0)
(0.877235 -0.000451067 0)
(0.877174 -0.000684038 0)
(0.876909 -0.000840299 0)
(0.876558 -0.000931057 0)
(0.876225 -0.000973882 0)
(0.875919 -0.000980617 0)
(0.875625 -0.000959828 0)
(0.87534 -0.000919964 0)
(0.875071 -0.000868429 0)
(0.874821 -0.000810243 0)
(0.874588 -0.000748302 0)
(0.87437 -0.000684176 0)
(0.874167 -0.00061852 0)
(0.873978 -0.000551162 0)
(0.873801 -0.000481163 0)
(0.873637 -0.000406873 0)
(0.873486 -0.000325926 0)
(0.873348 -0.000235135 0)
(0.873224 -0.000130306 0)
(0.873117 -5.95905e-06 0)
(0.873029 0.000145056 0)
(0.872965 0.000332102 0)
(0.872929 0.000567471 0)
(0.87293 0.000867356 0)
(0.872978 0.00125316 0)
(0.873086 0.00175322 0)
(0.873272 0.00240523 0)
(0.87356 0.00325942 0)
(0.873981 0.00438294 0)
(0.874574 0.00586599 0)
(0.87539 0.00783018 0)
(0.876495 0.0104404 0)
(0.877971 0.0139218 0)
(0.879918 0.0185838 0)
(0.882453 0.0248559 0)
(0.885708 0.0333407 0)
(0.889814 0.0448922 0)
(0.89485 0.0607442 0)
(0.900816 0.0826799 0)
(0.907272 0.113431 0)
(0.913637 0.156876 0)
(0.916018 0.220146 0)
(0.913702 0.311584 0)
(0.872847 0.458545 0)
(0.838952 0.694075 0)
(0.294581 1.17537 0)
(0.937279 -0.000102217 0)
(0.937268 -0.000294717 0)
(0.937238 -0.000453507 0)
(0.937015 -0.000565989 0)
(0.9367 -0.000635036 0)
(0.936387 -0.000670004 0)
(0.936091 -0.000678758 0)
(0.9358 -0.000667164 0)
(0.935513 -0.000640722 0)
(0.935238 -0.000604444 0)
(0.934978 -0.000562029 0)
(0.934734 -0.000515758 0)
(0.934506 -0.000466901 0)
(0.934293 -0.000416021 0)
(0.934095 -0.000363047 0)
(0.933912 -0.000307307 0)
(0.933746 -0.000247551 0)
(0.933596 -0.000181935 0)
(0.933464 -0.000107945 0)
(0.933353 -2.2249e-05 0)
(0.933266 7.95299e-05 0)
(0.933209 0.000203123 0)
(0.933188 0.000356048 0)
(0.933213 0.000548199 0)
(0.933298 0.000792634 0)
(0.933459 0.00110664 0)
(0.93372 0.0015132 0)
(0.934112 0.00204292 0)
(0.934675 0.00273681 0)
(0.935465 0.00364996 0)
(0.936554 0.00485687 0)
(0.938038 0.00645882 0)
(0.940044 0.0085946 0)
(0.942741 0.0114561 0)
(0.946353 0.0153114 0)
(0.951179 0.0205401 0)
(0.95761 0.0276872 0)
(0.966174 0.0375477 0)
(0.977541 0.0513075 0)
(0.99269 0.0707575 0)
(1.01257 0.0987312 0)
(1.03978 0.139596 0)
(1.07331 0.201328 0)
(1.13106 0.295039 0)
(1.18079 0.453011 0)
(1.4278 0.677818 0)
(1.48291 1.2888 0)
(0.977288 -5.66088e-05 0)
(0.977286 -0.000163845 0)
(0.977273 -0.000253789 0)
(0.977076 -0.000318981 0)
(0.976783 -0.00035963 0)
(0.976485 -0.000380074 0)
(0.976197 -0.000384614 0)
(0.97591 -0.000376617 0)
(0.975623 -0.000359173 0)
(0.975344 -0.000335159 0)
(0.97508 -0.000306812 0)
(0.974831 -0.000275569 0)
(0.974597 -0.000242237 0)
(0.97438 -0.000207164 0)
(0.974178 -0.000170303 0)
(0.973994 -0.000131224 0)
(0.973828 -8.91175e-05 0)
(0.973682 -4.27861e-05 0)
(0.973557 9.40842e-06 0)
(0.973458 6.964e-05 0)
(0.973389 0.000140763 0)
(0.973357 0.000226516 0)
(0.973371 0.000331802 0)
(0.973445 0.000463077 0)
(0.973594 0.000628861 0)
(0.973842 0.000840446 0)
(0.974219 0.00111285 0)
(0.974766 0.00146613 0)
(0.975537 0.0019272 0)
(0.976604 0.00253237 0)
(0.978064 0.00333092 0)
(0.980048 0.00439024 0)
(0.982732 0.00580333 0)
(0.986354 0.00769986 0)
(0.991238 0.010263 0)
(0.99783 0.0137551 0)
(1.00675 0.0185586 0)
(1.01886 0.0252417 0)
(1.03537 0.0346619 0)
(1.05814 0.0481571 0)
(1.08962 0.0677842 0)
(1.13458 0.0969615 0)
(1.1976 0.140684 0)
(1.29738 0.207015 0)
(1.43379 0.3085 0)
(1.68706 0.428163 0)
(2.01746 0.665809 0)
(0.997293 -1.59672e-05 0)
(0.997294 -4.60994e-05 0)
(0.997289 -7.08763e-05 0)
(0.997103 -8.784e-05 0)
(0.996822 -9.68301e-05 0)
(0.996532 -9.90621e-05 0)
(0.996249 -9.58657e-05 0)
(0.995964 -8.83149e-05 0)
(0.995679 -7.73848e-05 0)
(0.9954 -6.39852e-05 7.13434e-34)
(0.995135 -4.88306e-05 0)
(0.994884 -3.23747e-05 0)
(0.99465 -1.48542e-05 0)
(0.994431 3.65454e-06 0)
(0.99423 2.32129e-05 0)
(0.994047 4.40164e-05 7.13685e-34)
(0.993883 6.63949e-05 0)
(0.99374 9.08175e-05 0)
(0.993622 0.000117911 0)
(0.993532 0.000148493 0)
(0.993475 0.000183625 0)
(0.993459 0.000224681 0)
(0.993495 0.000273451 0)
(0.993598 0.000332273 -7.12727e-34)
(0.993785 0.000404216 0)
(0.994083 0.000493333 0)
(0.994526 0.000604998 0)
(0.995159 0.000746376 0)
(0.996045 0.000927071 0)
(0.997264 0.00116004 0)
(0.998928 0.00146291 0)
(1.00119 0.0018598 0)
(1.00424 0.00238415 0)
(1.00837 0.00308277 0)
(1.01395 0.00402211 0)
(1.02152 0.00529811 0)
(1.03181 0.00705145 0)
(1.0459 0.00949361 0)
(1.06533 0.0129443 0)
(1.09239 0.0179124 0)
(1.13046 0.0251505 0)
(1.18471 0.0359659 -5.5965e-34)
(1.26268 0.0517803 0)
(1.37456 0.0751903 0)
(1.53604 0.105502 0)
(1.74895 0.133875 0)
(2.05024 0.156005 0)
(0.997293 2.31062e-05 0)
(0.997294 6.74242e-05 0)
(0.997289 0.000106443 0)
(0.997104 0.000137765 0)
(0.996824 0.0001613 0)
(0.996534 0.000178324 0)
(0.996252 0.000190236 0)
(0.995969 0.00019819 0)
(0.995685 0.000203252 0)
(0.995408 0.00020643 -7.13386e-34)
(0.995145 0.000208544 0)
(0.994896 0.000210159 0)
(0.994664 0.000211635 0)
(0.994448 0.000213179 0)
(0.99425 0.000214873 0)
(0.99407 0.000216673 -7.13591e-34)
(0.99391 0.000218416 0)
(0.993771 0.000219811 0)
(0.993657 0.000220424 0)
(0.993571 0.000219648 0)
(0.99352 0.000216656 0)
(0.99351 0.000210328 0)
(0.993552 0.000199161 0)
(0.993661 0.000181139 7.12779e-34)
(0.993855 0.000153557 0)
(0.994161 0.00011279 0)
(0.994613 5.39656e-05 0)
(0.995256 -2.94756e-05 0)
(0.996152 -0.000146395 0)
(0.997384 -0.000308818 0)
(0.999061 -0.000533143 0)
(1.00133 -0.000841901 0)
(1.00441 -0.00126631 0)
(1.00856 -0.00185011 0)
(1.01416 -0.00265533 0)
(1.02176 -0.00377141 0)
(1.03209 -0.00532919 0)
(1.04623 -0.00752495 0)
(1.06574 -0.0106541 0)
(1.0929 -0.0151857 0)
(1.13114 -0.0218048 0)
(1.18565 -0.0316986 5.60065e-34)
(1.2641 -0.0460806 0)
(1.37667 -0.067107 0)
(1.53953 -0.0935005 0)
(1.75374 -0.114499 0)
(2.05794 -0.125479 0)
(0.977288 6.35766e-05 0)
(0.977286 0.000184658 0)
(0.977274 0.000288501 0)
(0.977079 0.000367703 0)
(0.976788 0.000422537 0)
(0.976493 0.000457402 0)
(0.976208 0.000476664 0)
(0.975924 0.000483772 0)
(0.975642 0.000481901 0)
(0.975369 0.000474027 0)
(0.97511 0.000462487 0)
(0.974867 0.000448829 0)
(0.974641 0.000433979 0)
(0.974431 0.000418414 0)
(0.974238 0.000402224 0)
(0.974064 0.000385129 0)
(0.973908 0.000366479 0)
(0.973774 0.000345251 0)
(0.973662 0.000319993 0)
(0.973576 0.000288735 0)
(0.973523 0.000248847 0)
(0.973507 0.000196837 0)
(0.97354 0.000128072 0)
(0.973633 3.64057e-05 0)
(0.973804 -8.63405e-05 0)
(0.974076 -0.000251057 0)
(0.97448 -0.000472298 0)
(0.975055 -0.000769566 0)
(0.975858 -0.00116911 0)
(0.97696 -0.00170639 0)
(0.978461 -0.00242965 0)
(0.98049 -0.0034049 0)
(0.983226 -0.00472328 0)
(0.986908 -0.00651195 0)
(0.991865 -0.0089505 0)
(0.998545 -0.0122964 0)
(1.00757 -0.0169244 0)
(1.01983 -0.0233923 0)
(1.03655 -0.0325406 0)
(1.05961 -0.0456826 0)
(1.09153 -0.0648337 0)
(1.1372 -0.0933556 0)
(1.20139 -0.136126 0)
(1.30329 -0.201034 0)
(1.44354 -0.300393 0)
(1.70328 -0.415162 0)
(2.04691 -0.646934 0)
(0.937279 0.000108844 0)
(0.937269 0.000314513 0)
(0.93724 0.000486521 0)
(0.93702 0.000612318 0)
(0.936709 0.000694834 0)
(0.9364 0.000743483 0)
(0.936109 0.000766193 0)
(0.935825 0.000768906 0)
(0.935545 0.000757205 0)
(0.935277 0.000736194 0)
(0.935027 0.000709669 0)
(0.934794 0.000680017 0)
(0.934577 0.000648621 0)
(0.934377 0.000616165 0)
(0.934194 0.000582708 0)
(0.934028 0.00054772 0)
(0.933879 0.000510101 0)
(0.933748 0.00046817 0)
(0.933637 0.000419589 0)
(0.933549 0.000361215 0)
(0.933488 0.000288877 0)
(0.933458 0.000197073 0)
(0.933467 7.85312e-05 0)
(0.933525 -7.63678e-05 0)
(0.933646 -0.000280378 0)
(0.933846 -0.00055044 0)
(0.93415 -0.00090913 0)
(0.934589 -0.00138661 0)
(0.935205 -0.00202334 0)
(0.936053 -0.00287378 0)
(0.937207 -0.00401165 0)
(0.938764 -0.00553726 0)
(0.940853 -0.00758819 0)
(0.943647 -0.0103548 0)
(0.947374 -0.0141032 0)
(0.952338 -0.0192102 0)
(0.958941 -0.0262176 0)
(0.967725 -0.0359164 0)
(0.979384 -0.0494876 0)
(0.994939 -0.0687178 0)
(1.0154 -0.0964403 0)
(1.04351 -0.137032 0)
(1.07832 -0.198526 0)
(1.13871 -0.292102 0)
(1.1916 -0.450783 0)
(1.45097 -0.67586 0)
(1.51632 -1.29894 0)
(0.877263 0.000163895 0)
(0.877236 0.000469352 0)
(0.877177 0.000714529 0)
(0.876916 0.000883072 0)
(0.87657 0.000986237 0)
(0.876243 0.00104164 0)
(0.875944 0.00106119 0)
(0.875658 0.00105352 0)
(0.875384 0.00102716 0)
(0.875127 0.0009896 0)
(0.874889 0.000945945 0)
(0.874671 0.000899187 0)
(0.87447 0.000851005 0)
(0.874285 0.000802163 0)
(0.874115 0.000752612 0)
(0.87396 0.000701537 0)
(0.873821 0.00064743 0)
(0.873696 0.000588068 0)
(0.873587 0.000520426 0)
(0.873496 0.000440473 0)
(0.873424 0.00034292 0)
(0.873374 0.000220807 0)
(0.873351 6.49941e-05 0)
(0.87336 -0.000136589 0)
(0.873411 -0.000399877 0)
(0.873512 -0.000745996 0)
(0.87368 -0.00120298 0)
(0.873931 -0.00180819 0)
(0.87429 -0.00261148 0)
(0.87479 -0.00367963 0)
(0.875471 -0.00510238 0)
(0.876386 -0.00700091 0)
(0.877603 -0.00953965 0)
(0.879206 -0.0129433 0)
(0.881301 -0.017521 0)
(0.884012 -0.0237023 0)
(0.887479 -0.0320908 0)
(0.891848 -0.0435426 0)
(0.897218 -0.0592979 0)
(0.903621 -0.0811519 0)
(0.910658 -0.111867 0)
(0.917835 -0.155368 0)
(0.921278 -0.218942 0)
(0.920631 -0.311085 0)
(0.881173 -0.460083 0)
(0.851454 -0.69997 0)
(0.297937 -1.19729 0)
(0.797237 0.000237394 0)
(0.797178 0.000669216 0)
(0.797064 0.000992466 0)
(0.796737 0.00119356 0)
(0.796345 0.00130412 0)
(0.795994 0.00135457 0)
(0.795688 0.00136082 0)
(0.795404 0.00133445 0)
(0.795141 0.00128739 0)
(0.794901 0.00122937 0)
(0.794686 0.0011663 0)
(0.79449 0.0011014 0)
(0.794313 0.00103641 0)
(0.794151 0.000972014 0)
(0.794003 0.000907947 0)
(0.793869 0.000843095 0)
(0.793747 0.000775607 0)
(0.793636 0.000702885 0)
(0.793536 0.00062147 0)
(0.793448 0.000526831 0)
(0.79337 0.000413072 0)
(0.793305 0.000272499 0)
(0.793252 9.5055e-05 0)
(0.793213 -0.000132481 0)
(0.793189 -0.000427511 0)
(0.793184 -0.000813021 0)
(0.7932 -0.00131941 0)
(0.793241 -0.00198698 0)
(0.79331 -0.00286926 0)
(0.793415 -0.00403743 0)
(0.793558 -0.00558635 0)
(0.793745 -0.00764273 0)
(0.793977 -0.0103762 0)
(0.794247 -0.0140148 0)
(0.794532 -0.0188655 0)
(0.794783 -0.0253441 0)
(0.794891 -0.0340152 0)
(0.794647 -0.0456483 0)
(0.793652 -0.0612999 0)
(0.791185 -0.0824076 0)
(0.785867 -0.11098 0)
(0.775361 -0.149615 0)
(0.754927 -0.202227 0)
(0.717359 -0.272166 0)
(0.64664 -0.367782 0)
(0.522896 -0.47754 0)
(0.24671 -0.59574 0)
(0.697196 0.000346142 0)
(0.697072 0.000946977 0)
(0.696857 0.00134904 0)
(0.696432 0.00156349 0)
(0.695982 0.0016606 0)
(0.69561 0.00168667 0)
(0.695304 0.00166211 0)
(0.695035 0.0016034 0)
(0.694799 0.00152658 0)
(0.694595 0.00144269 0)
(0.69442 0.00135729 0)
(0.694269 0.00127307 0)
(0.694138 0.00119134 0)
(0.694023 0.00111238 0)
(0.693922 0.00103551 0)
(0.693833 0.000959278 0)
(0.693755 0.000881561 0)
(0.693686 0.000799607 0)
(0.693623 0.00070982 0)
(0.693566 0.000607636 0)
(0.693512 0.000487133 0)
(0.693458 0.000340714 0)
(0.693403 0.000158445 0)
(0.693342 -7.25972e-05 0)
(0.693271 -0.00036943 0)
(0.693183 -0.000754379 0)
(0.693069 -0.00125693 0)
(0.692919 -0.00191588 0)
(0.692717 -0.00278252 0)
(0.69244 -0.00392441 0)
(0.69206 -0.00543079 0)
(0.691532 -0.00741921 0)
(0.690796 -0.0100446 0)
(0.689762 -0.0135107 0)
(0.688297 -0.0180849 0)
(0.686204 -0.0241167 0)
(0.683183 -0.0320606 0)
(0.678773 -0.0425011 0)
(0.672253 -0.0561799 0)
(0.662504 -0.0740066 0)
(0.647731 -0.0970604 0)
(0.625153 -0.126442 0)
(0.590194 -0.16315 0)
(0.536173 -0.207017 0)
(0.451533 -0.256544 0)
(0.322932 -0.306119 0)
(0.114062 -0.331973 0)
(0.577125 0.000532451 0)
(0.576867 0.00135458 0)
(0.576473 0.00180659 0)
(0.575911 0.00199836 0)
(0.57541 0.00205782 0)
(0.575047 0.00203764 0)
(0.574784 0.00196073 0)
(0.574586 0.00185174 0)
(0.574442 0.00173178 0)
(0.574344 0.00161209 0)
(0.574285 0.00149697 0)
(0.574255 0.00138809 0)
(0.574247 0.00128596 0)
(0.574257 0.00119014 0)
(0.574281 0.00109935 0)
(0.574315 0.00101174 0)
(0.574356 0.000925036 0)
(0.574401 0.000836458 0)
(0.574446 0.00074261 0)
(0.574488 0.000639249 0)
(0.574522 0.000521051 0)
(0.574544 0.000381208 0)
(0.574546 0.000210981 0)
(0.574522 -9.81338e-07 0)
(0.574459 -0.000269472 0)
(0.574344 -0.0006139 0)
(0.574157 -0.00105966 0)
(0.573874 -0.00164005 0)
(0.573461 -0.00239864 0)
(0.572874 -0.0033924 0)
(0.57205 -0.00469553 0)
(0.570908 -0.00640438 0)
(0.569336 -0.0086433 0)
(0.567178 -0.0115717 0)
(0.564219 -0.0153917 0)
(0.560162 -0.0203557 0)
(0.554583 -0.0267724 0)
(0.546887 -0.0350058 0)
(0.536226 -0.0454618 0)
(0.521389 -0.0585435 0)
(0.50065 -0.0745596 0)
(0.471601 -0.0935062 0)
(0.430896 -0.11476 0)
(0.374334 -0.136291 0)
(0.29668 -0.154363 0)
(0.195291 -0.16213 0)
(0.0619125 -0.144461 0)
(0.436982 0.000934495 0)
(0.436412 0.00205077 0)
(0.435774 0.00243189 0)
(0.435168 0.00248504 0)
(0.434793 0.00242859 0)
(0.434648 0.0023059 0)
(0.434658 0.00213699 0)
(0.434771 0.00195198 0)
(0.434955 0.00177221 0)
(0.435187 0.00160556 0)
(0.43545 0.00145354 0)
(0.435729 0.00131602 0)
(0.436014 0.00119218 0)
(0.436298 0.00108043 0)
(0.436577 0.000978687 0)
(0.436846 0.000884563 0)
(0.437104 0.000795541 0)
(0.437346 0.000708821 0)
(0.43757 0.000621278 0)
(0.437771 0.000529213 0)
(0.437946 0.000428235 0)
(0.438088 0.000312867 0)
(0.438188 0.000176327 0)
(0.438235 9.95496e-06 0)
(0.438216 -0.000197344 0)
(0.43811 -0.00046006 0)
(0.437891 -0.000796949 0)
(0.437525 -0.00123245 0)
(0.436965 -0.00179813 0)
(0.436149 -0.00253481 0)
(0.434995 -0.0034948 0)
(0.433394 -0.00474474 0)
(0.4312 -0.00636836 0)
(0.428217 -0.00846936 0)
(0.424188 -0.011173 0)
(0.418765 -0.0146258 0)
(0.411488 -0.0189893 0)
(0.401745 -0.0244259 0)
(0.388733 -0.0310669 0)
(0.371412 -0.0389544 0)
(0.348469 -0.0479425 0)
(0.318344 -0.0575317 0)
(0.279325 -0.0666603 0)
(0.229968 -0.0733877 0)
(0.169662 -0.0749816 0)
(0.101423 -0.0683476 0)
(0.02707 -0.051168 0)
(0.276768 0.0017283 0)
(0.275813 0.00328705 0)
(0.275479 0.00340933 0)
(0.275776 0.00307231 0)
(0.276454 0.00266137 0)
(0.277284 0.00225221 0)
(0.278155 0.00187802 0)
(0.279015 0.00156244 0)
(0.279835 0.00130812 0)
(0.280599 0.00110534 0)
(0.281302 0.000942942 0)
(0.281945 0.000811896 0)
(0.282531 0.000705016 0)
(0.283065 0.000616487 0)
(0.28355 0.000541588 0)
(0.28399 0.000476548 0)
(0.284388 0.000418211 0)
(0.284746 0.000363833 0)
(0.285064 0.000310782 0)
(0.285341 0.000256407 0)
(0.285574 0.00019775 0)
(0.285758 0.000131395 0)
(0.285886 5.30559e-05 0)
(0.285948 -4.24816e-05 0)
(0.285928 -0.000161559 0)
(0.285805 -0.000312144 0)
(0.285552 -0.000504724 0)
(0.285129 -0.000752841 0)
(0.284487 -0.00107392 0)
(0.283559 -0.00148998 0)
(0.282257 -0.00202873 0)
(0.280467 -0.00272427 0)
(0.278038 -0.00361784 0)
(0.274776 -0.00475744 0)
(0.270431 -0.00619639 0)
(0.264686 -0.0079888 0)
(0.257141 -0.010181 0)
(0.247308 -0.012796 0)
(0.234607 -0.0158082 0)
(0.218393 -0.019106 0)
(0.198009 -0.0224425 0)
(0.172928 -0.0253762 0)
(0.142984 -0.0272274 0)
(0.108783 -0.0270389 0)
(0.0722518 -0.0237187 0)
(0.0378256 -0.0164227 0)
(0.0075648 -0.00808278 0)
(0.100064 0.00169783 0)
(0.102136 0.00234982 0)
(0.104542 0.00180316 0)
(0.107117 0.00122136 0)
(0.109194 0.000834593 0)
(0.110763 0.000579877 0)
(0.112002 0.000407938 0)
(0.113008 0.000295118 0)
(0.113832 0.000222193 0)
(0.114511 0.000173828 0)
(0.115082 0.000140404 0)
(0.115568 0.000116423 0)
(0.115988 9.85442e-05 0)
(0.116352 8.4579e-05 0)
(0.116672 7.30834e-05 0)
(0.116953 6.30747e-05 0)
(0.117199 5.38448e-05 0)
(0.117415 4.48061e-05 0)
(0.1176 3.54213e-05 0)
(0.117755 2.5117e-05 0)
(0.117879 1.32356e-05 0)
(0.117967 -1.08386e-06 0)
(0.118014 -1.90344e-05 0)
(0.11801 -4.20258e-05 0)
(0.117943 -7.14383e-05 0)
(0.117798 -0.000108983 0)
(0.117554 -0.000157112 0)
(0.117182 -0.000219126 0)
(0.116645 -0.000299147 0)
(0.115895 -0.00040222 0)
(0.114871 -0.000534334 0)
(0.113493 -0.000702389 0)
(0.111663 -0.000913843 0)
(0.109257 -0.001176 0)
(0.10613 -0.00149457 0)
(0.102108 -0.00187125 0)
(0.0970027 -0.0023001 0)
(0.0906169 -0.00276248 0)
(0.0827742 -0.00322143 0)
(0.0733592 -0.00361716 0)
(0.0623777 -0.00386772 0)
(0.0500347 -0.00387708 0)
(0.0368145 -0.0035529 0)
(0.0235843 -0.00280655 0)
(0.0117906 -0.001525 0)
(0.00362233 0.000488429 0)
(-0.000655174 0.0015341 0)
(1.83042 0.985164 0)
(1.55756 0.550356 0)
(1.11677 0.272096 0)
(0.902056 0.12304 0)
(0.852355 0.0432817 0)
(0.815233 -0.00346458 0)
(2.46861 0.54669 0)
(2.64256 0.34773 0)
(2.63402 0.245845 0)
(2.59605 0.200584 0)
(2.56635 0.170729 0)
(2.52674 0.151538 0)
(2.40903 0.0916651 0)
(2.68728 0.0381708 0)
(2.83497 0.0352252 0)
(2.9057 0.0520378 0)
(2.94863 0.0680496 0)
(2.97362 0.0848285 0)
(2.41831 -0.0399729 0)
(2.69498 0.0408063 0)
(2.83987 0.0722799 0)
(2.90874 0.0849526 0)
(2.95599 0.101683 0)
(2.99101 0.124261 0)
(2.51071 -0.498244 0)
(2.70188 -0.261365 0)
(2.72761 -0.128956 0)
(2.74224 -0.0603017 0)
(2.77544 -0.00633671 0)
(2.80486 0.0420667 0)
(1.89781 -0.994103 0)
(1.676 -0.556956 0)
(1.30059 -0.277802 0)
(1.1549 -0.124243 0)
(1.18814 -0.0302611 0)
(1.25786 0.0398247 0)
(-0.000616262 0.000501847 0)
(-0.00377178 0.00096215 0)
(-0.00790898 0.00112085 0)
(-0.0121613 0.00110078 0)
(-0.0160908 0.00103384 0)
(-0.0196112 0.000942819 0)
(-0.0227023 0.000836787 0)
(-0.0253717 0.00072593 0)
(-0.0276605 0.000622252 0)
(-0.0296393 0.000537199 0)
(-0.0313937 0.000478271 0)
(-0.0330043 0.000446075 0)
(-0.0345271 0.000433352 0)
(-0.0359795 0.000426903 0)
(-0.0373362 0.000412126 0)
(-0.0385396 0.00037773 0)
(-0.0395182 0.000319057 0)
(-0.0402087 0.000238484 0)
(-0.0405722 0.000143462 0)
(-0.0405984 4.32341e-05 0)
(-0.0403023 -5.60476e-05 0)
(-0.0397135 -0.000151562 0)
(-0.0388642 -0.000238574 0)
(-0.0377937 -0.000311846 0)
(-0.0365474 -0.000371362 0)
(-0.0351744 -0.0004162 0)
(-0.0337283 -0.000442742 0)
(-0.0322632 -0.000451955 0)
(-0.0308263 -0.000446779 0)
(-0.0294566 -0.000430004 0)
(-0.0281852 -0.000404173 0)
(-0.0270333 -0.000372695 0)
(-0.0260099 -0.000337623 0)
(-0.0251106 -0.000300023 0)
(-0.0243185 -0.000265146 0)
(-0.0236068 -0.000240074 0)
(-0.0229418 -0.000227374 0)
(-0.0222807 -0.000227774 0)
(-0.0215625 -0.000246536 0)
(-0.0207131 -0.000289079 0)
(-0.0196688 -0.000351954 0)
(-0.018381 -0.000437845 0)
(-0.0167907 -0.000557528 0)
(-0.0148641 -0.000686626 0)
(-0.0126226 -0.000738778 0)
(-0.00990917 -0.00080478 0)
(-0.00709239 -0.0012758 0)
(-0.00232921 0.00456192 0)
(-0.0115708 0.00768618 0)
(-0.0219542 0.00836143 0)
(-0.0318992 0.00795067 0)
(-0.0407653 0.00720446 0)
(-0.0484963 0.00635816 0)
(-0.055136 0.00550553 0)
(-0.0607852 0.00471426 0)
(-0.0655946 0.00404134 0)
(-0.0697454 0.00352288 0)
(-0.0734194 0.00316323 0)
(-0.0767651 0.00293157 0)
(-0.0798691 0.002768 0)
(-0.0827406 0.00259848 0)
(-0.0853165 0.00235478 0)
(-0.0874877 0.00199546 0)
(-0.0891379 0.00151625 0)
(-0.0901814 0.000947587 0)
(-0.0905852 0.000339364 0)
(-0.0903695 -0.000258527 0)
(-0.0895868 -0.000812067 0)
(-0.0883031 -0.00130561 0)
(-0.0865924 -0.00173192 0)
(-0.0845323 -0.00208336 0)
(-0.0822067 -0.00235036 0)
(-0.0797092 -0.00252501 0)
(-0.0771356 -0.00260435 0)
(-0.0745783 -0.0025938 0)
(-0.0721182 -0.00250538 0)
(-0.0698211 -0.002355 0)
(-0.0677374 -0.00215956 0)
(-0.0658983 -0.00193686 0)
(-0.0643156 -0.00170737 0)
(-0.0629806 -0.0014964 0)
(-0.0618599 -0.00132679 0)
(-0.0608991 -0.00121507 0)
(-0.0600339 -0.00117083 0)
(-0.0591886 -0.00121088 0)
(-0.0582645 -0.00136283 0)
(-0.0571436 -0.0016418 0)
(-0.0557197 -0.00202514 0)
(-0.0539216 -0.00248384 0)
(-0.0516901 -0.00303535 0)
(-0.0489677 -0.00363385 0)
(-0.0457215 -0.00408888 0)
(-0.0422398 -0.00449328 0)
(-0.0372496 -0.00485388 0)
(-0.00455797 0.0139529 0)
(-0.0204258 0.0208183 0)
(-0.0362221 0.0212211 0)
(-0.050359 0.0195037 0)
(-0.062514 0.0172736 0)
(-0.0728804 0.0149884 0)
(-0.0816622 0.0128304 0)
(-0.0890869 0.0109215 0)
(-0.0954025 0.00934957 0)
(-0.100864 0.00815383 0)
(-0.105707 0.0073082 0)
(-0.110116 0.00672001 0)
(-0.114189 0.00624743 0)
(-0.117932 0.00573273 0)
(-0.121259 0.00504394 0)
(-0.12403 0.00411365 0)
(-0.126109 0.00295645 0)
(-0.127406 0.0016545 0)
(-0.127905 0.000319626 0)
(-0.127657 -0.000948469 0)
(-0.126753 -0.00208926 0)
(-0.125289 -0.00308174 0)
(-0.12336 -0.00391891 0)
(-0.121057 -0.00458712 0)
(-0.118481 -0.0050702 0)
(-0.115743 -0.00535412 0)
(-0.112962 -0.00543599 0)
(-0.110251 -0.00533331 0)
(-0.107705 -0.00507336 0)
(-0.105402 -0.0046885 0)
(-0.103399 -0.0042131 0)
(-0.101733 -0.003688 0)
(-0.100421 -0.0031582 0)
(-0.0994539 -0.00267416 0)
(-0.0987872 -0.00228099 0)
(-0.098357 -0.00201066 0)
(-0.0980924 -0.00188666 0)
(-0.0979154 -0.00194407 0)
(-0.0977165 -0.00223566 0)
(-0.0973503 -0.00278079 0)
(-0.0966916 -0.00351826 0)
(-0.095685 -0.00439078 0)
(-0.0942471 -0.005443 0)
(-0.0922473 -0.00660268 0)
(-0.089867 -0.00749297 0)
(-0.0872034 -0.00815143 0)
(-0.0835326 -0.00854311 0)
(-0.00726353 0.0294508 0)
(-0.0293557 0.0396356 0)
(-0.0482603 0.037982 0)
(-0.063861 0.0337926 0)
(-0.0768713 0.02938 0)
(-0.0878767 0.0252141 0)
(-0.0972495 0.0214669 0)
(-0.105295 0.0182545 0)
(-0.11228 0.0156572 0)
(-0.11845 0.0136962 0)
(-0.124035 0.012304 0)
(-0.129222 0.0113163 0)
(-0.134119 0.0104977 0)
(-0.138728 0.0095932 0)
(-0.142944 0.00839221 0)
(-0.146588 0.00679578 0)
(-0.149481 0.00484648 0)
(-0.151507 0.00269686 0)
(-0.152656 0.000541998 0)
(-0.153012 -0.00145734 0)
(-0.152693 -0.00321664 0)
(-0.151808 -0.00472224 0)
(-0.150443 -0.00597916 0)
(-0.148681 -0.00697018 0)
(-0.14662 -0.00766377 0)
(-0.144386 -0.00803436 0)
(-0.14212 -0.00808101 0)
(-0.139958 -0.00783195 0)
(-0.138009 -0.00733264 0)
(-0.136358 -0.00663516 0)
(-0.135079 -0.00579531 0)
(-0.134221 -0.00487893 0)
(-0.133809 -0.00395893 0)
(-0.133837 -0.00310741 0)
(-0.134264 -0.002392 0)
(-0.13503 -0.00186514 0)
(-0.136077 -0.00156822 0)
(-0.137348 -0.0015579 0)
(-0.138732 -0.0019082 0)
(-0.14005 -0.0026329 0)
(-0.141179 -0.00364113 0)
(-0.142128 -0.00486887 0)
(-0.142787 -0.00637581 0)
(-0.142815 -0.00804923 0)
(-0.142401 -0.00937539 0)
(-0.141958 -0.0101509 0)
(-0.140612 -0.0106532 0)
(-0.0107103 0.0520945 0)
(-0.0363647 0.0615444 0)
(-0.0526253 0.0546773 0)
(-0.0644966 0.0471867 0)
(-0.0746207 0.0406015 0)
(-0.0836907 0.034808 0)
(-0.092007 0.0298109 0)
(-0.0997711 0.0256203 0)
(-0.107082 0.022258 0)
(-0.114006 0.019727 0)
(-0.120625 0.0179418 0)
(-0.127038 0.0166923 0)
(-0.133317 0.0156626 0)
(-0.139461 0.0144908 0)
(-0.145347 0.0128597 0)
(-0.150746 0.01062 0)
(-0.155409 0.00784605 0)
(-0.159166 0.00479131 0)
(-0.161987 0.00177021 0)
(-0.163978 -0.000975821 0)
(-0.165311 -0.003352 0)
(-0.166071 -0.00537134 0)
(-0.166294 -0.00706872 0)
(-0.166004 -0.00842622 0)
(-0.16528 -0.00937652 0)
(-0.164264 -0.00986152 0)
(-0.163139 -0.00987428 0)
(-0.16208 -0.00945484 0)
(-0.161226 -0.00867187 0)
(-0.160687 -0.00760215 0)
(-0.160555 -0.00632925 0)
(-0.1609 -0.00494336 0)
(-0.161763 -0.00354148 0)
(-0.163146 -0.00221835 0)
(-0.16502 -0.00106344 0)
(-0.167333 -0.000154451 0)
(-0.170044 0.000446104 0)
(-0.173124 0.000666859 0)
(-0.176454 0.000429818 0)
(-0.17982 -0.000284969 0)
(-0.18312 -0.00141134 0)
(-0.186438 -0.00289561 0)
(-0.189611 -0.00473529 0)
(-0.192131 -0.00674691 0)
(-0.194201 -0.0084907 0)
(-0.196451 -0.00969439 0)
(-0.197825 -0.0103062 0)
(-0.0116948 0.0760117 0)
(-0.0311047 0.0751444 0)
(-0.0309005 0.0610773 0)
(-0.03006 0.0528533 0)
(-0.0324068 0.0462505 0)
(-0.0369518 0.0405358 0)
(-0.0431325 0.0358834 0)
(-0.0507131 0.0320695 0)
(-0.0593539 0.0289669 0)
(-0.0686511 0.0266003 0)
(-0.0782578 0.0249453 0)
(-0.0879393 0.0238133 0)
(-0.0975779 0.0228375 0)
(-0.107128 0.0215502 0)
(-0.116482 0.0195691 0)
(-0.125421 0.0167193 0)
(-0.133672 0.0131056 0)
(-0.141018 0.00910216 0)
(-0.147393 0.00517794 0)
(-0.152896 0.00168309 0)
(-0.157697 -0.00128321 0)
(-0.161909 -0.00383113 0)
(-0.165457 -0.0060795 0)
(-0.1682 -0.00798788 0)
(-0.170142 -0.00939767 0)
(-0.171425 -0.010166 0)
(-0.17229 -0.0102568 0)
(-0.172989 -0.00973282 0)
(-0.173725 -0.0086977 0)
(-0.174664 -0.0072572 0)
(-0.175943 -0.00552672 0)
(-0.177668 -0.00363028 0)
(-0.179903 -0.00168913 0)
(-0.182671 0.000175752 0)
(-0.185949 0.00184917 0)
(-0.189703 0.00322953 0)
(-0.193915 0.00422823 0)
(-0.198572 0.0047688 0)
(-0.203562 0.00478284 0)
(-0.208667 0.00422243 0)
(-0.213795 0.0030806 0)
(-0.219031 0.00139879 0)
(-0.224147 -0.000716171 0)
(-0.228583 -0.00304276 0)
(-0.232578 -0.00527621 0)
(-0.236792 -0.0070984 0)
(-0.240031 -0.00805141 0)
(0.0644139 0.0820466 0)
(0.0807448 0.0807575 0)
(0.104557 0.0688415 0)
(0.120695 0.0636366 0)
(0.124698 0.0601816 0)
(0.120998 0.0564714 0)
(0.112316 0.0530086 0)
(0.0996614 0.0500044 0)
(0.0839099 0.0472699 0)
(0.0660458 0.0447172 0)
(0.0470092 0.0423949 0)
(0.0276234 0.0403168 0)
(0.00851254 0.0383431 0)
(-0.00989019 0.036124 0)
(-0.027367 0.0331511 0)
(-0.0439778 0.0291145 0)
(-0.0597963 0.0241204 0)
(-0.0747959 0.0187046 0)
(-0.0889161 0.0135666 0)
(-0.102145 0.0091768 0)
(-0.114511 0.0055365 0)
(-0.125943 0.00230434 0)
(-0.136212 -0.000795823 0)
(-0.145089 -0.0037171 0)
(-0.152448 -0.0061321 0)
(-0.158367 -0.00770193 0)
(-0.163085 -0.00828693 0)
(-0.166955 -0.00797608 0)
(-0.170283 -0.00693441 0)
(-0.173343 -0.00531145 0)
(-0.176392 -0.00325546 0)
(-0.179624 -0.000936397 0)
(-0.18316 0.00148362 0)
(-0.187071 0.00385681 0)
(-0.191391 0.0060357 0)
(-0.196114 0.00789551 0)
(-0.201239 0.00931738 0)
(-0.206776 0.0102108 0)
(-0.212652 0.0105094 0)
(-0.2187 0.0101358 0)
(-0.22484 0.00901575 0)
(-0.231107 0.00718105 0)
(-0.237228 0.00481294 0)
(-0.242655 0.00210686 0)
(-0.247613 -0.000753712 0)
(-0.252663 -0.00331349 0)
(-0.256627 -0.00470488 0)
(0.770895 -0.0139344 0)
(0.734413 -0.00583989 0)
(0.707094 0.00569923 0)
(0.678498 0.0174206 0)
(0.644157 0.0277023 0)
(0.605063 0.0357183 0)
(0.562607 0.0416072 0)
(0.517531 0.0458036 0)
(0.470581 0.0486025 0)
(0.422698 0.0501927 0)
(0.374871 0.0507668 0)
(0.328032 0.0505365 0)
(0.282985 0.0496984 0)
(0.240321 0.0483918 0)
(0.200262 0.0466006 0)
(0.162618 0.0441774 0)
(0.12694 0.0409958 0)
(0.0927403 0.0371045 0)
(0.0597643 0.0327823 0)
(0.0280949 0.0283823 0)
(-0.00189212 0.0240232 0)
(-0.0295424 0.0193686 0)
(-0.0543745 0.0141284 0)
(-0.0761792 0.00868721 0)
(-0.0948336 0.00389468 0)
(-0.110476 0.000421295 0)
(-0.123448 -0.00161084 0)
(-0.134077 -0.00239702 0)
(-0.142743 -0.00215152 0)
(-0.149869 -0.00101965 0)
(-0.155928 0.000844647 0)
(-0.161339 0.00320788 0)
(-0.166416 0.00581607 0)
(-0.171393 0.00846643 0)
(-0.176407 0.0109727 0)
(-0.181538 0.0131793 0)
(-0.186858 0.0149407 0)
(-0.192432 0.0161377 0)
(-0.198275 0.0166856 0)
(-0.204329 0.0164853 0)
(-0.210558 0.0154235 0)
(-0.216961 0.0135011 0)
(-0.223294 0.0108964 0)
(-0.229101 0.00775237 0)
(-0.234474 0.00417998 0)
(-0.239693 0.000841846 0)
(-0.243721 -0.00100915 0)
(2.46277 0.145297 0)
(2.38541 0.14631 0)
(2.30176 0.149675 0)
(2.21128 0.153832 0)
(2.11278 0.158198 0)
(2.00658 0.162001 0)
(1.89355 0.164591 0)
(1.77445 0.16563 0)
(1.65011 0.164958 0)
(1.52159 0.162488 0)
(1.39016 0.158211 0)
(1.25724 0.152199 0)
(1.12442 0.144586 0)
(0.993375 0.135561 0)
(0.865896 0.125375 0)
(0.743737 0.114346 0)
(0.62852 0.102843 0)
(0.521613 0.0912732 0)
(0.424062 0.0800422 0)
(0.336575 0.0694973 0)
(0.259466 0.0598578 0)
(0.192532 0.0511017 0)
(0.134876 0.0429314 0)
(0.0851042 0.0350786 0)
(0.0419066 0.0276515 0)
(0.00446656 0.0210933 0)
(-0.0273639 0.0157525 0)
(-0.0535358 0.0116962 0)
(-0.0744834 0.00904447 0)
(-0.0909652 0.00794548 0)
(-0.103918 0.00828954 0)
(-0.114254 0.00968309 0)
(-0.122683 0.0116821 0)
(-0.129751 0.0139557 0)
(-0.135879 0.016272 0)
(-0.14137 0.0184334 0)
(-0.146473 0.0202689 0)
(-0.151401 0.0216221 0)
(-0.156321 0.0223706 0)
(-0.161353 0.0223902 0)
(-0.166609 0.0215346 0)
(-0.172185 0.0197273 0)
(-0.177998 0.0170281 0)
(-0.183776 0.0134807 0)
(-0.189462 0.00919799 0)
(-0.194889 0.0050716 0)
(-0.199076 0.00268089 0)
(2.97929 0.106875 0)
(2.9703 0.132488 0)
(2.95192 0.158566 0)
(2.92508 0.183989 0)
(2.88842 0.208311 0)
(2.84085 0.230846 0)
(2.78178 0.250936 0)
(2.71068 0.268143 6.96163e-36)
(2.62703 0.282157 0)
(2.53054 0.292722 0)
(2.42121 0.299647 0)
(2.29939 0.302803 0)
(2.1657 0.302106 4.89977e-36)
(2.02118 0.297504 0)
(1.8673 0.289006 0)
(1.70598 0.27674 0)
(1.53955 0.26101 0)
(1.37068 0.242315 0)
(1.20223 0.22131 0)
(1.03713 0.198725 0)
(0.878311 0.175287 0)
(0.728574 0.15168 0)
(0.590461 0.128559 1.4119e-36)
(0.466074 0.106586 0)
(0.35692 0.0864371 0)
(0.263773 0.0687501 0)
(0.186562 0.0539938 0)
(0.124238 0.0423055 0)
(0.074818 0.0335317 0)
(0.0359856 0.0274383 0)
(0.00568057 0.0237132 0)
(-0.0176951 0.021844 0)
(-0.0354987 0.0212574 0)
(-0.0489412 0.0215416 0)
(-0.0590898 0.0224062 0)
(-0.0667894 0.0235715 0)
(-0.0726953 0.0247753 0)
(-0.0773283 0.0257923 1.34405e-36)
(-0.0811061 0.0264459 0)
(-0.0843849 0.026586 0)
(-0.0875035 0.0260523 0)
(-0.0908034 0.0246974 -6.99468e-37)
(-0.0945517 0.0224073 0)
(-0.0988902 0.0190089 0)
(-0.103941 0.0144705 0)
(-0.109436 0.00975528 0)
(-0.114279 0.00664545 0)
(3.01114 0.148917 0)
(3.02111 0.173198 0)
(3.02771 0.197363 0)
(3.03311 0.221939 0)
(3.03629 0.246821 0)
(3.03602 0.271734 0)
(3.03127 0.296457 0)
(3.02072 0.320697 -6.24646e-36)
(3.00265 0.34403 0)
(2.97529 0.365956 0)
(2.93684 0.385954 0)
(2.88562 0.403477 0)
(2.82004 0.417931 -3.79523e-36)
(2.73878 0.428665 0)
(2.64094 0.435011 0)
(2.5262 0.43638 0)
(2.39485 0.432384 0)
(2.24784 0.422912 0)
(2.0867 0.408117 0)
(1.91353 0.388332 0)
(1.73094 0.363954 0)
(1.54215 0.335404 0)
(1.35101 0.303203 -6.97546e-37)
(1.16198 0.268118 0)
(0.979865 0.23128 0)
(0.809426 0.194185 0)
(0.654888 0.158563 0)
(0.519439 0.126137 0)
(0.404837 0.0983377 0)
(0.311271 0.07604 0)
(0.23748 0.0593961 0)
(0.181051 0.0478413 0)
(0.138868 0.0403178 0)
(0.107762 0.0356528 0)
(0.0850461 0.0328689 0)
(0.0686773 0.031253 0)
(0.0571379 0.0303047 0)
(0.0492953 0.0296865 -1.46284e-36)
(0.0442686 0.0291666 0)
(0.0413324 0.0285766 0)
(0.0398584 0.0277729 0)
(0.0392657 0.0266196 8.51286e-37)
(0.0389933 0.0249873 0)
(0.0385104 0.0226742 0)
(0.0373013 0.0193744 0)
(0.0345031 0.0152275 0)
(0.0315625 0.0113802 0)
(2.82147 0.0835479 0)
(2.83244 0.117799 0)
(2.84636 0.14928 0)
(2.86421 0.180322 0)
(2.88427 0.211142 0)
(2.90585 0.241783 0)
(2.92862 0.272411 0)
(2.95178 0.303064 0)
(2.97404 0.33365 0)
(2.99395 0.364049 0)
(3.00984 0.394115 0)
(3.01973 0.423599 0)
(3.02136 0.452052 0)
(3.01228 0.47877 0)
(2.99007 0.502819 0)
(2.95252 0.523167 0)
(2.89776 0.538878 0)
(2.8243 0.549255 0)
(2.73103 0.553841 0)
(2.61725 0.552293 0)
(2.48281 0.544205 0)
(2.32841 0.529017 0)
(2.15593 0.506127 0)
(1.96866 0.475227 0)
(1.77133 0.436659 0)
(1.56977 0.39164 0)
(1.37041 0.342229 0)
(1.1796 0.291081 0)
(1.00295 0.241049 0)
(0.84482 0.194746 0)
(0.707967 0.154165 0)
(0.593442 0.120443 0)
(0.500699 0.0938186 0)
(0.427922 0.0737669 0)
(0.372495 0.0592478 0)
(0.331482 0.0490005 0)
(0.302025 0.0418119 0)
(0.281598 0.036687 0)
(0.268117 0.0328976 0)
(0.259917 0.0299468 0)
(0.255678 0.0275 0)
(0.254335 0.025327 0)
(0.254972 0.0232658 0)
(0.25675 0.0211646 0)
(0.258861 0.0189158 0)
(0.26029 0.0165348 0)
(0.261001 0.0138881 0)
(1.3442 0.0928445 0)
(1.4352 0.123794 0)
(1.54365 0.147165 0)
(1.66108 0.168252 0)
(1.77945 0.189482 0)
(1.89695 0.21225 0)
(2.01334 0.236983 0)
(2.12787 0.263566 0)
(2.23964 0.291803 0)
(2.34785 0.321622 0)
(2.45165 0.35307 0)
(2.54988 0.386177 0)
(2.64096 0.420767 0)
(2.72302 0.456312 0)
(2.794 0.491886 0)
(2.85189 0.526338 0)
(2.89474 0.558586 0)
(2.92057 0.587814 0)
(2.92719 0.61344 0)
(2.91217 0.634878 0)
(2.87302 0.651169 0)
(2.80761 0.660721 0)
(2.71489 0.661444 0)
(2.59544 0.651281 0)
(2.45175 0.62887 0)
(2.2881 0.594037 0)
(2.11025 0.547984 0)
(1.92485 0.493145 0)
(1.73885 0.432829 0)
(1.55887 0.370707 0)
(1.39054 0.31027 0)
(1.23815 0.254366 0)
(1.10438 0.204925 0)
(0.990354 0.162893 0)
(0.895836 0.12835 0)
(0.819571 0.100736 0)
(0.759649 0.079117 0)
(0.713846 0.0624229 0)
(0.679894 0.0496174 0)
(0.655645 0.0397945 0)
(0.639164 0.0322185 0)
(0.628768 0.0263213 0)
(0.622984 0.0216945 0)
(0.620555 0.0180172 0)
(0.620312 0.0151804 0)
(0.621197 0.0129378 0)
(0.62291 0.0117506 0)
(0.132126 -0.0804539 0)
(0.218872 -0.0772137 0)
(0.327016 -0.0463946 0)
(0.44663 -0.0197633 0)
(0.569056 0.00517719 0)
(0.697026 0.0323047 0)
(0.832753 0.0620964 0)
(0.975949 0.0939979 0)
(1.12543 0.127711 0)
(1.28014 0.163265 0)
(1.43888 0.200947 0)
(1.60002 0.241141 0)
(1.7614 0.284083 0)
(1.9205 0.32954 0)
(2.07477 0.376644 0)
(2.22193 0.424181 0)
(2.36 0.471167 0)
(2.48693 0.517154 0)
(2.60019 0.562128 0)
(2.69639 0.606078 0)
(2.77137 0.648247 0)
(2.82073 0.68652 0)
(2.84084 0.717564 0)
(2.82966 0.73759 0)
(2.78712 0.743318 0)
(2.7151 0.732759 0)
(2.61718 0.705595 0)
(2.49841 0.6632 0)
(2.36482 0.608401 0)
(2.22293 0.545022 0)
(2.07914 0.477285 0)
(1.93919 0.409204 0)
(1.80774 0.34412 0)
(1.68819 0.284449 0)
(1.58261 0.231626 0)
(1.49183 0.186201 0)
(1.41573 0.148038 0)
(1.35344 0.116559 0)
(1.30364 0.0909589 0)
(1.26477 0.0703668 0)
(1.23517 0.0539605 0)
(1.21327 0.0410196 0)
(1.19752 0.030962 0)
(1.1866 0.0232913 0)
(1.17893 0.0177647 0)
(1.17434 0.013886 0)
(1.16863 0.012032 0)
(-0.0255902 -0.126507 0)
(-0.0461188 -0.118207 0)
(-0.0275021 -0.0947397 0)
(0.00188738 -0.084456 0)
(0.0384976 -0.0740529 0)
(0.0846954 -0.0610107 0)
(0.141398 -0.0464409 0)
(0.211089 -0.0302515 0)
(0.296525 -0.0118216 0)
(0.398999 0.00977388 0)
(0.518549 0.0355896 0)
(0.654395 0.0666104 0)
(0.804829 0.103529 0)
(0.966883 0.146306 0)
(1.13752 0.193765 0)
(1.31445 0.244127 0)
(1.49608 0.296138 0)
(1.6806 0.349635 0)
(1.8652 0.405455 0)
(2.04551 0.464826 0)
(2.21547 0.527806 0)
(2.3682 0.592 0)
(2.49758 0.652884 0)
(2.59924 0.704988 0)
(2.67081 0.743223 0)
(2.71175 0.763843 0)
(2.72303 0.764874 0)
(2.7071 0.746246 0)
(2.66769 0.709725 0)
(2.60955 0.658577 0)
(2.53793 0.597001 0)
(2.45815 0.529475 0)
(2.37516 0.460182 0)
(2.2932 0.392629 0)
(2.2156 0.329413 0)
(2.14469 0.272187 0)
(2.08184 0.221762 0)
(2.02766 0.178305 0)
(1.98209 0.141538 0)
(1.94464 0.110931 0)
(1.9145 0.0858377 0)
(1.89073 0.0656019 0)
(1.87224 0.0496209 0)
(1.85808 0.0373805 0)
(1.84672 0.0284641 0)
(1.83895 0.0226967 0)
(1.82759 0.0190583 0)
(-0.0174374 -0.0776389 0)
(-0.0584612 -0.0918975 0)
(-0.0831966 -0.086902 0)
(-0.0985492 -0.0822224 0)
(-0.107193 -0.0778993 0)
(-0.108764 -0.0732486 0)
(-0.102458 -0.0689555 0)
(-0.0875603 -0.0657318 0)
(-0.0632051 -0.0633844 0)
(-0.02852 -0.0607559 0)
(0.0194052 -0.0557841 0)
(0.0827263 -0.0456323 0)
(0.161421 -0.0277266 0)
(0.255945 -0.00147963 0)
(0.366839 0.0312451 0)
(0.495032 0.0680393 0)
(0.642982 0.107769 0)
(0.811669 0.150835 0)
(0.999514 0.19974 0)
(1.20217 0.25823 0)
(1.41152 0.328091 0)
(1.61791 0.406858 0)
(1.81337 0.48848 0)
(1.99236 0.565472 0)
(2.15132 0.631163 0)
(2.28782 0.680525 0)
(2.40023 0.71022 0)
(2.48794 0.718741 0)
(2.5516 0.706558 0)
(2.59308 0.675945 0)
(2.61512 0.630477 0)
(2.62106 0.574387 0)
(2.61456 0.512027 0)
(2.59924 0.447416 0)
(2.57839 0.383873 0)
(2.55476 0.323846 0)
(2.53052 0.268936 0)
(2.50726 0.220021 0)
(2.48598 0.177416 0)
(2.46726 0.14104 0)
(2.45128 0.110565 0)
(2.43797 0.085548 0)
(2.42705 0.0655017 0)
(2.41823 0.0500365 0)
(2.41068 0.0386151 0)
(2.40524 0.0316415 0)
(2.39667 0.0264824 0)
(-0.0118973 -0.0420995 0)
(-0.0468919 -0.0570921 0)
(-0.0780791 -0.0595287 0)
(-0.105851 -0.0603096 0)
(-0.130683 -0.0609048 0)
(-0.152396 -0.0614934 0)
(-0.170421 -0.0627749 0)
(-0.184294 -0.065571 0)
(-0.193772 -0.0700977 0)
(-0.198838 -0.0754655 0)
(-0.199254 -0.0793658 0)
(-0.193583 -0.0788316 0)
(-0.178839 -0.0720874 0)
(-0.151229 -0.0594706 0)
(-0.106886 -0.0435799 0)
(-0.0444655 -0.0282672 0)
(0.0359113 -0.0151945 0)
(0.140536 -0.00277646 0)
(0.277495 0.0164635 0)
(0.44425 0.0534719 0)
(0.631584 0.112567 0)
(0.827147 0.190444 0)
(1.02261 0.278917 0)
(1.21481 0.367374 0)
(1.40285 0.447788 0)
(1.58467 0.51484 0)
(1.75672 0.564619 0)
(1.91543 0.594655 0)
(2.05811 0.604376 0)
(2.18316 0.595074 0)
(2.28994 0.569425 0)
(2.3788 0.530862 0)
(2.45099 0.4832 0)
(2.50836 0.43031 0)
(2.55297 0.375639 0)
(2.58696 0.321934 0)
(2.61241 0.271211 0)
(2.63119 0.224802 0)
(2.6449 0.183453 0)
(2.65482 0.147467 0)
(2.66198 0.116833 0)
(2.66714 0.0913609 0)
(2.67089 0.0707425 0)
(2.67362 0.054754 0)
(2.67572 0.0428611 0)
(2.67704 0.0358397 0)
(2.67893 0.0302568 0)
(-0.00687077 -0.0178539 0)
(-0.0305024 -0.0272554 0)
(-0.0552946 -0.030634 0)
(-0.080291 -0.0326228 0)
(-0.105309 -0.0343832 0)
(-0.130401 -0.0362325 0)
(-0.155577 -0.0387316 0)
(-0.181002 -0.0426 0)
(-0.206979 -0.0482559 0)
(-0.233763 -0.0553192 0)
(-0.261183 -0.0623212 0)
(-0.288146 -0.0671889 0)
(-0.312255 -0.0686148 0)
(-0.32978 -0.0675349 0)
(-0.336456 -0.0675974 0)
(-0.329024 -0.0734696 0)
(-0.30617 -0.0872412 0)
(-0.267541 -0.104992 0)
(-0.211139 -0.116469 0)
(-0.132209 -0.107371 0)
(-0.0178861 -0.066095 0)
(0.135515 0.00676091 0)
(0.292348 0.093668 0)
(0.44529 0.178682 0)
(0.60609 0.256128 0)
(0.778335 0.323313 0)
(0.95842 0.377552 0)
(1.14097 0.416067 0)
(1.32092 0.437714 0)
(1.49368 0.44296 0)
(1.6552 0.433503 0)
(1.80243 0.411883 0)
(1.93384 0.381096 0)
(2.04905 0.344269 0)
(2.14833 0.304241 0)
(2.23249 0.263433 0)
(2.30287 0.223769 0)
(2.361 0.186637 0)
(2.40851 0.152926 0)
(2.44699 0.123127 0)
(2.47794 0.0974349 0)
(2.50271 0.0758564 0)
(2.52257 0.0582614 0)
(2.53842 0.0445464 0)
(2.55194 0.0343414 0)
(2.56145 0.0282588 0)
(2.57624 0.0237282 0)
(-0.00283982 -0.00453682 0)
(-0.0147208 -0.00831314 0)
(-0.0289028 -0.0102283 0)
(-0.0443988 -0.0113719 0)
(-0.0608064 -0.0122934 0)
(-0.0781783 -0.0131359 0)
(-0.096752 -0.0141187 0)
(-0.117054 -0.015639 0)
(-0.139835 -0.0181647 0)
(-0.165817 -0.0219371 0)
(-0.195327 -0.0266284 0)
(-0.228008 -0.0313192 0)
(-0.262815 -0.0351536 0)
(-0.298354 -0.0385549 0)
(-0.333463 -0.0441309 0)
(-0.36783 -0.0559423 0)
(-0.402448 -0.0768231 0)
(-0.439418 -0.10488 0)
(-0.479299 -0.131172 0)
(-0.515132 -0.141461 0)
(-0.528189 -0.124041 0)
(-0.495563 -0.0788455 0)
(-0.409876 -0.0152714 0)
(-0.29325 0.0537874 0)
(-0.174946 0.115822 0)
(-0.0313911 0.165864 0)
(0.127109 0.205667 0)
(0.297848 0.23501 0)
(0.478963 0.254335 0)
(0.664243 0.264568 0)
(0.84734 0.264555 0)
(1.02267 0.254409 0)
(1.18613 0.237386 0)
(1.3351 0.216052 0)
(1.46798 0.192132 0)
(1.58431 0.167135 0)
(1.68448 0.14238 0)
(1.76944 0.118864 0)
(1.8405 0.097251 0)
(1.89918 0.0779411 0)
(1.94713 0.0611395 0)
(1.98593 0.046912 0)
(2.01725 0.0352398 0)
(2.04228 0.0260339 0)
(2.06352 0.0192341 0)
(2.07842 0.0146492 0)
(2.10137 0.0120127 0)
(-0.000289698 -7.84112e-05 0)
(-0.00322225 -0.000506887 0)
(-0.00754642 -0.000837522 0)
(-0.0127294 -0.00105474 0)
(-0.018422 -0.00125914 0)
(-0.0245139 -0.00139536 0)
(-0.0309706 -0.00137101 0)
(-0.037928 -0.00114299 0)
(-0.0457785 -0.000809029 0)
(-0.0551313 -0.000647781 0)
(-0.0665995 -0.0010365 0)
(-0.0804762 -0.00218148 0)
(-0.0965548 -0.00372185 0)
(-0.114471 -0.00472256 0)
(-0.134632 -0.00470553 0)
(-0.159233 -0.0053674 0)
(-0.193002 -0.011221 0)
(-0.243566 -0.0267749 0)
(-0.319455 -0.05018 0)
(-0.422971 -0.0701429 0)
(-0.542677 -0.0734647 0)
(-0.654449 -0.0565954 0)
(-0.730609 -0.0275776 0)
(-0.750236 0.00181857 0)
(-0.709594 0.0241402 0)
(-0.631695 0.0403306 0)
(-0.520025 0.0534626 0)
(-0.383202 0.0648138 0)
(-0.229252 0.0744674 0)
(-0.0697672 0.0817048 0)
(0.0886713 0.0819555 0)
(0.248995 0.0753117 0)
(0.406099 0.0670212 0)
(0.551777 0.058402 0)
(0.681912 0.0495402 0)
(0.795368 0.0406462 0)
(0.892118 0.0320723 0)
(0.972677 0.024118 0)
(1.03807 0.0169804 0)
(1.08973 0.0107725 0)
(1.12934 0.00554922 0)
(1.15864 0.00131529 0)
(1.17948 -0.00193191 0)
(1.19342 -0.00429739 0)
(1.2026 -0.00563359 0)
(1.20712 -0.00676385 0)
(1.21219 -0.00572463 0)
)
;

boundaryField
{
    inlet
    {
        type            fixedProfile;
        profile         csvFile;
        profileCoeffs
        {
            nHeaderLine     0;
            refColumn       0;
            componentColumns 3(1 2 3);
            separator       ",";
            mergeSeparators 0;
            file            "0/Uprofile.csv";
        }
        direction       (0 1 0);
        origin          -1;
        value           nonuniform List<vector> 
20
(
(0.0975 0 0)
(0.2775 0 0)
(0.4375 0 0)
(0.5775 0 0)
(0.6975 0 0)
(0.7975 0 0)
(0.8775 0 0)
(0.9375 0 0)
(0.9775 0 0)
(0.9975 0 0)
(0.9975 0 0)
(0.9775 0 0)
(0.9375 0 0)
(0.8775 0 0)
(0.7975 0 0)
(0.6975 0 0)
(0.5775 0 0)
(0.4375 0 0)
(0.2775 0 0)
(0.0975 0 0)
)
;
    }
    outlet
    {
        type            zeroGradient;
    }
    upperWall
    {
        type            noSlip;
    }
    lowerWall
    {
        type            noSlip;
    }
    frontAndBack
    {
        type            empty;
    }
}


// ************************************************************************* //
