/*--------------------------------*- C++ -*----------------------------------*\
| =========                 |                                                 |
| \\      /  F ield         | OpenFOAM: The Open Source CFD Toolbox           |
|  \\    /   O peration     | Version:  2406                                  |
|   \\  /    A nd           | Website:  www.openfoam.com                      |
|    \\/     M anipulation  |                                                 |
\*---------------------------------------------------------------------------*/
FoamFile
{
    version     2.0;
    format      ascii;
    arch        "LSB;label=32;scalar=64";
    class       volVectorField;
    location    "55";
    object      U;
}
// * * * * * * * * * * * * * * * * * * * * * * * * * * * * * * * * * * * * * //

dimensions      [0 1 -1 0 0 0 0];

internalField   nonuniform List<vector> 
1800
(
(0.192772 -0.00304235 0)
(0.198131 -0.00526731 0)
(0.204835 -0.0052195 0)
(0.212513 -0.0047495 0)
(0.220562 -0.00447794 0)
(0.229024 -0.00445594 0)
(0.238277 -0.00471199 0)
(0.248697 -0.00539124 0)
(0.261246 -0.00629236 0)
(0.273497 -0.0154854 0)
(0.508454 -0.00329275 0)
(0.508094 -0.00749697 0)
(0.509605 -0.00961104 0)
(0.51276 -0.0109717 0)
(0.517613 -0.0122796 0)
(0.524162 -0.0137603 0)
(0.532419 -0.0156116 0)
(0.542483 -0.0181785 0)
(0.554615 -0.021842 0)
(0.568186 -0.0279319 0)
(0.748893 -0.00264949 0)
(0.748846 -0.00689388 0)
(0.749514 -0.0100579 0)
(0.750709 -0.0128164 0)
(0.752954 -0.0156434 0)
(0.756513 -0.0187415 0)
(0.761384 -0.0223036 0)
(0.767504 -0.0266369 0)
(0.774738 -0.0321154 0)
(0.782602 -0.0394191 0)
(0.90909 -0.00231297 0)
(0.909066 -0.00657916 0)
(0.909274 -0.010385 0)
(0.909385 -0.0140052 0)
(0.909942 -0.0177364 0)
(0.911254 -0.0217659 0)
(0.913278 -0.0262638 0)
(0.915873 -0.0314437 0)
(0.918859 -0.0375163 0)
(0.921938 -0.0446302 0)
(0.989132 -0.00204307 0)
(0.988885 -0.00602076 0)
(0.988509 -0.00988664 0)
(0.98757 -0.0137743 0)
(0.986568 -0.0178417 0)
(0.985812 -0.022219 0)
(0.985237 -0.0270298 0)
(0.984671 -0.0324018 0)
(0.983936 -0.0384335 0)
(0.982808 -0.0451518 0)
(0.989087 -0.00164436 0)
(0.988499 -0.00498153 0)
(0.987418 -0.00849059 0)
(0.985382 -0.0122243 0)
(0.982879 -0.0161989 0)
(0.980195 -0.0204645 0)
(0.977235 -0.0250953 0)
(0.973809 -0.030156 0)
(0.969741 -0.0356803 0)
(0.964845 -0.0416517 0)
(0.908957 -0.00100925 0)
(0.907918 -0.00335065 0)
(0.906043 -0.00620077 0)
(0.902912 -0.00943281 0)
(0.899025 -0.012911 0)
(0.894616 -0.016631 0)
(0.889549 -0.0206334 0)
(0.883617 -0.0249353 0)
(0.876651 -0.0295257 0)
(0.868484 -0.0343659 0)
(0.748676 3.12555e-05 0)
(0.746979 -0.000944426 0)
(0.744288 -0.00300272 0)
(0.740259 -0.00555644 0)
(0.735343 -0.00827096 0)
(0.72968 -0.0111238 0)
(0.723102 -0.0141433 0)
(0.715409 -0.0173166 0)
(0.706438 -0.0206121 0)
(0.696039 -0.0239893 0)
(0.508187 0.0015946 0)
(0.5057 0.00246842 0)
(0.502884 0.00135795 0)
(0.499359 -0.000459196 0)
(0.495146 -0.00240414 0)
(0.490125 -0.00440395 0)
(0.484069 -0.00644113 0)
(0.476776 -0.00846486 0)
(0.468096 -0.0104321 0)
(0.457913 -0.0123137 0)
(0.192523 0.00222126 0)
(0.195861 0.00320577 0)
(0.19844 0.0022384 0)
(0.199945 0.0010114 0)
(0.199897 1.11273e-05 0)
(0.198284 -0.000804324 0)
(0.195266 -0.00148679 0)
(0.190954 -0.00204255 0)
(0.185433 -0.00248042 0)
(0.178797 -0.00281803 0)
(-6.02085e-05 3.94844e-05 0)
(-0.000927518 0.000289627 0)
(-0.00253546 0.000454789 0)
(-0.00454063 0.000520904 0)
(-0.00669621 0.000552301 0)
(-0.00893632 0.000580143 0)
(-0.0112697 0.000615318 0)
(-0.0137286 0.00066047 0)
(-0.0163563 0.000717129 0)
(-0.0192064 0.000788879 0)
(-0.0223458 0.000881637 0)
(-0.0258563 0.00100404 0)
(-0.029836 0.00116929 0)
(-0.0343987 0.0013928 0)
(-0.0396665 0.00169023 0)
(-0.045755 0.00207303 0)
(-0.0527456 0.0025455 0)
(-0.0606456 0.00310049 0)
(-0.0693322 0.00370651 0)
(-0.0784878 0.00428808 0)
(-0.087549 0.00471249 0)
(-0.0956958 0.00479675 0)
(-0.101888 0.00434858 0)
(-0.104908 0.00325938 0)
(-0.103391 0.00158327 0)
(-0.0965166 -0.000542002 0)
(-0.0836421 -0.00299289 0)
(-0.0643923 -0.00566939 0)
(-0.0388074 -0.00851266 0)
(-0.007374 -0.011342 0)
(0.0292928 -0.0136635 0)
(0.0705456 -0.0152468 0)
(0.115192 -0.0161303 0)
(0.161544 -0.0162386 0)
(0.207776 -0.0154858 0)
(-0.000487545 0.00102423 0)
(-0.00320371 0.00258967 0)
(-0.00726984 0.00355293 0)
(-0.0120148 0.00399851 0)
(-0.0170095 0.00421718 0)
(-0.0221436 0.00438787 0)
(-0.0274251 0.00459048 0)
(-0.0329048 0.00486028 0)
(-0.0386558 0.00521938 0)
(-0.0447669 0.00569041 0)
(-0.0513384 0.00629803 0)
(-0.0584759 0.00706797 0)
(-0.0662772 0.00802132 0)
(-0.0748116 0.00916583 0)
(-0.0840851 0.0104807 0)
(-0.0939939 0.0118984 0)
(-0.104274 0.0132828 0)
(-0.114449 0.0144109 0)
(-0.123805 0.0149635 0)
(-0.131388 0.0145482 0)
(-0.136071 0.0127668 0)
(-0.136661 0.00931299 0)
(-0.132017 0.00405696 0)
(-0.121311 -0.00289089 0)
(-0.104362 -0.0111966 0)
(-0.0806907 -0.0204232 0)
(-0.0501351 -0.0302263 0)
(-0.0128447 -0.0402396 0)
(0.0307774 -0.0500114 0)
(0.0802579 -0.0590139 0)
(0.134882 -0.0666266 0)
(0.193559 -0.0723403 0)
(0.254989 -0.075839 0)
(0.317634 -0.0768107 0)
(0.379749 -0.0750259 0)
(-0.000980747 0.00346097 0)
(-0.0056542 0.00716771 0)
(-0.011961 0.00916306 0)
(-0.0189204 0.0100403 0)
(-0.0259992 0.0104458 0)
(-0.0330818 0.0107449 0)
(-0.0401691 0.0111006 0)
(-0.0472968 0.0115836 0)
(-0.0545121 0.0122332 0)
(-0.0618605 0.0130789 0)
(-0.0693701 0.0141406 0)
(-0.0770345 0.0154201 0)
(-0.0847905 0.0168866 0)
(-0.0924892 0.0184556 0)
(-0.0998634 0.0199695 0)
(-0.106497 0.0211814 0)
(-0.111816 0.0217465 0)
(-0.115099 0.021229 0)
(-0.115523 0.0191367 0)
(-0.112216 0.0150051 0)
(-0.10433 0.008524 0)
(-0.0911624 -0.000325706 0)
(-0.0725985 -0.0113229 0)
(-0.0485195 -0.0241857 0)
(-0.0185423 -0.0386094 0)
(0.017371 -0.0541783 0)
(0.0590258 -0.0703113 0)
(0.106242 -0.0863962 0)
(0.158648 -0.101706 0)
(0.215623 -0.115474 0)
(0.276384 -0.127024 0)
(0.339959 -0.135659 0)
(0.405191 -0.140726 0)
(0.470707 -0.141646 0)
(0.534895 -0.138029 0)
(-0.00146183 0.00733269 0)
(-0.00788109 0.0138064 0)
(-0.0158947 0.0167902 0)
(-0.0242259 0.017886 0)
(-0.0322861 0.0182366 0)
(-0.0399797 0.0184101 0)
(-0.0472987 0.0186443 0)
(-0.0542433 0.0190286 0)
(-0.0608014 0.0195953 0)
(-0.0669312 0.0203477 0)
(-0.0725441 0.0212599 0)
(-0.0774872 0.0222631 0)
(-0.0815313 0.0232312 0)
(-0.0843573 0.0239621 0)
(-0.0855465 0.0241702 0)
(-0.0845878 0.0234877 0)
(-0.0809084 0.0214801 0)
(-0.0739292 0.0176837 0)
(-0.0631099 0.0116716 0)
(-0.0479771 0.00312866 0)
(-0.0282176 -0.00806686 0)
(-0.00378255 -0.0218092 0)
(0.0255477 -0.0379159 0)
(0.0598063 -0.0561273 0)
(0.099057 -0.0760099 0)
(0.143235 -0.0970117 0)
(0.192082 -0.118389 0)
(0.245204 -0.139308 0)
(0.302064 -0.158917 0)
(0.361998 -0.176345 0)
(0.424268 -0.190719 0)
(0.488031 -0.201155 0)
(0.552355 -0.206811 0)
(0.616088 -0.206813 0)
(0.677763 -0.200493 0)
(-0.00192702 0.0124473 0)
(-0.0096961 0.0219186 0)
(-0.0185157 0.0254884 0)
(-0.0269583 0.0262936 0)
(-0.0345032 0.0260979 0)
(-0.0411247 0.0256633 0)
(-0.0468266 0.0252708 0)
(-0.0515884 0.0249991 0)
(-0.0553496 0.0248438 0)
(-0.057999 0.0247566 0)
(-0.0593672 0.0246455 0)
(-0.0592199 0.0243657 0)
(-0.0572603 0.0237139 0)
(-0.0531347 0.0224215 0)
(-0.0464468 0.0201554 0)
(-0.036781 0.0165362 0)
(-0.0237299 0.0111583 0)
(-0.00694714 0.00363152 0)
(0.0138744 -0.0063932 0)
(0.0388457 -0.0191528 0)
(0.0680883 -0.0347051 0)
(0.10172 -0.0530084 0)
(0.139778 -0.0738705 0)
(0.182147 -0.0968765 0)
(0.228563 -0.121412 0)
(0.278607 -0.146725 0)
(0.331718 -0.171937 0)
(0.387249 -0.196115 0)
(0.444516 -0.218319 0)
(0.50286 -0.23764 0)
(0.561711 -0.253187 0)
(0.620526 -0.264063 0)
(0.678934 -0.269378 0)
(0.736199 -0.267894 0)
(0.79124 -0.258513 0)
(-0.00241071 0.0186198 0)
(-0.0110222 0.0306999 0)
(-0.0193015 0.0339657 0)
(-0.0260859 0.033682 0)
(-0.0312006 0.0322716 0)
(-0.0347935 0.0306239 0)
(-0.0369216 0.0290108 0)
(-0.0375745 0.027467 0)
(-0.0366782 0.0259325 0)
(-0.0340966 0.0243046 0)
(-0.0296349 0.0224319 0)
(-0.0230473 0.0201112 0)
(-0.014048 0.0171028 0)
(-0.00231367 0.0131219 0)
(0.0124623 0.00783494 0)
(0.0305679 0.000872187 0)
(0.0523333 -0.00813762 0)
(0.0780199 -0.0195441 0)
(0.107794 -0.0336591 0)
(0.141704 -0.050679 0)
(0.179683 -0.0705935 0)
(0.221539 -0.0932051 0)
(0.266916 -0.118128 0)
(0.315277 -0.144779 0)
(0.365932 -0.1724 0)
(0.418085 -0.200114 0)
(0.470902 -0.226985 0)
(0.523594 -0.252085 0)
(0.575485 -0.274546 0)
(0.626104 -0.2936 0)
(0.675232 -0.308487 0)
(0.722865 -0.318482 0)
(0.769573 -0.322687 0)
(0.815162 -0.319478 0)
(0.860114 -0.307601 0)
(-0.00297266 0.0259363 0)
(-0.0116648 0.0390498 0)
(-0.0172189 0.0403404 0)
(-0.0197327 0.037937 0)
(-0.0199082 0.0346542 0)
(-0.0181684 0.0312731 0)
(-0.0146215 0.027973 0)
(-0.00926664 0.0247081 0)
(-0.00202383 0.0213376 0)
(0.00724688 0.0177003 0)
(0.018759 0.0136037 0)
(0.0327567 0.00881382 0)
(0.0494689 0.00305639 0)
(0.0692672 -0.00399757 0)
(0.0924719 -0.0126873 0)
(0.119364 -0.0233635 0)
(0.150092 -0.0363417 0)
(0.184702 -0.0518783 0)
(0.223099 -0.0701277 0)
(0.26501 -0.0911004 0)
(0.309976 -0.114624 0)
(0.357358 -0.14033 0)
(0.40636 -0.167656 0)
(0.456061 -0.19588 0)
(0.505469 -0.224158 0)
(0.553605 -0.251598 0)
(0.599568 -0.277332 0)
(0.642637 -0.300596 0)
(0.682318 -0.320768 0)
(0.718513 -0.337416 0)
(0.751442 -0.350125 0)
(0.782001 -0.358592 0)
(0.811625 -0.361771 0)
(0.841137 -0.357534 0)
(0.875073 -0.345017 0)
(-0.00362778 0.0349416 0)
(-0.0100912 0.0450404 0)
(-0.00855787 0.0415665 0)
(-0.00253635 0.0361532 0)
(0.00570251 0.030717 0)
(0.0156152 0.0253786 0)
(0.027237 0.0201753 0)
(0.0406585 0.0149874 0)
(0.0560137 0.00957962 0)
(0.0734651 0.00368978 0)
(0.0933706 -0.00295092 0)
(0.116028 -0.0106017 0)
(0.141739 -0.0195483 0)
(0.170675 -0.0300747 0)
(0.202945 -0.0424491 0)
(0.238557 -0.0569076 0)
(0.277381 -0.0736268 0)
(0.319127 -0.0926942 0)
(0.363328 -0.114079 0)
(0.409336 -0.137601 0)
(0.456342 -0.162911 0)
(0.503402 -0.189491 0)
(0.549488 -0.216676 0)
(0.593542 -0.243693 0)
(0.634537 -0.269725 0)
(0.671538 -0.293975 0)
(0.703769 -0.315751 0)
(0.730688 -0.334547 0)
(0.752031 -0.350111 0)
(0.768079 -0.362521 0)
(0.779425 -0.372099 0)
(0.78846 -0.37952 0)
(0.796671 -0.384529 0)
(0.810132 -0.385059 0)
(0.835563 -0.383158 0)
(-0.000607789 0.0407852 0)
(0.00363147 0.0425763 0)
(0.0209134 0.0324192 0)
(0.0415353 0.0242488 0)
(0.0621652 0.017276 0)
(0.0830455 0.0103654 0)
(0.104927 0.00334229 0)
(0.128237 -0.00386976 0)
(0.153257 -0.0115158 0)
(0.180304 -0.019889 0)
(0.209564 -0.0292433 0)
(0.241171 -0.0398006 0)
(0.275189 -0.0517694 0)
(0.31159 -0.065338 0)
(0.350242 -0.0806599 0)
(0.39088 -0.0978337 0)
(0.433096 -0.116882 0)
(0.476328 -0.137727 0)
(0.519871 -0.160176 0)
(0.562893 -0.183902 0)
(0.604462 -0.208442 0)
(0.643591 -0.233212 0)
(0.679281 -0.257528 0)
(0.71057 -0.28066 0)
(0.736576 -0.301879 0)
(0.756544 -0.320534 0)
(0.769876 -0.336124 0)
(0.776196 -0.348398 0)
(0.775362 -0.357463 0)
(0.767762 -0.363925 0)
(0.753986 -0.369129 0)
(0.737593 -0.375364 0)
(0.718946 -0.386183 0)
(0.719705 -0.403794 0)
(0.72906 -0.448029 0)
(0.051289 0.0141031 0)
(0.0813407 0.0120522 0)
(0.11607 0.00328193 0)
(0.151703 -0.00447317 0)
(0.184341 -0.0112101 0)
(0.215233 -0.0181217 0)
(0.245951 -0.025636 0)
(0.277166 -0.0338396 0)
(0.309167 -0.0428497 0)
(0.342172 -0.0528274 0)
(0.376331 -0.0639192 0)
(0.411678 -0.0762494 0)
(0.448123 -0.0899229 0)
(0.485471 -0.105015 0)
(0.523414 -0.121556 0)
(0.561531 -0.139514 0)
(0.59928 -0.158776 0)
(0.636007 -0.179142 0)
(0.670966 -0.200307 0)
(0.703336 -0.221863 0)
(0.732257 -0.2433 0)
(0.756861 -0.264027 0)
(0.776309 -0.283397 0)
(0.789826 -0.30075 0)
(0.796736 -0.315467 0)
(0.796485 -0.32703 0)
(0.788667 -0.335102 0)
(0.773046 -0.339615 0)
(0.749541 -0.340908 0)
(0.718342 -0.339884 0)
(0.679512 -0.338486 0)
(0.635129 -0.340046 0)
(0.582936 -0.352243 0)
(0.555011 -0.386488 0)
(0.492958 -0.491116 0)
(0.300475 -0.0315943 0)
(0.320172 -0.035606 0)
(0.343399 -0.037784 0)
(0.370548 -0.0411743 0)
(0.398407 -0.0458514 0)
(0.426237 -0.0517289 0)
(0.454461 -0.0588018 0)
(0.483271 -0.0670331 0)
(0.512613 -0.0763894 0)
(0.542412 -0.0868685 0)
(0.572579 -0.098487 0)
(0.602953 -0.11126 0)
(0.633285 -0.125184 0)
(0.663246 -0.140226 0)
(0.692422 -0.156306 0)
(0.720321 -0.173287 0)
(0.74637 -0.190962 0)
(0.769927 -0.209048 0)
(0.790293 -0.22718 0)
(0.80674 -0.244912 0)
(0.818531 -0.26173 0)
(0.824954 -0.277066 0)
(0.825351 -0.290332 0)
(0.819149 -0.300954 0)
(0.805896 -0.308425 0)
(0.785283 -0.312363 0)
(0.757164 -0.312579 0)
(0.721551 -0.309148 0)
(0.678565 -0.302503 0)
(0.628362 -0.293547 0)
(0.570691 -0.283974 0)
(0.505002 -0.276439 0)
(0.426012 -0.277326 0)
(0.334708 -0.299417 0)
(0.128767 -0.349977 0)
(0.581093 -0.037487 0)
(0.592058 -0.0452631 0)
(0.604428 -0.0517584 0)
(0.619553 -0.0585158 0)
(0.636464 -0.0658307 0)
(0.654395 -0.0736555 0)
(0.673143 -0.0820997 0)
(0.692552 -0.0912999 0)
(0.712365 -0.101321 0)
(0.73231 -0.112182 0)
(0.752111 -0.123887 0)
(0.77146 -0.136419 0)
(0.789998 -0.149729 0)
(0.80731 -0.163724 0)
(0.822932 -0.178264 0)
(0.836349 -0.193148 0)
(0.846996 -0.208118 0)
(0.854271 -0.222846 0)
(0.857548 -0.236944 0)
(0.856201 -0.249964 0)
(0.84963 -0.261413 0)
(0.837293 -0.270777 0)
(0.818743 -0.277552 0)
(0.793664 -0.281285 0)
(0.761907 -0.281623 0)
(0.72352 -0.278358 0)
(0.678758 -0.271483 0)
(0.628061 -0.261222 0)
(0.571977 -0.248066 0)
(0.511026 -0.232772 0)
(0.445343 -0.216411 0)
(0.374386 -0.20017 0)
(0.295274 -0.185885 0)
(0.205015 -0.173889 0)
(0.0734607 -0.164775 0)
(0.790144 -0.0482355 0)
(0.797 -0.0565716 0)
(0.804099 -0.0641148 0)
(0.812215 -0.0716231 0)
(0.821168 -0.0794872 0)
(0.830529 -0.0877707 0)
(0.840065 -0.0965404 0)
(0.849614 -0.105876 0)
(0.858954 -0.115809 0)
(0.867806 -0.126325 0)
(0.875862 -0.137386 0)
(0.882782 -0.148928 0)
(0.888187 -0.160853 0)
(0.891659 -0.17302 0)
(0.89274 -0.185239 0)
(0.890942 -0.19727 0)
(0.88575 -0.208822 0)
(0.876639 -0.219555 0)
(0.863096 -0.229082 0)
(0.844643 -0.236986 0)
(0.820879 -0.242836 0)
(0.79151 -0.246217 0)
(0.756397 -0.246766 0)
(0.715592 -0.244213 0)
(0.669372 -0.238417 0)
(0.618252 -0.229406 0)
(0.562977 -0.217391 0)
(0.504475 -0.202762 0)
(0.443754 -0.186052 0)
(0.381738 -0.167844 0)
(0.318966 -0.148614 0)
(0.255234 -0.128372 0)
(0.188811 -0.106577 0)
(0.118513 -0.0826809 0)
(0.0347472 -0.060045 0)
(0.924659 -0.0525552 0)
(0.926751 -0.0605941 0)
(0.92847 -0.0684058 0)
(0.930189 -0.0762134 0)
(0.931898 -0.0842597 0)
(0.933348 -0.0926067 0)
(0.934319 -0.101258 0)
(0.934629 -0.110225 0)
(0.934054 -0.119504 0)
(0.932316 -0.129064 0)
(0.929105 -0.138838 0)
(0.924088 -0.148729 0)
(0.916906 -0.158604 0)
(0.907174 -0.168289 0)
(0.894486 -0.177567 0)
(0.878428 -0.186183 0)
(0.858594 -0.193845 0)
(0.834605 -0.200231 0)
(0.806139 -0.205001 0)
(0.772969 -0.20782 0)
(0.734996 -0.208376 0)
(0.692288 -0.206418 0)
(0.64512 -0.201788 0)
(0.59399 -0.194448 0)
(0.539633 -0.184509 0)
(0.483 -0.172239 0)
(0.42521 -0.158044 0)
(0.367477 -0.14242 0)
(0.310985 -0.12586 0)
(0.256708 -0.108668 0)
(0.205113 -0.0906557 0)
(0.155856 -0.0707406 0)
(0.107827 -0.0472159 0)
(0.0611701 -0.0205682 0)
(0.0140379 -0.00313208 0)
(0.98101 -0.0524321 0)
(0.978344 -0.0599495 0)
(0.974843 -0.0674324 0)
(0.970634 -0.0748807 0)
(0.965695 -0.0824012 0)
(0.959854 -0.0900352 0)
(0.952908 -0.0977713 0)
(0.944657 -0.105593 0)
(0.934882 -0.113475 0)
(0.923325 -0.121362 0)
(0.909708 -0.129164 0)
(0.893736 -0.136756 0)
(0.87511 -0.143982 0)
(0.853524 -0.150654 0)
(0.828684 -0.156558 0)
(0.800325 -0.161453 0)
(0.768231 -0.165088 0)
(0.732269 -0.167209 0)
(0.692414 -0.16758 0)
(0.648784 -0.166003 0)
(0.601665 -0.162346 0)
(0.551537 -0.156561 0)
(0.499077 -0.148716 0)
(0.445148 -0.138997 0)
(0.390766 -0.127715 0)
(0.337047 -0.115285 0)
(0.285127 -0.102179 0)
(0.236084 -0.0888544 0)
(0.190817 -0.0755991 0)
(0.149867 -0.0622569 0)
(0.113169 -0.0478577 0)
(0.0800463 -0.0305001 0)
(0.0499553 -0.00859465 0)
(0.0240599 0.0144753 0)
(0.00328366 0.0213565 0)
(0.958915 -0.0479746 0)
(0.951783 -0.0544612 0)
(0.943382 -0.0609298 0)
(0.933706 -0.0673203 0)
(0.922698 -0.0736565 0)
(0.91022 -0.0799496 0)
(0.896096 -0.0861752 0)
(0.880148 -0.0922926 0)
(0.862187 -0.098248 0)
(0.842012 -0.103964 0)
(0.819415 -0.109335 0)
(0.794195 -0.114232 0)
(0.766169 -0.118505 0)
(0.735187 -0.12199 0)
(0.701151 -0.124512 0)
(0.664031 -0.125897 0)
(0.623896 -0.125983 0)
(0.580929 -0.124636 0)
(0.535451 -0.121768 0)
(0.487929 -0.11735 0)
(0.438984 -0.111432 0)
(0.389372 -0.104149 0)
(0.339959 -0.0957215 0)
(0.291666 -0.0864517 0)
(0.245413 -0.076699 0)
(0.202053 -0.0668509 0)
(0.162316 -0.0572782 0)
(0.126761 -0.0482448 0)
(0.0957004 -0.0397041 0)
(0.0690809 -0.0309575 0)
(0.0464342 -0.0204236 0)
(0.0272915 -0.00610387 0)
(0.0119923 0.0122855 0)
(0.00191611 0.0290241 0)
(-0.00158793 0.0267337 0)
(0.858942 -0.039378 0)
(0.847873 -0.044442 0)
(0.83518 -0.0494344 0)
(0.820805 -0.0542829 0)
(0.804683 -0.0589653 0)
(0.786714 -0.0634652 0)
(0.766779 -0.0677471 0)
(0.744761 -0.0717595 0)
(0.720553 -0.0754408 0)
(0.694059 -0.0787162 0)
(0.665205 -0.0814974 0)
(0.633952 -0.083685 0)
(0.600312 -0.0851746 0)
(0.564361 -0.0858635 0)
(0.526254 -0.0856588 0)
(0.486239 -0.0844868 0)
(0.444664 -0.082304 0)
(0.401981 -0.0791075 0)
(0.358744 -0.0749427 0)
(0.315588 -0.0699088 0)
(0.273206 -0.0641577 0)
(0.232308 -0.0578862 0)
(0.19357 -0.051323 0)
(0.157583 -0.0447113 0)
(0.124811 -0.0382927 0)
(0.0955688 -0.0322954 0)
(0.0700192 -0.0269091 0)
(0.0481797 -0.0221887 0)
(0.0299119 -0.0178032 0)
(0.0149218 -0.0127326 0)
(0.00296149 -0.00534436 0)
(-0.00570728 0.00570042 0)
(-0.0101341 0.0192918 0)
(-0.00916907 0.0290753 0)
(-0.00316244 0.0221389 0)
(0.684066 -0.0273893 0)
(0.670391 -0.0307318 0)
(0.654932 -0.0339315 0)
(0.637643 -0.036925 0)
(0.618498 -0.0396783 0)
(0.597471 -0.0421686 0)
(0.574544 -0.0443665 0)
(0.549721 -0.0462356 0)
(0.523033 -0.0477361 0)
(0.494548 -0.0488263 0)
(0.464374 -0.0494626 0)
(0.432671 -0.049603 0)
(0.399656 -0.0492112 0)
(0.36561 -0.048263 0)
(0.330877 -0.0467512 0)
(0.295858 -0.0446909 0)
(0.261008 -0.0421225 0)
(0.226811 -0.0391135 0)
(0.193763 -0.0357559 0)
(0.162339 -0.032161 0)
(0.132966 -0.0284497 0)
(0.10599 -0.024741 0)
(0.0816516 -0.0211434 0)
(0.0600758 -0.0177522 0)
(0.0412763 -0.0146607 0)
(0.0251746 -0.011971 0)
(0.0116094 -0.00977194 0)
(0.000353905 -0.00802869 0)
(-0.0088338 -0.00634356 0)
(-0.0160594 -0.00377436 0)
(-0.0210024 0.000863847 0)
(-0.0227228 0.00811049 0)
(-0.0200186 0.0164426 0)
(-0.0127603 0.0210464 0)
(-0.00317822 0.0142884 0)
(0.446141 -0.0140795 0)
(0.432733 -0.015691 0)
(0.417691 -0.0171088 0)
(0.401066 -0.0183058 0)
(0.38294 -0.019273 0)
(0.363418 -0.0200118 0)
(0.342625 -0.0205235 0)
(0.320705 -0.0208067 0)
(0.29783 -0.0208604 0)
(0.274199 -0.0206845 0)
(0.250036 -0.0202814 0)
(0.225592 -0.0196565 0)
(0.201141 -0.0188209 0)
(0.176974 -0.0177927 0)
(0.153391 -0.0165975 0)
(0.130684 -0.0152673 0)
(0.109128 -0.0138397 0)
(0.0889641 -0.0123547 0)
(0.0703866 -0.0108519 0)
(0.0535335 -0.00936777 0)
(0.0384881 -0.00793549 0)
(0.025276 -0.00658292 0)
(0.0138649 -0.00533259 0)
(0.00417256 -0.00420685 0)
(-0.00392131 -0.00323922 0)
(-0.0105842 -0.00248399 0)
(-0.0160367 -0.0019898 0)
(-0.0205284 -0.00171869 0)
(-0.0242236 -0.00141833 0)
(-0.0269744 -0.000554121 0)
(-0.0280733 0.00151878 0)
(-0.0262857 0.0050259 0)
(-0.0205982 0.0089695 0)
(-0.0116877 0.0106696 0)
(-0.00257979 0.00671208 0)
(0.171151 -0.00306881 0)
(0.162609 -0.00323737 0)
(0.153303 -0.00332494 0)
(0.143378 -0.00333766 0)
(0.132984 -0.00328886 0)
(0.122263 -0.00319386 0)
(0.111349 -0.00306416 0)
(0.100366 -0.00290696 0)
(0.0894352 -0.00272738 0)
(0.0786725 -0.00253025 0)
(0.0681878 -0.00232034 0)
(0.0580839 -0.00210253 0)
(0.0484545 -0.00188143 0)
(0.0393831 -0.0016611 0)
(0.0309402 -0.00144441 0)
(0.0231824 -0.00123323 0)
(0.0161508 -0.00102874 0)
(0.00987058 -0.000832 0)
(0.00434975 -0.000643536 0)
(-0.000421427 -0.00046436 0)
(-0.00446724 -0.000298559 0)
(-0.00782485 -0.000151338 0)
(-0.0105431 -2.55648e-05 0)
(-0.0126802 7.57739e-05 0)
(-0.0143041 0.000147264 0)
(-0.0155065 0.000178206 0)
(-0.016422 0.000155826 0)
(-0.0172104 7.94306e-05 0)
(-0.0179693 -1.04469e-05 0)
(-0.0185639 -4.39611e-06 0)
(-0.0184382 0.000260148 0)
(-0.0166608 0.000892863 0)
(-0.0125305 0.00173064 0)
(-0.00670622 0.00214146 0)
(-0.00149007 0.00139033 0)
(0.252003 -0.013859 0)
(0.292399 -0.0114562 0)
(0.327404 -0.00850313 0)
(0.355951 -0.00529542 0)
(0.377555 -0.00209606 0)
(0.39222 0.000914391 0)
(0.400288 0.00363342 0)
(0.402318 0.00603912 0)
(0.398579 0.00801589 0)
(0.3903 0.00938553 0)
(0.439469 -0.0704393 0)
(0.494952 -0.0632901 0)
(0.544642 -0.0541933 0)
(0.587547 -0.0439851 0)
(0.623288 -0.0334263 0)
(0.651942 -0.0230725 0)
(0.673866 -0.0133095 0)
(0.689584 -0.0043816 0)
(0.700099 0.00353882 0)
(0.705711 0.010251 0)
(0.595949 -0.129784 0)
(0.651972 -0.117317 0)
(0.701437 -0.101765 0)
(0.743652 -0.0846225 0)
(0.77871 -0.0671449 0)
(0.807098 -0.0502022 0)
(0.829429 -0.034403 0)
(0.846389 -0.0201747 0)
(0.858678 -0.0077383 0)
(0.867122 0.00290284 0)
(0.735532 -0.187528 0)
(0.787288 -0.168565 0)
(0.831526 -0.145691 0)
(0.868034 -0.121301 0)
(0.897506 -0.097058 0)
(0.920787 -0.0739809 0)
(0.938645 -0.0527795 0)
(0.951866 -0.0339143 0)
(0.961268 -0.0175775 0)
(0.967597 -0.00373542 0)
(0.842124 -0.240018 0)
(0.886437 -0.213281 0)
(0.922716 -0.182272 0)
(0.951329 -0.150597 0)
(0.973419 -0.120021 0)
(0.989868 -0.0914715 0)
(1.00141 -0.0656666 0)
(1.00897 -0.0430519 0)
(1.01352 -0.0237405 0)
(1.01596 -0.0076028 0)
(0.903044 -0.28388 0)
(0.940353 -0.249382 0)
(0.968554 -0.210759 0)
(0.987723 -0.172408 0)
(0.999452 -0.135795 0)
(1.0051 -0.101972 0)
(1.00611 -0.0719594 0)
(1.00418 -0.046276 0)
(1.00084 -0.0249089 0)
(0.997159 -0.00753787 0)
(0.914555 -0.316596 0)
(0.94793 -0.275336 0)
(0.963101 -0.229609 0)
(0.961475 -0.183552 0)
(0.949566 -0.139577 0)
(0.932411 -0.100136 0)
(0.913734 -0.066725 0)
(0.896363 -0.0395676 0)
(0.881911 -0.0181504 0)
(0.870897 -0.00167097 0)
(0.878228 -0.347342 0)
(0.889536 -0.289595 0)
(0.857337 -0.225657 0)
(0.803634 -0.163889 0)
(0.748551 -0.110896 0)
(0.700097 -0.0694654 0)
(0.660945 -0.0387119 0)
(0.631929 -0.0163096 0)
(0.611786 -2.46363e-05 0)
(0.599364 0.0114674 0)
(0.765383 -0.383688 0)
(0.676119 -0.262143 0)
(0.540752 -0.15595 0)
(0.431186 -0.0799524 0)
(0.355216 -0.0316478 0)
(0.304843 -0.0045595 0)
(0.274015 0.00902558 0)
(0.258003 0.015483 0)
(0.253416 0.0184919 0)
(0.256361 0.0198578 0)
(0.447161 -0.300462 0)
(0.20041 -0.0871258 0)
(0.0265778 0.00842605 0)
(0.00220503 0.0194809 0)
(-0.00159839 0.0154063 0)
(-0.00282165 0.0114906 0)
(0.0022906 0.00856772 0)
(0.0102468 0.00659216 0)
(0.0194953 0.00536241 0)
(0.0304686 0.00465247 0)
(0.378615 0.0100787 0)
(0.364501 0.0101687 0)
(0.348809 0.00980096 0)
(0.332246 0.00913344 0)
(0.315344 0.00830597 0)
(0.298481 0.00742888 0)
(0.281911 0.00658089 0)
(0.265788 0.00581181 0)
(0.250193 0.00514699 0)
(0.235153 0.0045929 0)
(0.220655 0.00414313 0)
(0.206663 0.00378419 0)
(0.193127 0.00349968 0)
(0.179995 0.00327339 0)
(0.167217 0.00309062 0)
(0.154747 0.00293901 0)
(0.142555 0.0028081 0)
(0.130619 0.00268919 0)
(0.118933 0.00257486 0)
(0.107505 0.00245912 0)
(0.0963581 0.00233746 0)
(0.0855254 0.00220713 0)
(0.075051 0.00206709 0)
(0.0649855 0.00191776 0)
(0.0553826 0.00176055 0)
(0.0462963 0.00159734 0)
(0.037777 0.00143012 0)
(0.0298689 0.00126078 0)
(0.022608 0.00109123 0)
(0.0160197 0.000923316 0)
(0.010118 0.000759293 0)
(0.00490407 0.000601011 0)
(0.000364617 0.00045011 0)
(-0.00352473 0.000310152 0)
(-0.00679831 0.000185536 0)
(0.706806 0.0156636 0)
(0.703855 0.0198175 0)
(0.697349 0.0228411 0)
(0.687767 0.0249043 0)
(0.675559 0.026186 0)
(0.661136 0.0268557 0)
(0.644864 0.0270664 0)
(0.627064 0.0269511 0)
(0.608004 0.0266217 0)
(0.587908 0.0261676 0)
(0.566953 0.0256566 0)
(0.545278 0.0251372 0)
(0.522987 0.0246409 0)
(0.500156 0.0241845 0)
(0.47684 0.0237733 0)
(0.453079 0.0234031 0)
(0.428904 0.0230626 0)
(0.404343 0.0227345 0)
(0.379431 0.0223981 0)
(0.354215 0.0220296 0)
(0.328757 0.0216048 0)
(0.303145 0.0211005 0)
(0.277489 0.0204965 0)
(0.25193 0.0197775 0)
(0.226632 0.0189347 0)
(0.201783 0.0179664 0)
(0.177585 0.0168793 0)
(0.154251 0.0156872 0)
(0.131985 0.0144107 0)
(0.110982 0.013075 0)
(0.0914063 0.0117083 0)
(0.0733903 0.010339 0)
(0.0570237 0.00899342 0)
(0.0423554 0.00769651 0)
(0.0293925 0.00647041 0)
(0.872331 0.0118381 0)
(0.874749 0.0192136 0)
(0.874694 0.0252184 0)
(0.872393 0.0300584 0)
(0.868001 0.0339288 0)
(0.861638 0.0370033 0)
(0.853405 0.0394361 0)
(0.843393 0.0413633 0)
(0.831683 0.0429031 0)
(0.818348 0.0441546 0)
(0.803449 0.0451997 0)
(0.787037 0.0461039 0)
(0.769152 0.0469173 0)
(0.749823 0.047675 0)
(0.729065 0.0483988 0)
(0.706885 0.0490971 0)
(0.683283 0.049767 0)
(0.658255 0.0503939 0)
(0.631797 0.0509532 0)
(0.603915 0.0514107 0)
(0.574631 0.0517244 0)
(0.54399 0.0518466 0)
(0.512069 0.0517262 0)
(0.478982 0.0513127 0)
(0.444893 0.0505596 0)
(0.410013 0.0494295 0)
(0.374606 0.0478977 0)
(0.338986 0.0459565 0)
(0.303511 0.0436181 0)
(0.268572 0.040916 0)
(0.234576 0.0379046 0)
(0.20193 0.0346564 0)
(0.171015 0.031257 0)
(0.142163 0.0277983 0)
(0.115639 0.0243692 0)
(0.971525 0.00780073 0)
(0.973573 0.0173121 0)
(0.974108 0.0251344 0)
(0.973356 0.0315977 0)
(0.971439 0.0369808 0)
(0.968419 0.0415102 0)
(0.964324 0.045376 0)
(0.95916 0.0487383 0)
(0.952912 0.0517289 0)
(0.945552 0.0544536 0)
(0.937039 0.0569984 0)
(0.927326 0.0594329 0)
(0.916354 0.0618127 0)
(0.904055 0.0641795 0)
(0.890352 0.0665616 0)
(0.875156 0.0689737 0)
(0.858368 0.0714159 0)
(0.839884 0.0738735 0)
(0.81959 0.0763163 0)
(0.797373 0.0786988 0)
(0.773125 0.0809597 0)
(0.746747 0.0830239 0)
(0.718165 0.0848041 0)
(0.687333 0.0862038 0)
(0.654252 0.0871219 0)
(0.618976 0.0874583 0)
(0.581624 0.0871201 0)
(0.542394 0.0860291 0)
(0.501566 0.0841294 0)
(0.459508 0.0813949 0)
(0.416672 0.0778358 0)
(0.373587 0.0735028 0)
(0.330838 0.0684887 0)
(0.289044 0.0629256 0)
(0.24882 0.0569771 0)
(1.01699 0.00564772 0)
(1.01715 0.0164382 0)
(1.01672 0.0252734 0)
(1.01584 0.0326086 0)
(1.01451 0.0387867 0)
(1.01273 0.0440688 0)
(1.01047 0.0486719 0)
(1.00773 0.0527798 0)
(1.00446 0.0565438 0)
(1.00063 0.0600864 0)
(0.996182 0.063507 0)
(0.991072 0.0668873 0)
(0.985233 0.0702946 0)
(0.978585 0.0737841 0)
(0.971038 0.077399 0)
(0.962481 0.0811699 0)
(0.952786 0.0851132 0)
(0.941806 0.0892293 0)
(0.929376 0.0934998 0)
(0.915314 0.0978863 0)
(0.899419 0.102329 0)
(0.881484 0.106745 0)
(0.861294 0.111032 0)
(0.83864 0.115063 0)
(0.813327 0.118698 0)
(0.785187 0.121781 0)
(0.754097 0.124148 0)
(0.719993 0.125635 0)
(0.682892 0.126087 0)
(0.642907 0.12537 0)
(0.600264 0.123378 0)
(0.555318 0.120054 0)
(0.508553 0.115393 0)
(0.460579 0.109458 0)
(0.412113 0.10238 0)
(0.993831 0.00631172 0)
(0.991231 0.0173248 0)
(0.989466 0.0262565 0)
(0.988387 0.0336873 0)
(0.987759 0.0399968 0)
(0.987402 0.0454579 0)
(0.987195 0.0502901 0)
(0.987033 0.0546722 0)
(0.986818 0.0587512 0)
(0.986468 0.0626513 0)
(0.985912 0.0664778 0)
(0.98509 0.0703198 0)
(0.983943 0.0742533 0)
(0.982407 0.0783438 0)
(0.980411 0.0826484 0)
(0.977869 0.0872158 0)
(0.974679 0.0920839 0)
(0.970715 0.0972772 0)
(0.96583 0.102803 0)
(0.959851 0.108649 0)
(0.952578 0.11478 0)
(0.943786 0.121133 0)
(0.933224 0.12762 0)
(0.920618 0.134124 0)
(0.905677 0.140502 0)
(0.888099 0.146581 0)
(0.867585 0.152166 0)
(0.843849 0.157042 0)
(0.816643 0.160979 0)
(0.785774 0.163742 0)
(0.751137 0.165105 0)
(0.712741 0.164864 0)
(0.670733 0.162859 0)
(0.625426 0.15899 0)
(0.577305 0.153238 0)
(0.863232 0.0106822 0)
(0.858865 0.0200599 0)
(0.857419 0.0276105 0)
(0.858181 0.0339839 0)
(0.860496 0.039501 0)
(0.863924 0.0443958 0)
(0.868161 0.0488579 0)
(0.872965 0.0530262 0)
(0.878141 0.0570072 0)
(0.883538 0.0608969 0)
(0.889036 0.0647853 0)
(0.894542 0.0687546 0)
(0.899981 0.0728789 0)
(0.905289 0.0772257 0)
(0.910406 0.0818581 0)
(0.915265 0.0868347 0)
(0.919791 0.0922087 0)
(0.92389 0.0980245 0)
(0.927446 0.104314 0)
(0.930321 0.111091 0)
(0.93235 0.118351 0)
(0.933339 0.126062 0)
(0.933062 0.134168 0)
(0.931264 0.142582 0)
(0.927654 0.151188 0)
(0.921912 0.159839 0)
(0.913684 0.168352 0)
(0.902597 0.176513 0)
(0.888261 0.184073 0)
(0.870294 0.190754 0)
(0.84834 0.196256 0)
(0.822102 0.200267 0)
(0.791376 0.202483 0)
(0.756087 0.202632 0)
(0.716324 0.200498 0)
(0.593669 0.0187416 0)
(0.594233 0.0235293 0)
(0.599812 0.027443 0)
(0.608572 0.0310748 0)
(0.619281 0.03455 0)
(0.631309 0.0379463 0)
(0.644238 0.0413365 0)
(0.657743 0.0447621 0)
(0.671598 0.0482475 0)
(0.685655 0.0518216 0)
(0.699815 0.0555246 0)
(0.714005 0.059405 0)
(0.728176 0.0635167 0)
(0.742295 0.0679165 0)
(0.75634 0.0726646 0)
(0.770286 0.0778228 0)
(0.784097 0.0834538 0)
(0.79772 0.0896171 0)
(0.811083 0.0963643 0)
(0.824084 0.103734 0)
(0.836596 0.111746 0)
(0.848462 0.120401 0)
(0.859492 0.129673 0)
(0.869463 0.13951 0)
(0.878114 0.149833 0)
(0.885145 0.160531 0)
(0.890215 0.171461 0)
(0.892938 0.182443 0)
(0.892893 0.193254 0)
(0.889626 0.203625 0)
(0.882665 0.213243 0)
(0.871545 0.221756 0)
(0.855831 0.228779 0)
(0.835158 0.233919 0)
(0.809266 0.236801 0)
(0.264203 0.0178017 0)
(0.279008 0.015971 0)
(0.29877 0.0154882 0)
(0.319897 0.0162234 0)
(0.341044 0.0179108 0)
(0.362115 0.0202712 0)
(0.383117 0.023078 0)
(0.404004 0.0261931 0)
(0.424772 0.0295409 0)
(0.445459 0.0330838 0)
(0.46611 0.0368113 0)
(0.486764 0.0407372 0)
(0.507461 0.0448958 0)
(0.528244 0.0493365 0)
(0.54916 0.0541201 0)
(0.570244 0.0593162 0)
(0.591521 0.0650013 0)
(0.612992 0.0712552 0)
(0.634635 0.078155 0)
(0.656399 0.0857679 0)
(0.6782 0.0941456 0)
(0.699925 0.10332 0)
(0.721423 0.113302 0)
(0.742502 0.124077 0)
(0.762931 0.135606 0)
(0.78243 0.147822 0)
(0.800669 0.160627 0)
(0.817262 0.173887 0)
(0.831771 0.187425 0)
(0.843705 0.201009 0)
(0.852534 0.214352 0)
(0.857704 0.227103 0)
(0.858651 0.238858 0)
(0.854838 0.249168 0)
(0.845778 0.25756 0)
(0.0473982 -0.0103379 0)
(0.0734799 -0.0144099 0)
(0.0993838 -0.0135892 0)
(0.122613 -0.0110854 0)
(0.143813 -0.00776425 0)
(0.163991 -0.00410676 0)
(0.18371 -0.00040457 0)
(0.203228 0.00326861 0)
(0.222718 0.00693557 0)
(0.24235 0.0106273 0)
(0.26224 0.0143751 0)
(0.282466 0.0182175 0)
(0.303106 0.0222036 0)
(0.324244 0.0263941 0)
(0.345965 0.0308594 0)
(0.368346 0.0356801 0)
(0.391454 0.0409482 0)
(0.415336 0.0467656 0)
(0.440018 0.0532356 0)
(0.465503 0.0604559 0)
(0.491769 0.0685105 0)
(0.518766 0.077468 0)
(0.546411 0.0873786 0)
(0.57458 0.098273 0)
(0.603103 0.110161 0)
(0.631755 0.123031 0)
(0.660241 0.136845 0)
(0.688196 0.151533 0)
(0.715172 0.166977 0)
(0.740649 0.183001 0)
(0.76404 0.19936 0)
(0.784708 0.215732 0)
(0.801986 0.231716 0)
(0.815206 0.246845 0)
(0.823718 0.260597 0)
(0.0040908 -0.0278013 0)
(0.0100272 -0.0338848 0)
(0.021401 -0.0319946 0)
(0.0337939 -0.0283779 0)
(0.0461053 -0.0243691 0)
(0.0584408 -0.0204413 0)
(0.070957 -0.0167569 0)
(0.0837374 -0.0132834 0)
(0.0968661 -0.00994205 0)
(0.110408 -0.00667717 0)
(0.124473 -0.00344955 0)
(0.139178 -0.000219019 0)
(0.154633 0.00306342 0)
(0.170942 0.006454 0)
(0.188237 0.0100259 0)
(0.20661 0.0138693 0)
(0.226144 0.0180898 0)
(0.246909 0.0228051 0)
(0.268968 0.0281376 0)
(0.292375 0.0342026 0)
(0.317177 0.0411024 0)
(0.343413 0.0489293 0)
(0.371108 0.057765 0)
(0.400261 0.0676811 0)
(0.430835 0.0787402 0)
(0.462737 0.090997 0)
(0.495799 0.104495 0)
(0.529757 0.119254 0)
(0.564238 0.13525 0)
(0.598755 0.152397 0)
(0.632716 0.170522 0)
(0.665442 0.189356 0)
(0.696186 0.208531 0)
(0.724167 0.227579 0)
(0.748599 0.245955 0)
(-0.00161377 -0.0257003 0)
(-0.00505906 -0.0366806 0)
(-0.00429081 -0.0373483 0)
(-0.00143331 -0.0350311 0)
(0.00254632 -0.0318607 0)
(0.00735175 -0.0285879 0)
(0.0128609 -0.0254691 0)
(0.0190013 -0.0225312 0)
(0.0257603 -0.0197377 0)
(0.0331597 -0.0170707 0)
(0.0412434 -0.0145252 0)
(0.0500753 -0.012078 0)
(0.0597379 -0.00968516 0)
(0.0703208 -0.00729629 0)
(0.081899 -0.00484681 0)
(0.0945877 -0.00223918 0)
(0.108492 0.000647242 0)
(0.1237 0.00394244 0)
(0.140295 0.00777395 0)
(0.158387 0.0122618 0)
(0.178052 0.0175074 0)
(0.199402 0.023602 0)
(0.222565 0.0306317 0)
(0.24768 0.0386865 0)
(0.274878 0.0478651 0)
(0.304257 0.058282 0)
(0.335854 0.0700689 0)
(0.369605 0.0833605 0)
(0.405319 0.0982607 0)
(0.442668 0.11481 0)
(0.481181 0.132957 0)
(0.520255 0.152533 0)
(0.559175 0.17324 0)
(0.597144 0.194654 0)
(0.633314 0.216238 0)
(-0.00193121 -0.020567 0)
(-0.00786333 -0.0327683 0)
(-0.012247 -0.0356596 0)
(-0.015086 -0.0349257 0)
(-0.0166463 -0.0329169 0)
(-0.0171884 -0.0305712 0)
(-0.0168706 -0.0282421 0)
(-0.0157892 -0.026026 0)
(-0.0139911 -0.0239391 0)
(-0.0114904 -0.0219928 0)
(-0.00828073 -0.020201 0)
(-0.00433899 -0.0185657 0)
(0.000388731 -0.0170611 0)
(0.00598768 -0.0156426 0)
(0.0125398 -0.0142519 0)
(0.020127 -0.012796 0)
(0.0288279 -0.0111468 0)
(0.0387072 -0.00916302 0)
(0.0498215 -0.00671746 0)
(0.0622157 -0.00370631 0)
(0.075999 -6.33389e-05 0)
(0.0913363 0.00426565 0)
(0.108413 0.00934364 0)
(0.127438 0.0152486 0)
(0.148659 0.0220777 0)
(0.172333 0.0299726 0)
(0.198682 0.0391408 0)
(0.227847 0.0498294 0)
(0.259848 0.0622784 0)
(0.294576 0.0766758 0)
(0.331787 0.0931184 0)
(0.37109 0.111577 0)
(0.411963 0.131873 0)
(0.453763 0.153671 0)
(0.495753 0.176499 0)
(-0.00166682 -0.015439 0)
(-0.00791563 -0.0265643 0)
(-0.014316 -0.0303988 0)
(-0.0199913 -0.030821 0)
(-0.0247018 -0.0298548 0)
(-0.0285467 -0.0284199 0)
(-0.0316202 -0.0268915 0)
(-0.0339889 -0.0254068 0)
(-0.0356923 -0.0240187 0)
(-0.0367451 -0.0227618 0)
(-0.0371499 -0.0216692 0)
(-0.0369029 -0.0207627 0)
(-0.0359891 -0.0200435 0)
(-0.0343829 -0.0194821 0)
(-0.0320444 -0.0190147 0)
(-0.0289192 -0.0185439 0)
(-0.0249363 -0.0179426 0)
(-0.0200037 -0.017072 0)
(-0.0140065 -0.0158057 0)
(-0.00681252 -0.0140548 0)
(0.00168101 -0.0117905 0)
(0.0115851 -0.00898293 0)
(0.0230038 -0.005611 0)
(0.0361222 -0.00166815 0)
(0.0512343 0.00288746 0)
(0.0686521 0.0081733 0)
(0.088695 0.0144523 0)
(0.111645 0.0220931 0)
(0.137653 0.0314514 0)
(0.166772 0.0428301 0)
(0.198957 0.056453 0)
(0.234052 0.0724209 0)
(0.271799 0.0906807 0)
(0.311846 0.11101 0)
(0.353743 0.133043 0)
(-0.00138337 -0.0109395 0)
(-0.00718177 -0.019924 0)
(-0.0140138 -0.0237157 0)
(-0.0207545 -0.024734 0)
(-0.0269319 -0.0244956 0)
(-0.0325068 -0.0237717 0)
(-0.0375062 -0.0229077 0)
(-0.0419624 -0.0220484 0)
(-0.0458998 -0.0212597 0)
(-0.0493367 -0.0205875 0)
(-0.0522879 -0.0200726 0)
(-0.0547651 -0.0197448 0)
(-0.056776 -0.0196139 0)
(-0.0583198 -0.0196637 0)
(-0.059384 -0.0198476 0)
(-0.0599412 -0.0200856 0)
(-0.0599426 -0.0202695 0)
(-0.0593101 -0.02028 0)
(-0.0579317 -0.0200089 0)
(-0.0556574 -0.0193823 0)
(-0.052309 -0.0183668 0)
(-0.0476826 -0.0169564 0)
(-0.0415742 -0.015171 0)
(-0.0337673 -0.0130344 0)
(-0.0240471 -0.0105233 0)
(-0.0122003 -0.00752455 0)
(0.001885 -0.00382475 0)
(0.0184855 0.00093606 0)
(0.037945 0.00719087 0)
(0.0604705 0.0153647 0)
(0.086156 0.0257939 0)
(0.11497 0.0386877 0)
(0.146825 0.0540692 0)
(0.181624 0.0717557 0)
(0.219252 0.0914727 0)
(-0.00110139 -0.00711223 0)
(-0.00608338 -0.0136779 0)
(-0.0124472 -0.0168801 0)
(-0.0191265 -0.0180498 0)
(-0.0255846 -0.0182102 0)
(-0.0317039 -0.0179444 0)
(-0.0374634 -0.0175384 0)
(-0.0428675 -0.0171189 0)
(-0.0479325 -0.0167485 0)
(-0.0526801 -0.0164714 0)
(-0.0571363 -0.016326 0)
(-0.0613309 -0.0163441 0)
(-0.0652928 -0.0165433 0)
(-0.069045 -0.01692 0)
(-0.0725975 -0.0174459 0)
(-0.0759413 -0.0180657 0)
(-0.0790416 -0.0187025 0)
(-0.0818324 -0.0192698 0)
(-0.0842125 -0.0196916 0)
(-0.0860475 -0.0199171 0)
(-0.087176 -0.019934 0)
(-0.0874135 -0.0197565 0)
(-0.0865503 -0.0194215 0)
(-0.0843511 -0.0189629 0)
(-0.080569 -0.0183679 0)
(-0.0749561 -0.0175172 0)
(-0.0672671 -0.0161768 0)
(-0.057264 -0.0139971 0)
(-0.0446871 -0.0105358 0)
(-0.0292741 -0.00532679 0)
(-0.0107691 0.00202129 0)
(0.0110124 0.0117948 0)
(0.0360132 0.0240444 0)
(0.0641839 0.0385664 0)
(0.0956314 0.0551146 0)
(-0.000814908 -0.00404262 0)
(-0.00474611 -0.00832135 0)
(-0.0100855 -0.0106896 0)
(-0.0159559 -0.0117097 0)
(-0.0218506 -0.0120023 0)
(-0.0276143 -0.0119709 0)
(-0.0331988 -0.0118258 0)
(-0.0385925 -0.0116636 0)
(-0.043805 -0.0115325 0)
(-0.0488588 -0.0114651 0)
(-0.0537875 -0.0114918 0)
(-0.0586329 -0.0116398 0)
(-0.0634399 -0.0119286 0)
(-0.0682513 -0.0123648 0)
(-0.0730994 -0.0129373 0)
(-0.0779984 -0.013618 0)
(-0.0829381 -0.0143625 0)
(-0.0878814 -0.0151208 0)
(-0.0927636 -0.0158478 0)
(-0.0974958 -0.0165189 0)
(-0.101971 -0.0171364 0)
(-0.106069 -0.0177316 0)
(-0.109655 -0.0183545 0)
(-0.11257 -0.0190574 0)
(-0.114629 -0.0198559 0)
(-0.115618 -0.0206793 0)
(-0.115271 -0.0213318 0)
(-0.113257 -0.0214807 0)
(-0.109171 -0.0206712 0)
(-0.10256 -0.018384 0)
(-0.0929637 -0.0141227 0)
(-0.0799357 -0.00755868 0)
(-0.0631298 0.00137697 0)
(-0.0425165 0.012505 0)
(-0.01808 0.0255252 0)
(-0.000523937 -0.00181402 0)
(-0.00326319 -0.00418133 0)
(-0.00724467 -0.00566383 0)
(-0.0118205 -0.0063647 0)
(-0.0165617 -0.00661208 0)
(-0.0213033 -0.0066536 0)
(-0.0259844 -0.00662176 0)
(-0.030587 -0.00657779 0)
(-0.0351161 -0.00654985 0)
(-0.0395909 -0.0065564 0)
(-0.0440427 -0.00661599 0)
(-0.0485135 -0.00674681 0)
(-0.0530531 -0.00696472 0)
(-0.0577132 -0.00727962 0)
(-0.0625419 -0.00769218 0)
(-0.0675751 -0.00819309 0)
(-0.0728319 -0.00876373 0)
(-0.0783122 -0.00938229 0)
(-0.0839988 -0.010029 0)
(-0.0898625 -0.0106962 0)
(-0.0958708 -0.0113942 0)
(-0.101996 -0.012156 0)
(-0.108215 -0.0130318 0)
(-0.114504 -0.0140804 0)
(-0.120828 -0.0153486 0)
(-0.127111 -0.0168383 0)
(-0.1332 -0.0184665 0)
(-0.13883 -0.0200331 0)
(-0.143578 -0.0212051 0)
(-0.146866 -0.0215343 0)
(-0.147978 -0.0205113 0)
(-0.146116 -0.0176616 0)
(-0.140487 -0.0126802 0)
(-0.130441 -0.00553997 0)
(-0.115678 0.00352733 0)
(-0.000236871 -0.000479279 0)
(-0.0017539 -0.00145372 0)
(-0.0042238 -0.00214565 0)
(-0.00722145 -0.00248298 0)
(-0.0104142 -0.00260679 0)
(-0.0136559 -0.00263646 0)
(-0.0168922 -0.00263538 0)
(-0.0201081 -0.0026312 0)
(-0.0233059 -0.00263445 0)
(-0.0264982 -0.00265178 0)
(-0.0297059 -0.00268977 0)
(-0.0329586 -0.00275614 0)
(-0.0362938 -0.0028587 0)
(-0.0397554 -0.0030029 0)
(-0.0433892 -0.00319165 0)
(-0.0472375 -0.00342225 0)
(-0.0513348 -0.00368937 0)
(-0.055706 -0.00398403 0)
(-0.0603653 -0.00430056 0)
(-0.0653229 -0.00463831 0)
(-0.0705935 -0.00500905 0)
(-0.0762076 -0.00543632 0)
(-0.0822201 -0.00595742 0)
(-0.0887136 -0.00661701 0)
(-0.0957921 -0.00746335 0)
(-0.103562 -0.00853413 0)
(-0.112095 -0.00984069 0)
(-0.121377 -0.0113422 0)
(-0.131247 -0.0129229 0)
(-0.141341 -0.0143709 0)
(-0.151057 -0.0153771 0)
(-0.159556 -0.0155633 0)
(-0.165823 -0.014559 0)
(-0.168795 -0.0120943 0)
(-0.167476 -0.00806196 0)
(-1.85347e-06 9.19475e-06 0)
(-0.00044935 -0.000151536 0)
(-0.0013984 -0.00027343 0)
(-0.00264248 -0.000325167 0)
(-0.00399572 -0.000341394 0)
(-0.00537545 -0.000343969 0)
(-0.00675428 -0.000341971 0)
(-0.00812676 -0.000338481 0)
(-0.00949539 -0.00033363 0)
(-0.0108654 -0.000326895 0)
(-0.012245 -0.000319441 0)
(-0.0136479 -0.00031336 0)
(-0.0150928 -0.00031134 0)
(-0.0166041 -0.000316305 0)
(-0.0182098 -0.000330893 0)
(-0.0199386 -0.000356613 0)
(-0.0218152 -0.000394785 0)
(-0.0238582 -0.000448906 0)
(-0.0260799 -0.000523138 0)
(-0.0284882 -0.00062064 0)
(-0.0310918 -0.000742691 0)
(-0.0339092 -0.000885423 0)
(-0.0369758 -0.00103856 0)
(-0.0403509 -0.00118766 0)
(-0.0441212 -0.00132139 0)
(-0.0484024 -0.00144187 0)
(-0.0533331 -0.00157356 0)
(-0.0590595 -0.00176416 0)
(-0.065709 -0.00207463 0)
(-0.0733517 -0.00255651 0)
(-0.0819457 -0.00321921 0)
(-0.0912698 -0.00399537 0)
(-0.100868 -0.00473226 0)
(-0.110048 -0.00522014 0)
(-0.117938 -0.00523967 0)
(-0.00949987 7.77792e-05 0)
(-0.0116769 -1.35409e-05 0)
(-0.0133759 -9.15959e-05 0)
(-0.0146377 -0.000161793 0)
(-0.0155008 -0.000225481 0)
(-0.0160207 -0.000264148 0)
(-0.0163293 -0.000223548 0)
(-0.0168208 -3.53495e-05 0)
(-0.0183164 0.000437315 0)
(-0.0207398 0.00123399 0)
(0.0180982 0.00533106 0)
(0.00839826 0.00428608 0)
(0.000199094 0.00333635 0)
(-0.00660687 0.00248262 0)
(-0.0121544 0.00174759 0)
(-0.0166046 0.00122949 0)
(-0.0201996 0.00112651 0)
(-0.0234414 0.00168789 0)
(-0.0274205 0.00307306 0)
(-0.0317158 0.00464562 0)
(0.0916226 0.0210485 0)
(0.0701988 0.017898 0)
(0.0513619 0.0149598 0)
(0.035027 0.012265 0)
(0.0210509 0.00986781 0)
(0.00925184 0.00791554 0)
(-0.000574244 0.00670519 0)
(-0.00878189 0.00663149 0)
(-0.016472 0.00782128 0)
(-0.0237175 0.00975297 0)
(0.210738 0.0508254 0)
(0.175291 0.0446566 0)
(0.142851 0.0386438 0)
(0.113649 0.032937 0)
(0.0877691 0.0276734 0)
(0.0651792 0.0230393 0)
(0.0458249 0.0193319 0)
(0.029568 0.0170133 0)
(0.0158087 0.0163013 0)
(0.002642 0.018124 0)
(0.363949 0.0943563 0)
(0.316912 0.0856429 0)
(0.271803 0.0765349 0)
(0.229339 0.0673447 0)
(0.190104 0.0583828 0)
(0.154511 0.0499736 0)
(0.1229 0.0424496 0)
(0.0953829 0.036324 0)
(0.0725693 0.0316653 0)
(0.0492956 0.0314659 0)
(0.527031 0.145679 0)
(0.475419 0.136492 0)
(0.423404 0.125956 0)
(0.371984 0.114436 0)
(0.322166 0.10236 0)
(0.274858 0.0902078 0)
(0.230995 0.0784203 0)
(0.1909 0.0676812 0)
(0.157234 0.0576628 0)
(0.119401 0.0525229 0)
(0.672374 0.195952 0)
(0.624732 0.188977 0)
(0.574111 0.179684 0)
(0.52141 0.168326 0)
(0.467704 0.155275 0)
(0.414097 0.141041 0)
(0.362001 0.126102 0)
(0.311683 0.111346 0)
(0.268522 0.0962042 0)
(0.214272 0.0839514 0)
(0.778046 0.237096 0)
(0.741578 0.23456 0)
(0.700161 0.229067 0)
(0.654329 0.220639 0)
(0.604886 0.209448 0)
(0.552733 0.19586 0)
(0.499443 0.180246 0)
(0.444766 0.16352 0)
(0.396894 0.145301 0)
(0.329261 0.125824 0)
(0.831074 0.263569 0)
(0.81046 0.26677 0)
(0.783841 0.266817 0)
(0.751318 0.263486 0)
(0.713278 0.256689 0)
(0.670175 0.246546 0)
(0.623436 0.233217 0)
(0.571945 0.217368 0)
(0.526064 0.19922 0)
(0.4526 0.174683 0)
(0.826926 0.272425 0)
(0.824316 0.281786 0)
(0.815491 0.288175 0)
(0.800187 0.29117 0)
(0.778394 0.290455 0)
(0.750071 0.285886 0)
(0.716331 0.277408 0)
(0.675158 0.265231 0)
(0.63782 0.250396 0)
(0.568414 0.224556 0)
(0.768719 0.263059 0)
(0.783812 0.278271 0)
(0.793247 0.290979 0)
(0.796474 0.30062 0)
(0.793151 0.306711 0)
(0.782814 0.30889 0)
(0.766192 0.306949 0)
(0.740647 0.300568 0)
(0.716769 0.291582 0)
(0.661085 0.268762 0)
(0.666818 0.237372 0)
(0.696796 0.257388 0)
(0.722429 0.275605 0)
(0.742937 0.291361 0)
(0.757704 0.304061 0)
(0.765941 0.313178 0)
(0.767938 0.318426 0)
(0.760898 0.319022 0)
(0.753105 0.317309 0)
(0.718664 0.30145 0)
(0.53712 0.199773 0)
(0.576989 0.222832 0)
(0.614463 0.244971 0)
(0.648624 0.265477 0)
(0.678658 0.283694 0)
(0.703554 0.298985 0)
(0.723123 0.311038 0)
(0.734905 0.318768 0)
(0.743464 0.324558 0)
(0.734627 0.318564 0)
(0.396931 0.1563 0)
(0.440723 0.180203 0)
(0.484327 0.2041 0)
(0.526861 0.227299 0)
(0.567444 0.249146 0)
(0.605018 0.268969 0)
(0.638914 0.286466 0)
(0.667465 0.300477 0)
(0.690559 0.312896 0)
(0.708223 0.318262 0)
(0.259506 0.112879 0)
(0.302028 0.135542 0)
(0.346303 0.158935 0)
(0.391675 0.182467 0)
(0.437395 0.20557 0)
(0.482567 0.22764 0)
(0.526151 0.248428 0)
(0.567658 0.266974 0)
(0.601949 0.284231 0)
(0.643865 0.300909 0)
(0.130438 0.073483 0)
(0.168538 0.0934072 0)
(0.209719 0.114481 0)
(0.253658 0.136255 0)
(0.299891 0.158306 0)
(0.347879 0.180182 0)
(0.396391 0.201734 0)
(0.446366 0.222461 0)
(0.487958 0.242172 0)
(0.549733 0.268688 0)
(0.0102103 0.0402555 0)
(0.0423148 0.0565209 0)
(0.0783305 0.0740143 0)
(0.118278 0.0924188 0)
(0.161989 0.111492 0)
(0.209304 0.130989 0)
(0.258983 0.15086 0)
(0.313441 0.171222 0)
(0.358956 0.190828 0)
(0.435758 0.224725 0)
(-0.0963268 0.0141512 0)
(-0.0722268 0.026071 0)
(-0.0432195 0.0391586 0)
(-0.00928943 0.053189 0)
(0.0294839 0.0679243 0)
(0.0733084 0.0833141 0)
(0.121297 0.0993699 0)
(0.176936 0.116805 0)
(0.223909 0.133538 0)
(0.312068 0.17153 0)
(-0.161043 -0.00253627 0)
(-0.149136 0.00428122 0)
(-0.131711 0.0120926 0)
(-0.10824 0.0206476 0)
(-0.078628 0.0298369 0)
(-0.0428984 0.0396715 0)
(-0.00115023 0.0502014 0)
(0.0496496 0.0625527 0)
(0.095141 0.0738815 0)
(0.190341 0.110642 0)
(-0.123561 -0.00462589 0)
(-0.125861 -0.00335207 0)
(-0.123671 -0.00155299 0)
(-0.11652 0.000620268 0)
(-0.103776 0.00308092 0)
(-0.0849044 0.00582264 0)
(-0.0593298 0.00902546 0)
(-0.0269443 0.0131551 0)
(0.0084758 0.0161799 0)
(0.0834638 0.0388296 0)
)
;

boundaryField
{
    inlet
    {
        type            fixedProfile;
        profile         csvFile;
        profileCoeffs
        {
            nHeaderLine     0;
            refColumn       0;
            componentColumns 3(1 2 3);
            separator       ",";
            mergeSeparators 0;
            file            "0/Uprofile.csv";
        }
        direction       (0 1 0);
        origin          0;
        value           nonuniform List<vector> 10((0.19 0 0) (0.51 0 0) (0.75 0 0) (0.91 0 0) (0.99 0 0) (0.99 0 0) (0.91 0 0) (0.75 0 0) (0.51 0 0) (0.19 0 0));
    }
    outlet
    {
        type            zeroGradient;
    }
    upperWall
    {
        type            noSlip;
    }
    lowerWall
    {
        type            noSlip;
    }
    frontAndBack
    {
        type            empty;
    }
}


// ************************************************************************* //
