/*--------------------------------*- C++ -*----------------------------------*\
| =========                 |                                                 |
| \\      /  F ield         | OpenFOAM: The Open Source CFD Toolbox           |
|  \\    /   O peration     | Version:  2406                                  |
|   \\  /    A nd           | Website:  www.openfoam.com                      |
|    \\/     M anipulation  |                                                 |
\*---------------------------------------------------------------------------*/
FoamFile
{
    version     2.0;
    format      ascii;
    arch        "LSB;label=32;scalar=64";
    class       surfaceScalarField;
    location    "46";
    object      phi;
}
// * * * * * * * * * * * * * * * * * * * * * * * * * * * * * * * * * * * * * //

dimensions      [0 3 -1 0 0 0 0];

oriented        oriented;

internalField   nonuniform List<scalar> 
3796
(
0.039349
-0.000348902
0.0397396
-0.000390568
0.0400232
-0.000283433
0.0402266
-0.00020327
0.0403824
-0.000155732
0.0405029
-0.000120318
0.0405947
-9.17345e-05
0.0406656
-7.07938e-05
0.0407223
-5.66552e-05
0.0407696
-4.72004e-05
0.04081
-4.03373e-05
0.0408451
-3.49935e-05
0.0408761
-3.07952e-05
0.0409042
-2.80182e-05
0.040931
-2.65692e-05
0.0409576
-2.64893e-05
0.0409851
-2.73688e-05
0.0410145
-2.93322e-05
0.0410468
-3.23157e-05
0.0410838
-3.69071e-05
0.0411273
-4.34479e-05
0.0411804
-5.28931e-05
0.0412464
-6.58783e-05
0.0413304
-8.38215e-05
0.0414386
-0.0001079
0.0415792
-0.00014044
0.0417632
-0.000183776
0.0420053
-0.000241926
0.042325
-0.000319461
0.0427485
-0.000423431
0.0433111
-0.000562488
0.0440604
-0.00074913
0.0450599
-0.000999399
0.0463955
-0.0013355
0.048182
-0.0017863
0.0505724
-0.00239017
0.0537683
-0.00319573
0.0580317
-0.00426321
0.0636942
-0.00566225
0.0711603
-0.00746589
0.0808965
-0.009736
0.0933939
-0.012497
0.109092
-0.0156975
0.128227
-0.0191344
0.150679
-0.0224519
0.175595
-0.0249164
-0.0257812
0.201377
0.110826
-0.000174671
0.110775
-0.000339311
0.110828
-0.000336421
0.110919
-0.000294579
0.111023
-0.00025917
0.111129
-0.000226094
0.111231
-0.000193237
0.111324
-0.000163867
0.111408
-0.00014017
0.111483
-0.000122032
0.111551
-0.000108001
0.111612
-9.66769e-05
0.111669
-8.74889e-05
0.111722
-8.07165e-05
0.111773
-7.66444e-05
0.111822
-7.54448e-05
0.111872
-7.69703e-05
0.111924
-8.13423e-05
0.11198
-8.88702e-05
0.112044
-0.000100432
0.112118
-0.000117203
0.112206
-0.000140961
0.112315
-0.000173831
0.11245
-0.000218811
0.112622
-0.000279578
0.112843
-0.000361318
0.11313
-0.000470631
0.113506
-0.000616695
0.113998
-0.000811447
0.114646
-0.00107116
0.115501
-0.0014172
0.11663
-0.00187822
0.118123
-0.00249189
0.120095
-0.00330783
0.1227
-0.00439041
0.126132
-0.00582203
0.130642
-0.00770559
0.136544
-0.0101651
0.144224
-0.0133417
0.154141
-0.0173828
0.166821
-0.0224154
0.182831
-0.0285067
0.202719
-0.035585
0.226908
-0.0433225
0.255552
-0.0510965
0.287931
-0.0572956
-0.0605501
0.3227
0.174917
-9.13623e-05
0.174804
-0.0002262
0.174733
-0.000265906
0.1747
-0.000260876
0.17469
-0.000249629
0.1747
-0.000235506
0.174724
-0.000216905
0.174757
-0.000196413
0.174794
-0.000177353
0.174833
-0.00016145
0.174874
-0.000148524
0.174915
-0.000137594
0.174956
-0.000128325
0.174997
-0.000121241
0.175038
-0.00011725
0.175079
-0.000116873
0.175123
-0.0001204
0.17517
-0.000128087
0.175222
-0.0001406
0.17528
-0.000159178
0.175349
-0.000185737
0.175431
-0.000222893
0.175532
-0.000274137
0.175657
-0.00034393
0.175816
-0.000438247
0.17602
-0.000564811
0.176283
-0.000734077
0.176627
-0.000959769
0.177076
-0.00126035
0.177665
-0.00166016
0.17844
-0.00219162
0.179459
-0.00289737
0.180801
-0.00383353
0.182567
-0.00507323
0.184887
-0.0067111
0.187933
-0.00886781
0.191923
-0.0116945
0.197133
-0.0153754
0.203917
-0.0201256
0.212716
-0.0261821
0.224073
-0.0337723
0.238644
-0.0430776
0.257159
-0.0540991
0.280438
-0.0666017
0.309197
-0.0798539
0.343227
-0.0913259
-0.100059
0.382737
0.230964
-5.52027e-05
0.230887
-0.000148865
0.230816
-0.000195633
0.230763
-0.000207572
0.230723
-0.000208705
0.230693
-0.00020536
0.230673
-0.000197007
0.230662
-0.000185097
0.230657
-0.000172548
0.230657
-0.000161577
0.230661
-0.000152656
0.230669
-0.000145147
0.23068
-0.00013873
0.230692
-0.000134052
0.230708
-0.000132264
0.230725
-0.000134312
0.230746
-0.000140806
0.23077
-0.000152246
0.230799
-0.000169525
0.230834
-0.000194152
0.230877
-0.000228498
0.23093
-0.000275818
0.230997
-0.000340471
0.231081
-0.000428094
0.231189
-0.000546105
0.231329
-0.000704198
0.23151
-0.000915273
0.231747
-0.00119638
0.232057
-0.00157023
0.232464
-0.00206687
0.232999
-0.0027261
0.233702
-0.00360031
0.234627
-0.00475843
0.235844
-0.00629045
0.237447
-0.00831343
0.239557
-0.0109781
0.24234
-0.014477
0.246016
-0.0190518
0.25089
-0.0249995
0.257383
-0.0326749
0.26608
-0.0424698
0.2778
-0.0547978
0.293596
-0.0698956
0.314911
-0.0879149
0.343129
-0.108072
0.379493
-0.127689
-0.150634
0.430069
0.278981
-3.58151e-05
0.278933
-0.000100755
0.278879
-0.000142344
0.278832
-0.000160093
0.27879
-0.000166933
0.278754
-0.000168692
0.278723
-0.000165739
0.278697
-0.000159059
0.278675
-0.000151019
0.278658
-0.000143762
0.278643
-0.000137998
0.278631
-0.000133361
0.278622
-0.000129546
0.278615
-0.000127183
0.278611
-0.000127416
0.278608
-0.000131437
0.278608
-0.000140033
0.278609
-0.000153935
0.278614
-0.0001741
0.278622
-0.000202183
0.278634
-0.000240652
0.278652
-0.000293073
0.278675
-0.000364099
0.278707
-0.000459963
0.27875
-0.000588636
0.278807
-0.000760767
0.278882
-0.000990213
0.278981
-0.00129554
0.279112
-0.00170117
0.279285
-0.00223967
0.279513
-0.00295396
0.279814
-0.00390089
0.280211
-0.00515525
0.280736
-0.00681554
0.281434
-0.00901094
0.282367
-0.0119107
0.283625
-0.0157358
0.285348
-0.0207744
0.287749
-0.0274007
0.291174
-0.0361003
0.296195
-0.0474909
0.30376
-0.0623637
0.315437
-0.0815714
0.333675
-0.106153
0.361568
-0.135964
0.403334
-0.169453
-0.219167
0.471867
0.318988
-2.40588e-05
0.318957
-6.92645e-05
0.318917
-0.000102206
0.318876
-0.000119733
0.318838
-0.000128449
0.318802
-0.000132454
0.318769
-0.000132348
0.318739
-0.000128893
0.318712
-0.000123957
0.318687
-0.000119352
0.318665
-0.000115795
0.318645
-0.000113082
0.318627
-0.000111037
0.31861
-0.000110163
0.318594
-0.000111548
0.318579
-0.000116344
0.318565
-0.000125462
0.318551
-0.000139697
0.318537
-0.00016003
0.318522
-0.000188035
0.318508
-0.000226073
0.318493
-0.000277527
0.318475
-0.000346935
0.318456
-0.00044028
0.318433
-0.000565372
0.318405
-0.00073246
0.31837
-0.000955053
0.318325
-0.00125104
0.318268
-0.00164413
0.318195
-0.00216579
0.318099
-0.0028577
0.317973
-0.00377512
0.317809
-0.00499119
0.317596
-0.00660288
0.317324
-0.00873875
0.316984
-0.0115699
0.316573
-0.0153248
0.316109
-0.0203109
0.315654
-0.0269456
0.315357
-0.0358036
0.315559
-0.0476941
0.316974
-0.0637781
0.321205
-0.0858025
0.331377
-0.116324
0.354522
-0.159107
0.401316
-0.216247
-0.296645
0.478795
0.350992
-1.60514e-05
0.35097
-4.66941e-05
0.350938
-7.06804e-05
0.350903
-8.50644e-05
0.350868
-9.32282e-05
0.350834
-9.77001e-05
0.3508
-9.8888e-05
0.350769
-9.73548e-05
0.35074
-9.45278e-05
0.350712
-9.17833e-05
0.350686
-8.9722e-05
0.350661
-8.82497e-05
0.350638
-8.7288e-05
0.350615
-8.72415e-05
0.350592
-8.90062e-05
0.35057
-9.35629e-05
0.350546
-0.000101773
0.350521
-0.000114362
0.350493
-0.000132237
0.350462
-0.000156714
0.350426
-0.000189828
0.350383
-0.000234428
0.35033
-0.000294431
0.350265
-0.000374953
0.350183
-0.000482751
0.350077
-0.000626625
0.34994
-0.000818233
0.349762
-0.00107294
0.34953
-0.00141117
0.349224
-0.00186001
0.348822
-0.00245546
0.348292
-0.00324532
0.347594
-0.00429325
0.346676
-0.0056841
0.345469
-0.00753155
0.343887
-0.00998864
0.341826
-0.0132633
0.339156
-0.017641
0.33573
-0.0235201
0.331391
-0.0314652
0.326
-0.0423032
0.319477
-0.0572556
0.312009
-0.0783339
0.304299
-0.108614
0.300486
-0.155294
0.314574
-0.230334
-0.364585
0.382514
0.374994
-9.91559e-06
0.374976
-2.89918e-05
0.37495
-4.45563e-05
0.37492
-5.45524e-05
0.374887
-6.06779e-05
0.374854
-6.43438e-05
0.374821
-6.57013e-05
0.374789
-6.51385e-05
0.374758
-6.36442e-05
0.374728
-6.21512e-05
0.3747
-6.10663e-05
0.374672
-6.03652e-05
0.374645
-6.00186e-05
0.374618
-6.03192e-05
0.374591
-6.18815e-05
0.374563
-6.54177e-05
0.374533
-7.15707e-05
0.3745
-8.09151e-05
0.374462
-9.41289e-05
0.374417
-0.000112191
0.374364
-0.000136566
0.374299
-0.000169339
0.374218
-0.000213346
0.374115
-0.000272342
0.373984
-0.000351254
0.373814
-0.00045654
0.373593
-0.000596719
0.373303
-0.00078305
0.372922
-0.00103048
0.372421
-0.00135886
0.371761
-0.0017946
0.370888
-0.00237291
0.369736
-0.00314077
0.368213
-0.00416116
0.366201
-0.00551901
0.363542
-0.00732963
0.36003
-0.00975125
0.355392
-0.0130036
0.349268
-0.0173966
0.341176
-0.0233733
0.330454
-0.0315819
0.316161
-0.0429627
0.296789
-0.058962
0.269662
-0.0814869
0.228337
-0.113969
0.157925
-0.159924
-0.206661
0.390995
-4.76784e-06
0.39098
-1.39035e-05
0.390957
-2.15493e-05
0.390929
-2.66318e-05
0.390898
-2.98772e-05
0.390866
-3.19062e-05
0.390833
-3.27308e-05
0.390801
-3.25693e-05
0.390769
-3.19384e-05
0.390738
-3.12959e-05
0.390708
-3.08376e-05
0.390678
-3.05677e-05
0.390649
-3.04892e-05
0.390619
-3.07551e-05
0.390589
-3.16696e-05
0.390558
-3.35984e-05
0.390523
-3.68812e-05
0.390484
-4.18397e-05
0.390439
-4.88421e-05
0.390385
-5.84146e-05
0.39032
-7.13263e-05
0.390239
-8.86725e-05
0.390138
-0.000111942
0.390009
-0.000143113
0.389843
-0.00018478
0.389627
-0.000240357
0.389344
-0.000314336
0.388974
-0.000412668
0.388487
-0.000543238
0.387845
-0.000716546
0.386997
-0.000946557
0.385876
-0.00125192
0.384393
-0.00165757
0.382429
-0.00219707
0.379826
-0.00291577
0.376372
-0.00387559
0.371782
-0.00516185
0.365672
-0.0068936
0.357514
-0.00923917
0.34658
-0.0124389
0.331838
-0.0168412
0.311819
-0.0229433
0.284329
-0.0314734
0.246205
-0.0433622
0.192176
-0.059943
0.113742
-0.0814916
-0.0929194
0.398995
1.66315e-08
0.398981
-6.29149e-10
0.39896
1.84996e-08
0.398933
2.90066e-08
0.398903
4.40138e-08
0.398872
8.47336e-08
0.398839
1.26273e-07
0.398806
1.3177e-07
0.398774
1.11809e-07
0.398743
1.08319e-07
0.398712
1.38279e-07
0.398681
1.75981e-07
0.398651
1.90617e-07
0.39862
1.75751e-07
0.398588
1.50369e-07
0.398555
1.35562e-07
0.398518
1.38026e-07
0.398476
1.50609e-07
0.398427
1.60435e-07
0.398368
1.56715e-07
0.398297
1.3674e-07
0.398208
1.00627e-07
0.398096
5.60398e-08
0.397953
7.08007e-09
0.397769
-3.96402e-08
0.397528
-8.33278e-08
0.397214
-1.23359e-07
0.396802
-1.61564e-07
0.396259
-2.01127e-07
0.395543
-2.44944e-07
0.394597
-2.96196e-07
0.393345
-3.56627e-07
0.391688
-4.2687e-07
0.389492
-5.06543e-07
0.386577
-5.96535e-07
0.382702
-6.95625e-07
0.377541
-8.0997e-07
0.370648
-9.38825e-07
0.361409
-1.08607e-06
0.348971
-1.24061e-06
0.332131
-1.33752e-06
0.309189
-1.3658e-06
0.277716
-1.16705e-06
0.234354
-1.61687e-06
0.174412
-1.04582e-06
0.0929192
-1.78492e-06
-8.91292e-07
0.398995
4.7916e-06
0.398981
1.39067e-05
0.39896
2.15915e-05
0.398933
2.66955e-05
0.398903
2.9967e-05
0.398872
3.20694e-05
0.398839
3.29759e-05
0.398806
3.28303e-05
0.398774
3.21653e-05
0.398743
3.15173e-05
0.398712
3.11146e-05
0.398681
3.09128e-05
0.398651
3.08582e-05
0.39862
3.10958e-05
0.398588
3.19679e-05
0.398555
3.38753e-05
0.398518
3.71683e-05
0.398476
4.21498e-05
0.398427
4.91657e-05
0.398368
5.87236e-05
0.398297
7.15889e-05
0.398208
8.88628e-05
0.398096
0.000112045
0.397953
0.000143124
0.397769
0.000184705
0.397529
0.0002402
0.397214
0.000314104
0.396802
0.00041236
0.396259
0.000542853
0.395543
0.00071607
0.394597
0.000945978
0.393345
0.00125122
0.391688
0.00165673
0.389492
0.00219607
0.386577
0.0029146
0.382702
0.00387422
0.37754
0.00516026
0.370648
0.00689177
0.361409
0.00923705
0.348971
0.0124366
0.332131
0.0168386
0.309189
0.0229407
0.277715
0.0314706
0.234354
0.0433603
0.174411
0.0599392
0.0929184
0.081489
0.0929172
0.390995
9.94839e-06
0.39098
2.89908e-05
0.390957
4.45978e-05
0.390929
5.46141e-05
0.390898
6.07689e-05
0.390866
6.45058e-05
0.390833
6.59378e-05
0.390801
6.53909e-05
0.390769
6.38676e-05
0.390738
6.2372e-05
0.390708
6.13372e-05
0.390678
6.06946e-05
0.390649
6.03682e-05
0.390619
6.0651e-05
0.390589
6.21865e-05
0.390558
6.57126e-05
0.390523
7.1871e-05
0.390484
8.12247e-05
0.390439
9.44341e-05
0.390385
0.000112472
0.39032
0.000136801
0.390239
0.000169512
0.390138
0.000213448
0.390009
0.00027237
0.389843
0.000351206
0.389627
0.00045642
0.389344
0.000596523
0.388974
0.000782777
0.388487
0.00103012
0.387845
0.00135841
0.386997
0.00179405
0.385876
0.00237223
0.384393
0.00313995
0.382429
0.0041602
0.379825
0.00551789
0.376371
0.00732833
0.371782
0.00974974
0.365671
0.0130019
0.357514
0.0173946
0.346579
0.023371
0.331838
0.0315794
0.311818
0.0429601
0.284329
0.0589597
0.246204
0.0814839
0.192175
0.113967
0.113742
0.159921
0.206659
0.374994
1.60778e-05
0.374976
4.66959e-05
0.37495
7.07204e-05
0.37492
8.51281e-05
0.374887
9.3322e-05
0.374854
9.78537e-05
0.374821
9.91104e-05
0.374789
9.76076e-05
0.374758
9.47653e-05
0.374728
9.20176e-05
0.3747
8.99793e-05
0.374672
8.85375e-05
0.374645
8.75852e-05
0.374618
8.75433e-05
0.374591
8.93122e-05
0.374563
9.38823e-05
0.374533
0.000102092
0.3745
0.000114671
0.374462
0.000132514
0.374417
0.000156954
0.374364
0.00019002
0.374299
0.000234579
0.374218
0.000294533
0.374115
0.000375012
0.373984
0.000482751
0.373814
0.000626567
0.373593
0.000818099
0.373303
0.00107273
0.372922
0.00141086
0.372421
0.0018596
0.37176
0.00245494
0.370888
0.00324468
0.369736
0.00429249
0.368213
0.0056832
0.3662
0.0075305
0.363541
0.00998744
0.360029
0.0132619
0.355391
0.0176395
0.349267
0.0235184
0.341175
0.0314631
0.330453
0.0423009
0.31616
0.0572532
0.296788
0.0783315
0.269661
0.108611
0.228336
0.155292
0.157923
0.230332
0.364582
0.350992
2.40875e-05
0.350969
6.92624e-05
0.350938
0.000102241
0.350903
0.000119796
0.350868
0.000128542
0.350834
0.000132592
0.3508
0.000132547
0.350769
0.000129135
0.35074
0.000124211
0.350712
0.000119603
0.350686
0.000116043
0.350661
0.00011333
0.350638
0.000111294
0.350615
0.000110449
0.350592
0.000111868
0.35057
0.000116675
0.350546
0.000125775
0.350521
0.000139959
0.350493
0.000160244
0.350462
0.000188202
0.350426
0.00022622
0.350383
0.000277661
0.350331
0.000347065
0.350265
0.000440389
0.350183
0.000565448
0.350077
0.000732476
0.34994
0.000954996
0.349762
0.00125089
0.34953
0.00164388
0.349224
0.00216543
0.348822
0.00285723
0.348292
0.00377454
0.347594
0.0049905
0.346675
0.00660207
0.345468
0.00873783
0.343887
0.0115689
0.341825
0.0153237
0.339155
0.0203096
0.335729
0.0269441
0.33139
0.0358019
0.325999
0.0476922
0.319476
0.063776
0.312008
0.0858001
0.304297
0.116322
0.300485
0.159105
0.314572
0.216245
0.296643
0.382511
0.318988
3.58379e-05
0.318957
0.000100765
0.318917
0.000142384
0.318876
0.000160169
0.318838
0.000167036
0.318802
0.000168801
0.318769
0.000165883
0.318739
0.000159259
0.318712
0.000151262
0.318687
0.00014401
0.318665
0.000138225
0.318645
0.00013357
0.318627
0.000129796
0.31861
0.000127493
0.318594
0.000127781
0.318579
0.000131785
0.318565
0.000140315
0.318551
0.000154123
0.318537
0.000174217
0.318523
0.000202267
0.318508
0.000240751
0.318493
0.000293199
0.318476
0.000364268
0.318456
0.000460132
0.318433
0.000588796
0.318405
0.000760855
0.31837
0.00099023
0.318325
0.00129544
0.318268
0.00170097
0.318195
0.00223935
0.318098
0.00295355
0.317973
0.00390038
0.317809
0.00515467
0.317596
0.00681487
0.317324
0.00901019
0.316983
0.0119098
0.316572
0.0157348
0.316108
0.0207733
0.315653
0.0273996
0.315356
0.036099
0.315559
0.0474894
0.316973
0.0623619
0.321204
0.0815694
0.331376
0.10615
0.354519
0.135962
0.401313
0.169451
0.219165
0.478791
0.278981
5.52164e-05
0.278933
0.000148874
0.278879
0.000195675
0.278832
0.000207671
0.27879
0.000208832
0.278754
0.000205473
0.278723
0.000197125
0.278697
0.000185264
0.278675
0.000172766
0.278658
0.000161786
0.278643
0.000152816
0.278631
0.000145301
0.278622
0.000138961
0.278616
0.000134386
0.278611
0.00013264
0.278608
0.000134645
0.278608
0.000141024
0.27861
0.000152358
0.278614
0.000169564
0.278622
0.000194195
0.278635
0.00022858
0.278652
0.000275972
0.278676
0.00034067
0.278708
0.000428322
0.27875
0.000546302
0.278807
0.000704346
0.278882
0.000915325
0.278982
0.00119634
0.279113
0.00157008
0.279285
0.00206664
0.279513
0.00272577
0.279814
0.00359993
0.280211
0.00475797
0.280736
0.00628995
0.281433
0.00831286
0.282366
0.0109775
0.283624
0.0144764
0.285347
0.0190511
0.287748
0.0249988
0.291173
0.0326741
0.296194
0.0424688
0.303759
0.0547966
0.315436
0.069894
0.333673
0.0879137
0.361566
0.10807
0.403331
0.127687
0.150634
0.471863
0.230964
9.13793e-05
0.230887
0.000226211
0.230816
0.000265937
0.230763
0.000260971
0.230723
0.000249734
0.230693
0.000235601
0.230673
0.000217007
0.230662
0.000196581
0.230657
0.00017758
0.230657
0.000161636
0.230661
0.000148641
0.230669
0.000137727
0.23068
0.000128551
0.230693
0.000121571
0.230708
0.000117576
0.230726
0.000117114
0.230746
0.00012052
0.23077
0.000128108
0.230799
0.000140606
0.230834
0.000159216
0.230877
0.000185857
0.23093
0.000223085
0.230997
0.000274375
0.231081
0.000344182
0.231189
0.000438456
0.231329
0.000564969
0.23151
0.000734146
0.231747
0.000959764
0.232057
0.00126026
0.232464
0.00166001
0.232998
0.00219142
0.233701
0.00289712
0.234626
0.00383325
0.235843
0.00507292
0.237446
0.00671076
0.239556
0.00886746
0.242338
0.0116941
0.246015
0.0153751
0.250888
0.0201253
0.257381
0.0261819
0.266079
0.0337719
0.277799
0.043077
0.293595
0.0540982
0.31491
0.0666001
0.343128
0.0798527
0.379491
0.0913239
0.100057
0.430067
0.174917
0.000174694
0.174804
0.000339333
0.174733
0.00033649
0.1747
0.000294702
0.17469
0.000259277
0.1747
0.00022616
0.174724
0.000193305
0.174757
0.000163997
0.174794
0.000140336
0.174833
0.000122154
0.174874
0.000108103
0.174915
9.68231e-05
0.174956
8.77479e-05
0.174997
8.09944e-05
0.175038
7.68911e-05
0.17508
7.55553e-05
0.175123
7.70028e-05
0.17517
8.13091e-05
0.175222
8.88841e-05
0.17528
0.000100494
0.175349
0.000117374
0.175431
0.000141167
0.175532
0.000174105
0.175657
0.000219043
0.175816
0.000279818
0.17602
0.00036146
0.176284
0.000470756
0.176627
0.000616715
0.177076
0.000811454
0.177665
0.00107108
0.178439
0.00141713
0.179459
0.00187811
0.1808
0.00249179
0.182566
0.00330771
0.184886
0.00439031
0.187932
0.00582195
0.191921
0.00770555
0.197132
0.0101651
0.203916
0.0133419
0.212715
0.0173831
0.224072
0.0224156
0.238644
0.0285065
0.257158
0.0355846
0.280437
0.0433218
0.309196
0.0510946
0.343225
0.0572939
0.0605487
0.382734
0.110826
0.000348898
0.110775
0.000390558
0.110828
0.000283506
0.110919
0.000203377
0.111023
0.000155766
0.111129
0.000120326
0.111231
9.18239e-05
0.111324
7.09136e-05
0.111407
5.67455e-05
0.111483
4.72097e-05
0.11155
4.03838e-05
0.111612
3.51007e-05
0.111669
3.10161e-05
0.111722
2.81894e-05
0.111773
2.67096e-05
0.111822
2.64747e-05
0.111872
2.73446e-05
0.111924
2.92454e-05
0.11198
3.23336e-05
0.112044
3.69371e-05
0.112118
4.36079e-05
0.112206
5.30262e-05
0.112315
6.61034e-05
0.11245
8.39538e-05
0.112622
0.000108095
0.112843
0.000140502
0.11313
0.000183901
0.113505
0.00024192
0.113998
0.00031953
0.114645
0.000423384
0.1155
0.000562523
0.116629
0.00074908
0.118122
0.000999435
0.120094
0.00133548
0.122699
0.00178635
0.126131
0.0023902
0.130641
0.00319584
0.136543
0.0042634
0.144223
0.00566259
0.154141
0.00746634
0.166821
0.00973632
0.182831
0.0124972
0.20272
0.0156973
0.226908
0.019134
0.255551
0.0224518
0.287929
0.0249162
0.0257804
0.322697
0.0393489
0.0397395
0.040023
0.0402265
0.0403823
0.0405026
0.0405945
0.0406654
0.0407222
0.0407694
0.0408099
0.040845
0.0408761
0.0409043
0.040931
0.0409575
0.0409849
0.0410141
0.0410465
0.0410835
0.0411271
0.0411802
0.0412464
0.0413304
0.0414386
0.0415791
0.0417631
0.0420051
0.0423246
0.0427481
0.0433106
0.0440598
0.0450592
0.0463948
0.0481812
0.0505715
0.0537675
0.058031
0.0636938
0.0711603
0.080897
0.0933945
0.109092
0.128226
0.150678
0.175594
0.201375
0.225367
-0.0239897
0.24433
-0.0189617
0.256329
-0.0119977
0.261129
-0.00479902
0.259216
0.00191457
0.00770746
0.25151
0.35685
-0.0581383
0.386685
-0.0487956
0.410444
-0.035755
0.428054
-0.0224068
0.439941
-0.00997092
0.00120088
0.44645
0.422668
-0.0980674
0.457049
-0.083176
0.484379
-0.0630836
0.504746
-0.0427719
0.518586
-0.0238096
-0.0073463
0.527134
0.48176
-0.149757
0.521209
-0.122624
0.548156
-0.0900294
0.564281
-0.0588972
0.572092
-0.0316191
-0.0100517
0.574798
0.528316
-0.206205
0.552542
-0.146849
0.555749
-0.0932377
0.548448
-0.0515936
0.538303
-0.0214757
-0.00123254
0.529485
0.479585
-0.206994
0.434203
-0.101468
0.381721
-0.0407535
0.341302
-0.0111755
0.315766
0.0040611
0.0117035
0.302829
0.175519
0.0740521
0.0332983
0.0221232
0.0261838
0.037887
0.175518
0.206992
0.0740516
0.101466
0.0332978
0.0407536
0.0221223
0.0111746
0.0261838
-0.00406194
-0.011708
0.0378912
0.479579
0.206204
0.434196
0.14685
0.381711
0.0932375
0.341292
0.0515933
0.315756
0.0214742
0.00123055
0.302816
0.528311
0.149756
0.552536
0.122624
0.555743
0.0900305
0.548438
0.0588983
0.53829
0.031621
0.0100548
0.529466
0.481757
0.0980666
0.521205
0.0831759
0.54815
0.0630857
0.564273
0.0427749
0.572083
0.0238119
0.00734842
0.574788
0.422663
0.0581373
0.457044
0.0487965
0.484374
0.0357564
0.504742
0.0224085
0.518583
0.00997071
-0.00120129
0.527134
0.356847
0.0239897
0.386682
0.0189621
0.410443
0.0119986
0.428053
0.00479984
0.439941
-0.00191482
-0.00770755
0.446448
0.225366
0.244329
0.256329
0.261129
0.259215
0.251508
0.239356
0.0121545
0.224199
0.0151582
0.207277
0.0169231
0.189536
0.0177428
0.171681
0.0178555
0.154246
0.017437
0.137611
0.0166357
0.122036
0.0155769
0.107681
0.0143568
0.0946372
0.0130455
0.0829422
0.0116967
0.0725898
0.0103538
0.0635381
0.00905311
0.0557157
0.00782344
0.0490301
0.00668639
0.0433755
0.00565521
0.038641
0.00473487
0.0347186
0.00392255
0.0315086
0.00320999
0.0289226
0.00258575
0.0268842
0.00203813
0.0253273
0.00155658
0.0241941
0.0011328
0.0234335
0.000760262
0.0229991
0.000434089
0.0228487
0.00015007
0.0229434
-9.49614e-05
0.0232466
-0.000303457
0.0237241
-0.000477719
0.0243451
-0.000621235
0.0250838
-0.000738949
0.0259172
-0.000833717
0.0268229
-0.000905937
0.0277799
-0.000957252
0.0287705
-0.000990858
0.0297799
-0.00100962
0.030795
-0.00101541
0.0318047
-0.00100994
0.0327994
-0.000994917
0.0337712
-0.000972064
0.0347139
-0.000942896
0.0356227
-0.000908987
0.036494
-0.000871458
0.0373258
-0.000831863
0.0381173
-0.000791545
0.0388563
-0.000739024
-0.000769184
0.447898
0.0107073
0.444793
0.0182648
0.437663
0.0240541
0.426994
0.0284133
0.413276
0.0315742
0.397011
0.0337037
0.378687
0.034962
0.358775
0.0354909
0.337736
0.035398
0.31602
0.0347628
0.294068
0.0336508
0.2723
0.0321237
0.25111
0.0302445
0.230854
0.0280813
0.211833
0.0257083
0.194285
0.0232033
0.178376
0.0206442
0.164195
0.0181036
0.151761
0.0156441
0.141031
0.0133152
0.131917
0.0111521
0.124296
0.00917632
0.118031
0.00739745
0.112975
0.00581551
0.108985
0.00442369
0.105924
0.00321072
0.103665
0.00216306
0.102095
0.00126595
0.101113
0.000503558
0.100631
-0.000139863
0.100568
-0.000675727
0.100846
-0.00111242
0.101399
-0.00145954
0.102171
-0.00172959
0.103115
-0.00193506
0.104189
-0.00208483
0.105359
-0.00218579
0.106594
-0.00224456
0.107866
-0.0022677
0.109155
-0.0022613
0.110442
-0.00223067
0.111714
-0.00218102
0.112958
-0.00211616
0.11417
-0.00204361
0.115336
-0.00195764
0.116496
-0.00189921
-0.00173479
0.53195
0.00589308
0.534037
0.0161788
0.533758
0.024334
0.531187
0.0309844
0.526354
0.0364087
0.519273
0.0407864
0.509961
0.0442751
0.498472
0.046981
0.484917
0.0489543
0.469472
0.0502091
0.452381
0.050744
0.433948
0.0505569
0.414536
0.0496573
0.394542
0.0480765
0.374377
0.0458731
0.354448
0.0431329
0.335128
0.0399641
0.316742
0.0364892
0.299551
0.0328346
0.283744
0.029121
0.26944
0.025456
0.256687
0.0219282
0.245479
0.0186052
0.23576
0.0155333
0.227443
0.01274
0.220417
0.0102363
0.214558
0.00802124
0.209739
0.00608431
0.205833
0.00440918
0.202716
0.002976
0.200277
0.00176292
0.198417
0.000746985
0.197052
-9.52667e-05
0.196106
-0.000783171
0.195502
-0.0013322
0.195176
-0.00175922
0.195071
-0.00208067
0.195138
-0.00231252
0.19534
-0.00246943
0.195642
-0.00256387
0.196018
-0.00260659
0.196444
-0.00260782
0.196903
-0.00257513
0.197383
-0.00252355
0.197865
-0.00243958
0.198385
-0.00242003
-0.00213698
0.575134
0.00555784
0.5745
0.0168138
0.573214
0.0256217
0.571315
0.0328837
0.568768
0.0389573
0.565439
0.0441161
0.561153
0.0485621
0.555741
0.0523942
0.549061
0.0556345
0.541016
0.0582559
0.531559
0.0602017
0.520714
0.0614026
0.508575
0.0617968
0.495304
0.0613475
0.481122
0.060055
0.466294
0.0579612
0.451109
0.0551487
0.435864
0.0517335
0.420843
0.0478547
0.406302
0.043662
0.392453
0.0393039
0.379463
0.0349177
0.367446
0.0306216
0.356468
0.0265108
0.346551
0.0226563
0.337681
0.0191057
0.329815
0.0158859
0.322892
0.013007
0.316835
0.0104657
0.311562
0.00824901
0.306987
0.00633726
0.303027
0.00470675
0.299599
0.00333219
0.296628
0.0021869
0.294052
0.00124392
0.291814
0.000478189
0.289867
-0.000134226
0.288168
-0.000613948
0.286677
-0.000978791
0.285359
-0.00124595
0.284184
-0.00143128
0.283125
-0.00154957
0.282162
-0.00161245
0.281278
-0.00163878
0.280455
-0.00161708
0.279686
-0.00165089
-0.00141553
0.523937
0.0111059
0.521517
0.0192351
0.521114
0.0260256
0.522096
0.0319022
0.523909
0.0371439
0.526021
0.0420052
0.527996
0.0465865
0.529504
0.0508867
0.530284
0.0548553
0.530135
0.0584045
0.52892
0.061417
0.526558
0.0637647
0.523024
0.0653313
0.518342
0.0660295
0.512584
0.0658132
0.505861
0.0646838
0.498319
0.0626899
0.490129
0.0599229
0.481476
0.0565072
0.472549
0.0525888
0.463528
0.0483239
0.454579
0.0438662
0.445843
0.0393574
0.437433
0.0349204
0.429433
0.0306551
0.421901
0.0266372
0.414868
0.0229191
0.408342
0.0195324
0.402316
0.0164909
0.396771
0.0137943
0.391676
0.0114318
0.386997
0.00938515
0.382698
0.0076311
0.378741
0.00614363
0.375089
0.00489528
0.371708
0.003859
0.368564
0.00300897
0.36563
0.00232049
0.36288
0.00177064
0.360295
0.00133906
0.357856
0.0010076
0.355546
0.000759885
0.353351
0.000582155
0.351254
0.000458772
0.349249
0.000387318
0.347277
0.000321241
0.000375466
0.302676
0.0112588
0.311537
0.0103739
0.324627
0.0129357
0.339916
0.016613
0.355909
0.0211508
0.371723
0.0261917
0.386883
0.0314258
0.401089
0.0366807
0.414115
0.0418284
0.425804
0.0467163
0.436058
0.0511631
0.444835
0.0549871
0.452136
0.0580309
0.457989
0.0601758
0.462451
0.0613507
0.465597
0.061537
0.46752
0.0607669
0.468325
0.0591175
0.46813
0.0567016
0.467062
0.053657
0.465249
0.0501361
0.462822
0.0462931
0.459905
0.0422746
0.456613
0.0382121
0.45305
0.0342175
0.449307
0.03038
0.445459
0.0267668
0.441568
0.0234236
0.437681
0.0203776
0.433834
0.0176402
0.430055
0.0152106
0.426362
0.0130784
0.422766
0.0112266
0.419275
0.00963417
0.415893
0.00827726
0.41262
0.00713131
0.409457
0.00617207
0.406401
0.00537622
0.403449
0.00472182
0.400599
0.00418895
0.397847
0.00375974
0.395188
0.00341885
0.392618
0.00315194
0.390125
0.00295188
0.387716
0.00279578
0.38531
0.00272769
0.00256086
0.0671349
-0.0179894
0.0937852
-0.0162772
0.118789
-0.0120694
0.142301
-0.00689957
0.164759
-0.00130861
0.186538
0.00441186
0.207781
0.0101818
0.228453
0.0160079
0.248429
0.0218522
0.26756
0.0275859
0.285711
0.0330119
0.302773
0.0379245
0.318662
0.0421424
0.333313
0.0455232
0.346687
0.0479759
0.35876
0.0494637
0.369525
0.050002
0.378992
0.0496513
0.387188
0.0485056
0.394159
0.0466866
0.399963
0.0443323
0.404674
0.0415835
0.408373
0.0385758
0.411153
0.0354331
0.413107
0.032263
0.414334
0.0291541
0.414925
0.0261754
0.414972
0.0233772
0.414557
0.0207927
0.413757
0.0184405
0.41264
0.0163272
0.411268
0.0144503
0.409695
0.0128001
0.407967
0.0113624
0.406124
0.0101201
0.4042
0.00905443
0.402226
0.00814636
0.400225
0.00737727
0.398217
0.00672948
0.396219
0.0061868
0.394244
0.00573461
0.392302
0.00536105
0.3904
0.00505359
0.388538
0.00481399
0.38673
0.00460409
0.384912
0.00454528
0.00420245
0.00349428
-0.0214846
0.012855
-0.0256397
0.0220923
-0.0213089
0.0317777
-0.0165881
0.0424419
-0.011976
0.0543095
-0.00745863
0.0674971
-0.00300787
0.0819607
0.00154314
0.0975242
0.00628798
0.113955
0.0111546
0.131026
0.0159407
0.148496
0.020454
0.166126
0.0245119
0.183679
0.027969
0.200927
0.0307278
0.217655
0.0327363
0.233668
0.0339901
0.248796
0.0345244
0.262909
0.0343947
0.275911
0.0336866
0.287739
0.0325058
0.298366
0.0309582
0.307796
0.0291477
0.31606
0.0271707
0.323212
0.0251126
0.329322
0.0230446
0.334475
0.0210239
0.33876
0.0190935
0.342269
0.0172839
0.345096
0.0156141
0.34733
0.014094
0.349055
0.0127259
0.350348
0.0115067
0.351281
0.0104295
0.351917
0.00948436
0.352311
0.00866014
0.352513
0.00794493
0.352563
0.00732684
0.352498
0.00679441
0.352348
0.00633706
0.352137
0.00594516
0.351887
0.00561132
0.351614
0.0053266
0.351331
0.00509749
0.35105
0.00488462
0.350764
0.00483115
0.00443886
-0.00828943
-0.0131957
-0.0169609
-0.0169695
-0.0232371
-0.0150345
-0.027346
-0.0124815
-0.0293206
-0.0100036
-0.029159
-0.00762208
-0.0268994
-0.0052687
-0.0225229
-0.00283421
-0.0159917
-0.000243595
-0.0073269
0.00248931
0.00336994
0.00524385
0.0159306
0.00789343
0.0301
0.0103435
0.0455605
0.0125099
0.0619733
0.0143173
0.0789862
0.015726
0.0962525
0.0167269
0.11344
0.0173397
0.130264
0.0175745
0.146479
0.0174745
0.161892
0.0170966
0.17636
0.0164937
0.189789
0.015721
0.202132
0.0148313
0.213376
0.0138714
0.223542
0.0128811
0.232674
0.011893
0.240838
0.0109323
0.248106
0.0100174
0.25456
0.00916099
0.260284
0.00837052
0.265362
0.00764946
0.269871
0.00699815
0.273886
0.00641465
0.277475
0.00589538
0.2807
0.00543578
0.283614
0.00503072
0.286266
0.00467493
0.288698
0.00436316
0.290944
0.00409052
0.293037
0.00385244
0.295003
0.00364557
0.296864
0.00346533
0.298645
0.00331682
0.300354
0.00317553
0.30205
0.0031351
0.00287189
-0.0131717
-2.40387e-05
-0.0301082
-3.33936e-05
-0.0451096
-3.37087e-05
-0.0575651
-2.66439e-05
-0.0675533
-1.59545e-05
-0.07517
-5.61151e-06
-0.0804401
1.42693e-06
-0.0832802
6.00471e-06
-0.0835341
1.0498e-05
-0.0810604
1.60977e-05
-0.075838
2.21369e-05
-0.0679703
2.70879e-05
-0.0576549
3.01971e-05
-0.0451732
3.12728e-05
-0.0308828
3.06289e-05
-0.0151816
2.89875e-05
0.00152295
2.71747e-05
0.0188437
2.38163e-05
0.0364043
1.86785e-05
0.0538705
1.30074e-05
0.0709642
7.81504e-06
0.0874593
3.25563e-06
0.103185
-5.71586e-07
0.118024
-3.77992e-06
0.131906
-6.38243e-06
0.144799
-8.52112e-06
0.156705
-1.02389e-05
0.167651
-1.16582e-05
0.177683
-1.28175e-05
0.18686
-1.38051e-05
0.195246
-1.46453e-05
0.202912
-1.53941e-05
0.209927
-1.60629e-05
0.216359
-1.66826e-05
0.222272
-1.72552e-05
0.227726
-1.77966e-05
0.232775
-1.83044e-05
0.237469
-1.87865e-05
0.241852
-1.9239e-05
0.245962
-1.96662e-05
0.249835
-2.00662e-05
0.253501
-2.04541e-05
0.256987
-2.08037e-05
0.260325
-2.11769e-05
0.263522
-2.15476e-05
0.266679
-2.16823e-05
-2.26911e-05
-0.0131798
0.0131554
-0.0301282
0.0169136
-0.0451395
0.0149755
-0.0576038
0.0124351
-0.0675999
0.00997767
-0.0752238
0.00761602
-0.0804992
0.00527506
-0.0833413
0.00284698
-0.0835948
0.000263338
-0.081119
-0.00245973
-0.0758921
-0.00520442
-0.0680186
-0.00784529
-0.0576966
-0.0102903
-0.0452073
-0.0124561
-0.0309087
-0.0142658
-0.0151983
-0.0156788
0.00151763
-0.0166856
0.0188512
-0.0173061
0.0364236
-0.0175499
0.0538996
-0.017459
0.0710008
-0.0170892
0.0875013
-0.0164932
0.103231
-0.0157265
0.118073
-0.0148419
0.131956
-0.0138861
0.14485
-0.0128993
0.156756
-0.0119141
0.167702
-0.0109558
0.177734
-0.0100431
0.18691
-0.00918846
0.195296
-0.0083996
0.202962
-0.00768001
0.209977
-0.00703006
0.216408
-0.00644782
0.222321
-0.00592976
0.227775
-0.0054713
0.232824
-0.00506735
0.237518
-0.00471259
0.241901
-0.0044018
0.246011
-0.00413007
0.249884
-0.00389285
0.253551
-0.00368677
0.257037
-0.00350733
0.260376
-0.00335949
0.263573
-0.00321904
0.26673
-0.003179
-0.00291752
-0.00830675
0.0214614
-0.0170013
0.0256048
-0.023302
0.0212717
-0.0274311
0.0165589
-0.0294207
0.011962
-0.0292708
0.00746139
-0.0270194
0.00302021
-0.0226471
-0.00152773
-0.0161152
-0.00626941
-0.00744572
-0.0111294
0.00325919
-0.0159087
0.0158327
-0.0204182
0.0300192
-0.0244765
0.0454998
-0.0279365
0.0619337
-0.0306996
0.0789678
-0.0327125
0.0962542
-0.0339712
0.11346
-0.034511
0.130299
-0.034387
0.146526
-0.0336844
0.161948
-0.0325086
0.176422
-0.0309654
0.189856
-0.0291587
0.202201
-0.0271852
0.213447
-0.0251301
0.223614
-0.0230647
0.232748
-0.0210464
0.240911
-0.0191181
0.24818
-0.0173104
0.254635
-0.0156423
0.260359
-0.0141237
0.265437
-0.0127571
0.269947
-0.0115394
0.273962
-0.0104634
0.277552
-0.00951961
0.280778
-0.00869663
0.283693
-0.0079826
0.286346
-0.00736561
0.288779
-0.00683422
0.291027
-0.00637785
0.293121
-0.00598683
0.295088
-0.00565383
0.29695
-0.00536985
0.298732
-0.00514149
0.300442
-0.00492928
0.30214
-0.00487643
-0.00448517
0.0034824
0.0179778
0.0128227
0.0162614
0.0220394
0.0120511
0.0317073
0.00688644
0.0423583
0.0013068
0.054217
-0.00440058
0.0673976
-0.0101626
0.0818552
-0.0159864
0.0974156
-0.0218301
0.113849
-0.0275631
0.13093
-0.0329887
0.148414
-0.0379026
0.166061
-0.0421234
0.183631
-0.045508
0.200895
-0.0479642
0.217637
-0.049455
0.233662
-0.0499962
0.248799
-0.0496484
0.262918
-0.048506
0.275924
-0.0466904
0.287756
-0.0443393
0.298384
-0.0415936
0.307815
-0.0385888
0.316079
-0.0354487
0.32323
-0.032281
0.32934
-0.0291744
0.334492
-0.0261978
0.338776
-0.0234016
0.342285
-0.020819
0.345111
-0.0184685
0.347344
-0.0163569
0.349069
-0.0144815
0.350362
-0.0128329
0.351295
-0.0113967
0.351932
-0.0101558
0.352326
-0.00909146
0.352528
-0.00818465
0.352579
-0.00741675
0.352515
-0.00677005
0.352365
-0.00622838
0.352156
-0.00577709
0.351906
-0.00540434
0.351634
-0.0050976
0.351351
-0.00485867
0.351071
-0.00464931
0.350786
-0.00459117
-0.0042486
0.0671303
-0.0112628
0.0937695
-0.0103795
0.118758
-0.012939
0.142253
-0.0166103
0.164698
-0.0211398
0.186469
-0.0261732
0.207709
-0.0314033
0.22838
-0.036658
0.248358
-0.0418076
0.267493
-0.0466982
0.285652
-0.0511476
0.302724
-0.0549745
0.318622
-0.0580211
0.333281
-0.0601683
0.346662
-0.0613451
0.358739
-0.061533
0.369506
-0.0607644
0.378974
-0.0591168
0.38717
-0.0567028
0.39414
-0.0536605
0.399942
-0.0501419
0.404649
-0.0463012
0.408345
-0.0422849
0.411121
-0.0382246
0.413072
-0.0342321
0.414294
-0.0303967
0.414881
-0.0267854
0.414923
-0.0234441
0.414504
-0.0204
0.413699
-0.0176644
0.412579
-0.0152366
0.411203
-0.0131061
0.409626
-0.011256
0.407894
-0.00966521
0.406048
-0.00830989
0.404122
-0.00716544
0.402144
-0.00620761
0.400141
-0.00541307
0.39813
-0.00475988
0.39613
-0.0042281
0.394152
-0.00379985
0.392208
-0.00345982
0.390304
-0.00319366
0.388439
-0.00299422
0.386628
-0.00283862
0.384808
-0.00277113
-0.00260423
0.302658
-0.0111051
0.311509
-0.0192312
0.324587
-0.0260183
0.339867
-0.0318909
0.355855
-0.0371281
0.371667
-0.0419855
0.386829
-0.0465653
0.401038
-0.0508668
0.41407
-0.0548386
0.425763
-0.0583914
0.436023
-0.061407
0.444806
-0.0637571
0.452111
-0.0653254
0.457967
-0.0660247
0.462431
-0.0658092
0.465577
-0.0646803
0.4675
-0.0626872
0.468303
-0.0599211
0.468106
-0.0565064
0.467034
-0.0525895
0.465218
-0.048326
0.462786
-0.0438698
0.459863
-0.0393627
0.456565
-0.0349272
0.452996
-0.0306635
0.449246
-0.0266472
0.44539
-0.0229308
0.441491
-0.0195456
0.437597
-0.0165058
0.433743
-0.0138109
0.429956
-0.0114502
0.426255
-0.00940533
0.422652
-0.00765305
0.419153
-0.00616732
0.415764
-0.0049207
0.412484
-0.00388603
0.409314
-0.00303755
0.406251
-0.00235052
0.403293
-0.00180202
0.400436
-0.00137164
0.397677
-0.00104126
0.395012
-0.000794475
0.392435
-0.000617514
0.389936
-0.000494834
0.387521
-0.000423863
0.385108
-0.000358278
-0.000412657
0.523913
-0.00555318
0.521489
-0.0168078
0.521084
-0.0256138
0.522066
-0.0328722
0.523879
-0.0389419
0.525993
-0.0440984
0.527972
-0.0485441
0.529484
-0.0523782
0.530267
-0.0556215
0.530123
-0.058246
0.52891
-0.0601943
0.526551
-0.0613968
0.523018
-0.0617921
0.518336
-0.0613435
0.512578
-0.0600513
0.505855
-0.0579578
0.498313
-0.0551455
0.490121
-0.0517307
0.481467
-0.0478524
0.472537
-0.0436604
0.463513
-0.039303
0.45456
-0.0349176
0.445819
-0.0306224
0.437403
-0.0265125
0.429398
-0.0226589
0.421859
-0.0191093
0.414818
-0.0158905
0.408285
-0.0130128
0.402251
-0.0104727
0.396697
-0.00825741
0.391594
-0.00634713
0.386906
-0.00471818
0.382598
-0.00334521
0.378631
-0.00220157
0.374971
-0.00126023
0.37158
-0.000496175
0.368428
0.000114623
0.365484
0.000592878
0.362725
0.000956414
0.360131
0.0012224
0.357683
0.00140667
0.355364
0.00152407
0.35316
0.00158612
0.351053
0.00161186
0.34904
0.00158958
0.347058
0.00162307
0.00138717
0.575125
-0.00589021
0.574492
-0.0161744
0.573205
-0.0243268
0.571306
-0.0309735
0.56876
-0.0363952
0.565434
-0.0407722
0.561152
-0.0442617
0.555744
-0.0469694
0.549068
-0.0489448
0.541025
-0.0502016
0.53157
-0.0507381
0.520726
-0.0505522
0.508587
-0.0496535
0.495317
-0.0480734
0.481136
-0.0458703
0.466309
-0.0431303
0.451124
-0.0399616
0.43588
-0.0364868
0.420859
-0.0328324
0.406317
-0.029119
0.392468
-0.0254542
0.379476
-0.0219266
0.367457
-0.0186039
0.356476
-0.0155323
0.346555
-0.0127392
0.337681
-0.0102359
0.329811
-0.00802133
0.322883
-0.00608499
0.31682
-0.0044106
0.311541
-0.00297829
0.306959
-0.00176623
0.302992
-0.000751432
0.299557
8.95572e-05
0.296579
0.000776183
0.293994
0.00132394
0.291748
0.00174975
0.289792
0.00207003
0.288084
0.0023007
0.286583
0.00245649
0.285256
0.00254988
0.28407
0.00259168
0.283002
0.00259205
0.282029
0.00255868
0.281135
0.00250648
0.280302
0.00242204
0.279523
0.00240229
0.00211838
0.53195
-0.0107057
0.534035
-0.0182599
0.533755
-0.0240461
0.531185
-0.0284034
0.526355
-0.0315643
0.519278
-0.0336949
0.509972
-0.0349546
0.498489
-0.0354846
0.484938
-0.0353925
0.469496
-0.0347581
0.452406
-0.033647
0.433975
-0.0321207
0.414565
-0.0302423
0.394572
-0.0280797
0.374409
-0.0257071
0.354481
-0.0232023
0.335163
-0.0206433
0.316778
-0.0181027
0.299589
-0.0156431
0.283783
-0.0133142
0.269479
-0.011151
0.256727
-0.00917522
0.245519
-0.00739624
0.2358
-0.00581428
0.227482
-0.00442237
0.220455
-0.00320946
0.214595
-0.00216184
0.209774
-0.00126491
0.205866
-0.000502745
0.202747
0.000140261
0.200304
0.000675656
0.198441
0.00111177
0.197072
0.0014583
0.19612
0.00172762
0.195511
0.00193234
0.195179
0.00208129
0.195067
0.00218151
0.195128
0.00223951
0.195322
0.00226196
0.195617
0.00225487
0.195985
0.00222363
0.196403
0.00217344
0.196853
0.00210812
0.197324
0.00203523
0.197798
0.00194891
0.198309
0.0018905
0.00172492
0.447896
-0.012153
0.444791
-0.0151542
0.437662
-0.0169177
0.426997
-0.0177374
0.413285
-0.0178516
0.397026
-0.0174348
0.378707
-0.0166343
0.3588
-0.0155758
0.337764
-0.0143555
0.316051
-0.013044
0.294101
-0.0116953
0.272334
-0.0103528
0.251145
-0.0090525
0.230889
-0.00782324
0.211869
-0.00668639
0.194322
-0.00565531
0.178414
-0.00473494
0.164233
-0.00392263
0.1518
-0.00321
0.141071
-0.00258572
0.131957
-0.002038
0.124337
-0.00155639
0.118072
-0.00113247
0.113017
-0.000759831
0.109028
-0.000433517
0.105967
-0.00014942
0.103709
9.56959e-05
0.102139
0.000304199
0.101157
0.000478458
0.100675
0.000621865
0.100611
0.000739411
0.100888
0.000833958
0.10144
0.000905972
0.10221
0.000957029
0.103152
0.000990364
0.104224
0.00100882
0.105391
0.00101433
0.106622
0.00100859
0.10789
0.000993322
0.109174
0.00097023
0.110457
0.000940868
0.111723
0.000906786
0.112962
0.000869097
0.114168
0.000829434
0.115328
0.000789009
0.116481
0.00073672
0.000765183
0.239355
0.224201
0.207284
0.189546
0.171695
0.154261
0.137627
0.122052
0.107697
0.0946531
0.0829582
0.0726057
0.0635535
0.0557305
0.0490442
0.0433889
0.0386539
0.0347312
0.031521
0.0289351
0.0268969
0.0253403
0.0242076
0.0234476
0.0230139
0.0228644
0.0229599
0.023264
0.0237424
0.0243641
0.0251035
0.0259373
0.0268432
0.0278002
0.0287904
0.0297992
0.0308134
0.0318219
0.0328152
0.0337854
0.0347262
0.0356329
0.036502
0.0373315
0.0381205
0.0388572
)
;

boundaryField
{
    inlet
    {
        type            calculated;
        value           nonuniform List<scalar> 
20
(
-0.039
-0.111
-0.175
-0.231
-0.279
-0.319
-0.351
-0.375
-0.391
-0.399
-0.399
-0.391
-0.375
-0.351
-0.319
-0.279
-0.231
-0.175
-0.111
-0.039
)
;
    }
    outlet
    {
        type            calculated;
        value           nonuniform List<scalar> 
20
(
0.0396254
0.117462
0.198788
0.278964
0.345486
0.383124
0.383271
0.350528
0.303617
0.269574
0.269625
0.303708
0.350549
0.383164
0.382917
0.345259
0.278792
0.198703
0.117441
0.0396224
)
;
    }
    upperWall
    {
        type            calculated;
        value           uniform 0;
    }
    lowerWall
    {
        type            calculated;
        value           uniform 0;
    }
    frontAndBack
    {
        type            empty;
    }
}


// ************************************************************************* //
