/*--------------------------------*- C++ -*----------------------------------*\
| =========                 |                                                 |
| \\      /  F ield         | OpenFOAM: The Open Source CFD Toolbox           |
|  \\    /   O peration     | Version:  2406                                  |
|   \\  /    A nd           | Website:  www.openfoam.com                      |
|    \\/     M anipulation  |                                                 |
\*---------------------------------------------------------------------------*/
FoamFile
{
    version     2.0;
    format      ascii;
    arch        "LSB;label=32;scalar=64";
    class       volVectorField;
    location    "46";
    object      U;
}
// * * * * * * * * * * * * * * * * * * * * * * * * * * * * * * * * * * * * * //

dimensions      [0 1 -1 0 0 0 0];

internalField   nonuniform List<vector> 
1964
(
(0.390121 -0.0020126 0)
(0.39512 -0.0022867 0)
(0.399044 -0.00135908 0)
(0.40142 -0.00075842 0)
(0.403108 -0.00049594 0)
(0.404465 -0.00033849 0)
(0.405528 -0.000219141 0)
(0.406335 -0.000145697 0)
(0.406963 -0.000111799 0)
(0.407475 -9.36431e-05 0)
(0.40791 -7.37673e-05 0)
(0.408285 -5.35804e-05 0)
(0.408613 -4.29248e-05 0)
(0.408906 -4.75798e-05 0)
(0.409178 -6.21115e-05 0)
(0.409442 -7.76901e-05 0)
(0.40971 -8.64562e-05 0)
(0.409993 -8.8819e-05 0)
(0.410299 -8.89509e-05 0)
(0.410642 -9.529e-05 0)
(0.41104 -0.000113586 0)
(0.411516 -0.000149166 0)
(0.412102 -0.000203043 0)
(0.412842 -0.000277564 0)
(0.413787 -0.000373559 0)
(0.415012 -0.000496951 0)
(0.416609 -0.000654758 0)
(0.418705 -0.00086176 0)
(0.421468 -0.00113572 0)
(0.425122 -0.00150434 0)
(0.42997 -0.0020016 0)
(0.43642 -0.00267594 0)
(0.445016 -0.00358979 0)
(0.456497 -0.00482921 0)
(0.471849 -0.00650812 0)
(0.492396 -0.00877846 0)
(0.519893 -0.0118371 0)
(0.556644 -0.0159292 0)
(0.605608 -0.0213422 0)
(0.67047 -0.0283773 0)
(0.755619 -0.0372804 0)
(0.865898 -0.0481139 0)
(1.0061 -0.0605637 0)
(1.17974 -0.0735285 0)
(1.38783 -0.0850474 0)
(1.62588 -0.0912695 0)
(1.88225 -0.0883346 0)
(1.10681 -0.00249937 0)
(1.10694 -0.00443958 0)
(1.1081 -0.00408842 0)
(1.10884 -0.00325425 0)
(1.10966 -0.00260368 0)
(1.11072 -0.00209513 0)
(1.11181 -0.00166545 0)
(1.1128 -0.00131998 0)
(1.11368 -0.00106432 0)
(1.11447 -0.000885265 0)
(1.11518 -0.000757355 0)
(1.11583 -0.000659728 0)
(1.11642 -0.000583203 0)
(1.11697 -0.000529986 0)
(1.11748 -0.000500843 0)
(1.11797 -0.000495429 0)
(1.11846 -0.000509017 0)
(1.11897 -0.000541405 0)
(1.11951 -0.000594068 0)
(1.12011 -0.000675224 0)
(1.12078 -0.000793942 0)
(1.12158 -0.000964669 0)
(1.12255 -0.00120152 0)
(1.12375 -0.00152632 0)
(1.12526 -0.00196296 0)
(1.1272 -0.00254911 0)
(1.12969 -0.00333009 0)
(1.13295 -0.00437358 0)
(1.13721 -0.00576457 0)
(1.14281 -0.00762336 0)
(1.15019 -0.0101046 0)
(1.15994 -0.0134204 0)
(1.17282 -0.0178466 0)
(1.18985 -0.0237531 0)
(1.21235 -0.0316184 0)
(1.24205 -0.0420629 0)
(1.28117 -0.0558607 0)
(1.3325 -0.0739493 0)
(1.39954 -0.0973895 0)
(1.48653 -0.127266 0)
(1.59844 -0.164469 0)
(1.74074 -0.209328 0)
(1.91921 -0.261069 0)
(2.13859 -0.316787 0)
(2.40257 -0.371421 0)
(2.70861 -0.41358 0)
(3.04721 -0.431549 0)
(1.74773 -0.00127253 0)
(1.74772 -0.00270777 0)
(1.7479 -0.00299453 0)
(1.74733 -0.00284646 0)
(1.74687 -0.00266493 0)
(1.74685 -0.00246195 0)
(1.74708 -0.00221964 0)
(1.7474 -0.00196722 0)
(1.74775 -0.00173908 0)
(1.74812 -0.00155207 0)
(1.74853 -0.00140158 0)
(1.74895 -0.00127417 0)
(1.74936 -0.0011642 0)
(1.74977 -0.00107805 0)
(1.75017 -0.00102533 0)
(1.75058 -0.00101146 0)
(1.751 -0.0010357 0)
(1.75145 -0.00109709 0)
(1.75194 -0.00119751 0)
(1.75249 -0.00134673 0)
(1.75312 -0.00156083 0)
(1.75387 -0.00186422 0)
(1.75477 -0.00228728 0)
(1.75588 -0.00286967 0)
(1.75727 -0.00366082 0)
(1.75905 -0.00472638 0)
(1.76135 -0.00615208 0)
(1.76433 -0.00805393 0)
(1.76823 -0.0105859 0)
(1.77333 -0.0139554 0)
(1.78002 -0.0184368 0)
(1.78884 -0.0243952 0)
(1.80044 -0.0323103 0)
(1.81571 -0.0428102 0)
(1.83581 -0.0567074 0)
(1.86222 -0.0750384 0)
(1.89687 -0.0990965 0)
(1.94222 -0.130444 0)
(2.0014 -0.170873 0)
(2.07837 -0.222279 0)
(2.17801 -0.286337 0)
(2.30626 -0.364041 0)
(2.47026 -0.4546 0)
(2.67697 -0.554363 0)
(2.93659 -0.656067 0)
(3.24835 -0.739965 0)
(3.61578 -0.791981 0)
(2.30825 -0.000691557 0)
(2.30845 -0.00174151 0)
(2.30874 -0.00221803 0)
(2.30812 -0.00232144 0)
(2.30739 -0.00231094 0)
(2.30699 -0.00224567 0)
(2.30679 -0.00212591 0)
(2.30667 -0.00197323 0)
(2.30658 -0.00181999 0)
(2.30655 -0.00168823 0)
(2.30657 -0.00158144 0)
(2.30664 -0.00148978 0)
(2.30675 -0.00140862 0)
(2.30687 -0.00134354 0)
(2.307 -0.00130851 0)
(2.30715 -0.00131326 0)
(2.30734 -0.00136457 0)
(2.30756 -0.00146434 0)
(2.30783 -0.00161945 0)
(2.30815 -0.00184069 0)
(2.30854 -0.00215034 0)
(2.30901 -0.00257726 0)
(2.3096 -0.0031644 0)
(2.31034 -0.0039633 0)
(2.31128 -0.00504539 0)
(2.3125 -0.00649862 0)
(2.31407 -0.0084442 0)
(2.31612 -0.011037 0)
(2.31881 -0.0144889 0)
(2.32233 -0.0190749 0)
(2.32695 -0.025166 0)
(2.33303 -0.0332458 0)
(2.34103 -0.0439555 0)
(2.35155 -0.0581272 0)
(2.36541 -0.0768447 0)
(2.38367 -0.101492 0)
(2.40775 -0.133823 0)
(2.43955 -0.176002 0)
(2.48165 -0.230623 0)
(2.53762 -0.300653 0)
(2.61233 -0.389122 0)
(2.71271 -0.498783 0)
(2.84782 -0.63012 0)
(3.02936 -0.781136 0)
(3.2757 -0.940731 0)
(3.58748 -1.079 0)
(4.01578 -1.18994 0)
(2.78853 -0.000437429 0)
(2.78882 -0.0011902 0)
(2.78925 -0.00164006 0)
(2.78879 -0.00181442 0)
(2.78811 -0.0018697 0)
(2.78765 -0.00186884 0)
(2.78736 -0.00181801 0)
(2.7871 -0.0017313 0)
(2.78686 -0.00163434 0)
(2.78664 -0.00154898 0)
(2.78647 -0.00148086 0)
(2.78636 -0.00142462 0)
(2.78628 -0.00137537 0)
(2.7862 -0.00133959 0)
(2.78614 -0.00132974 0)
(2.78609 -0.00135957 0)
(2.78606 -0.00143739 0)
(2.78606 -0.00157042 0)
(2.7861 -0.00176625 0)
(2.78617 -0.00204004 0)
(2.78628 -0.00241417 0)
(2.78642 -0.00292373 0)
(2.78662 -0.00361405 0)
(2.78689 -0.00454771 0)
(2.78725 -0.00580337 0)
(2.78774 -0.00748702 0)
(2.78838 -0.0097347 0)
(2.78923 -0.0127295 0)
(2.79036 -0.0167105 0)
(2.79185 -0.0219979 0)
(2.79381 -0.0290121 0)
(2.7964 -0.0383116 0)
(2.79982 -0.0506283 0)
(2.80434 -0.0669254 0)
(2.81034 -0.0884587 0)
(2.81834 -0.116863 0)
(2.8291 -0.154249 0)
(2.84373 -0.203322 0)
(2.86394 -0.267514 0)
(2.89249 -0.351115 0)
(2.93361 -0.459279 0)
(2.99505 -0.598146 0)
(3.08693 -0.773028 0)
(3.23258 -0.989524 0)
(3.44989 -1.23929 0)
(3.78214 -1.48995 0)
(4.3194 -1.77204 0)
(3.1887 -0.000292751 0)
(3.18902 -0.000822156 0)
(3.18953 -0.00118905 0)
(3.1892 -0.00137306 0)
(3.18859 -0.00146007 0)
(3.18814 -0.00149625 0)
(3.18783 -0.00148764 0)
(3.18755 -0.00144312 0)
(3.18726 -0.00138331 0)
(3.18697 -0.00132791 0)
(3.18673 -0.00128439 0)
(3.18653 -0.00125006 0)
(3.18637 -0.00122203 0)
(3.1862 -0.00120567 0)
(3.18603 -0.00121256 0)
(3.18586 -0.00125603 0)
(3.1857 -0.00134603 0)
(3.18555 -0.00149131 0)
(3.18542 -0.0017013 0)
(3.18529 -0.00199159 0)
(3.18516 -0.00238534 0)
(3.18501 -0.00291723 0)
(3.18485 -0.00363358 0)
(3.18467 -0.00459724 0)
(3.18445 -0.00588916 0)
(3.18419 -0.00761704 0)
(3.18387 -0.00992089 0)
(3.18347 -0.0129873 0)
(3.18297 -0.0170615 0)
(3.18232 -0.02247 0)
(3.18148 -0.0296436 0)
(3.18038 -0.0391539 0)
(3.17894 -0.0517546 0)
(3.17707 -0.0684432 0)
(3.17467 -0.090535 0)
(3.17163 -0.119769 0)
(3.1679 -0.158443 0)
(3.16356 -0.209609 0)
(3.15896 -0.277334 0)
(3.15518 -0.367083 0)
(3.15432 -0.486265 0)
(3.16239 -0.645107 0)
(3.18647 -0.857474 0)
(3.26171 -1.14317 0)
(3.38681 -1.52441 0)
(3.76377 -2.00323 0)
(4.26835 -2.75556 0)
(3.50881 -0.000197655 0)
(3.50914 -0.000564782 0)
(3.50968 -0.000843747 0)
(3.50943 -0.00100659 0)
(3.50888 -0.00109821 0)
(3.50846 -0.00114714 0)
(3.50816 -0.0011569 0)
(3.50787 -0.00113401 0)
(3.50755 -0.00109589 0)
(3.50724 -0.00105957 0)
(3.50695 -0.00103271 0)
(3.50672 -0.00101373 0)
(3.5065 -0.00100097 0)
(3.50629 -0.00099789 0)
(3.50606 -0.00101434 0)
(3.50582 -0.00106126 0)
(3.50557 -0.00114896 0)
(3.50532 -0.00128577 0)
(3.50506 -0.00148207 0)
(3.50477 -0.00175187 0)
(3.50445 -0.00211729 0)
(3.50407 -0.0026088 0)
(3.5036 -0.00326948 0)
(3.50302 -0.00415523 0)
(3.50228 -0.00534117 0)
(3.50135 -0.00692432 0)
(3.50014 -0.0090341 0)
(3.49859 -0.0118398 0)
(3.49656 -0.0155673 0)
(3.49391 -0.0205141 0)
(3.49042 -0.0270767 0)
(3.48583 -0.0357796 0)
(3.47978 -0.0473205 0)
(3.47182 -0.0626258 0)
(3.46135 -0.0829325 0)
(3.44761 -0.109896 0)
(3.42968 -0.14575 0)
(3.40639 -0.193533 0)
(3.37641 -0.257438 0)
(3.33831 -0.343342 0)
(3.2905 -0.459736 0)
(3.23303 -0.619037 0)
(3.16355 -0.841132 0)
(3.10258 -1.15597 0)
(3.01997 -1.62327 0)
(3.22965 -2.32031 0)
(3.08367 -3.57692 0)
(3.74888 -0.000128397 0)
(3.74921 -0.000370428 0)
(3.74976 -0.000564308 0)
(3.74957 -0.000686984 0)
(3.74906 -0.000762191 0)
(3.74866 -0.000806765 0)
(3.74837 -0.000821615 0)
(3.74808 -0.00081147 0)
(3.74775 -0.000789658 0)
(3.74741 -0.000769114 0)
(3.7471 -0.000755382 0)
(3.74683 -0.000747617 0)
(3.74659 -0.000744328 0)
(3.74635 -0.000748102 0)
(3.74608 -0.000765899 0)
(3.74578 -0.000806516 0)
(3.74547 -0.000878273 0)
(3.74514 -0.000988847 0)
(3.74479 -0.00114689 0)
(3.74439 -0.00136436 0)
(3.74392 -0.00165863 0)
(3.74335 -0.00205441 0)
(3.74263 -0.00258543 0)
(3.74173 -0.00329672 0)
(3.74057 -0.00424762 0)
(3.73908 -0.00551622 0)
(3.73714 -0.00720548 0)
(3.73462 -0.00945153 0)
(3.73132 -0.0124347 0)
(3.72697 -0.0163942 0)
(3.72125 -0.021648 0)
(3.71371 -0.0286189 0)
(3.70374 -0.0378705 0)
(3.69058 -0.0501567 0)
(3.67318 -0.0664904 0)
(3.6502 -0.0882419 0)
(3.61985 -0.117283 0)
(3.5798 -0.1562 0)
(3.52697 -0.208626 0)
(3.45732 -0.279734 0)
(3.36532 -0.377119 0)
(3.24392 -0.511908 0)
(3.08079 -0.701945 0)
(2.86432 -0.972756 0)
(2.53872 -1.37902 0)
(2.14502 -2.01736 0)
(0.786722 -2.80304 0)
(3.90892 -7.27486e-05 0)
(3.90924 -0.000210574 0)
(3.9098 -0.000324563 0)
(3.90964 -0.000399549 0)
(3.90916 -0.000447469 0)
(3.90877 -0.000478088 0)
(3.90849 -0.000490855 0)
(3.9082 -0.00048822 0)
(3.90787 -0.00047825 0)
(3.90752 -0.000468566 0)
(3.90719 -0.000462353 0)
(3.9069 -0.000459281 0)
(3.90664 -0.000458731 0)
(3.90638 -0.000462481 0)
(3.90608 -0.0004749 0)
(3.90575 -0.000501626 0)
(3.9054 -0.000548148 0)
(3.90502 -0.000619714 0)
(3.9046 -0.000722128 0)
(3.90412 -0.000863247 0)
(3.90355 -0.00105424 0)
(3.90284 -0.00131095 0)
(3.90195 -0.00165496 0)
(3.90081 -0.00211517 0)
(3.89935 -0.0027297 0)
(3.89746 -0.00354891 0)
(3.895 -0.00463916 0)
(3.89178 -0.00608834 0)
(3.88756 -0.00801289 0)
(3.882 -0.0105675 0)
(3.87466 -0.0139579 0)
(3.86498 -0.0184582 0)
(3.85216 -0.0244349 0)
(3.8352 -0.0323795 0)
(3.81274 -0.0429562 0)
(3.78295 -0.0570684 0)
(3.74342 -0.0759586 0)
(3.69086 -0.101355 0)
(3.62086 -0.135699 0)
(3.52735 -0.182472 0)
(3.40186 -0.246739 0)
(3.23273 -0.33577 0)
(3.00242 -0.460397 0)
(2.68855 -0.634397 0)
(2.24725 -0.879314 0)
(1.65869 -1.19659 0)
(0.615059 -1.44234 0)
(3.98894 -2.35633e-05 0)
(3.98926 -6.83637e-05 0)
(3.98982 -0.000106011 0)
(3.98968 -0.00013119 0)
(3.98921 -0.000147398 0)
(3.98883 -0.000157981 0)
(3.98855 -0.000162656 0)
(3.98826 -0.000162312 0)
(3.98792 -0.000159561 0)
(3.98757 -0.000156645 3.46427e-34)
(3.98723 -0.000154523 0)
(3.98694 -0.000153297 0)
(3.98667 -0.000153069 0)
(3.98639 -0.00015455 0)
(3.98608 -0.000159149 0)
(3.98573 -0.000168654 3.42461e-34)
(3.98536 -0.000184907 0)
(3.98495 -0.000209757 0)
(3.9845 -0.000245302 0)
(3.98398 -0.000294322 0)
(3.98335 -0.000360715 0)
(3.98257 -0.000449922 0)
(3.98159 -0.000569341 0)
(3.98033 -0.00072888 -3.37681e-34)
(3.97871 -0.000941656 0)
(3.97662 -0.00122501 0)
(3.97388 -0.00160185 0)
(3.9703 -0.00210253 0)
(3.96559 -0.0027673 0)
(3.95939 -0.0036497 0)
(3.95121 -0.0048209 0)
(3.9404 -0.00637589 0)
(3.92609 -0.00844169 0)
(3.90713 -0.0111892 0)
(3.88199 -0.0148494 0)
(3.84861 -0.0197378 0)
(3.8042 -0.026289 0)
(3.745 -0.0351096 0)
(3.66585 -0.0470554 0)
(3.55965 -0.0633463 0)
(3.41648 -0.0857348 0)
(3.22263 -0.116701 -5.16652e-34)
(2.95836 -0.15976 0)
(2.59876 -0.219236 0)
(2.10354 -0.300444 0)
(1.46376 -0.403191 0)
(0.481957 -0.455586 0)
(3.98894 2.38469e-05 0)
(3.98926 6.83757e-05 0)
(3.98982 0.000106416 0)
(3.98968 0.000131826 0)
(3.98921 0.000148307 0)
(3.98883 0.00015964 0)
(3.98855 0.000165101 0)
(3.98826 0.000164862 0)
(3.98792 0.000161748 0)
(3.98757 0.000158829 -3.46427e-34)
(3.98723 0.000157375 0)
(3.98694 0.000156973 0)
(3.98667 0.000157076 0)
(3.98639 0.000158234 0)
(3.98608 0.000162223 0)
(3.98573 0.000171286 -3.42461e-34)
(3.98536 0.000187487 0)
(3.98495 0.000212583 0)
(3.9845 0.000248444 0)
(3.98398 0.000297579 0)
(3.98335 0.000363732 0)
(3.98257 0.000452288 0)
(3.98159 0.000570746 0)
(3.98033 0.000729128 3.3768e-34)
(3.97871 0.000940707 0)
(3.97662 0.00122291 0)
(3.97388 0.00159875 0)
(3.9703 0.00209857 0)
(3.96559 0.00276262 0)
(3.95939 0.00364432 0)
(3.95121 0.00481476 0)
(3.9404 0.00636883 0)
(3.92609 0.00843348 0)
(3.90713 0.0111796 0)
(3.88199 0.014838 0)
(3.84861 0.0197245 0)
(3.8042 0.0262733 0)
(3.745 0.0350913 0)
(3.66585 0.0470338 0)
(3.55965 0.0633218 0)
(3.41648 0.0857079 0)
(3.22262 0.116674 5.16654e-34)
(2.95835 0.159732 0)
(2.59876 0.219212 0)
(2.10353 0.30041 0)
(1.46377 0.403161 0)
(0.481948 0.455567 0)
(3.90892 7.30289e-05 0)
(3.90924 0.000210584 0)
(3.9098 0.000324958 0)
(3.90964 0.000400143 0)
(3.90916 0.000448362 0)
(3.90877 0.000479766 0)
(3.90849 0.000493367 0)
(3.9082 0.000490858 0)
(3.90787 0.000480468 0)
(3.90752 0.00047063 0)
(3.90719 0.000464917 0)
(3.90691 0.000462524 0)
(3.90664 0.000462248 0)
(3.90638 0.000465735 0)
(3.90608 0.000477707 0)
(3.90575 0.000504184 0)
(3.9054 0.000550828 0)
(3.90502 0.000622767 0)
(3.9046 0.000725572 0)
(3.90412 0.000866852 0)
(3.90355 0.00105765 0)
(3.90284 0.00131376 0)
(3.90195 0.00165684 0)
(3.90081 0.00211591 0)
(3.89935 0.00272925 0)
(3.89746 0.00354731 0)
(3.895 0.00463654 0)
(3.89178 0.00608481 0)
(3.88756 0.00800856 0)
(3.882 0.0105624 0)
(3.87466 0.013952 0)
(3.86498 0.0184513 0)
(3.85216 0.0244268 0)
(3.8352 0.03237 0)
(3.81274 0.0429451 0)
(3.78295 0.0570554 0)
(3.74341 0.0759435 0)
(3.69086 0.101338 0)
(3.62085 0.135679 0)
(3.52734 0.182449 0)
(3.40186 0.246714 0)
(3.23273 0.335745 0)
(3.00242 0.460376 0)
(2.68854 0.634369 0)
(2.24725 0.879293 0)
(1.65868 1.19657 0)
(0.615064 1.44231 0)
(3.74888 0.000128692 0)
(3.74921 0.000370435 0)
(3.74976 0.000564744 0)
(3.74957 0.000687593 0)
(3.74906 0.00076309 0)
(3.74866 0.000808414 0)
(3.74837 0.000824117 0)
(3.74807 0.000814234 0)
(3.74775 0.00079215 0)
(3.74741 0.000771514 0)
(3.7471 0.000758202 0)
(3.74684 0.000750919 0)
(3.74659 0.000747676 0)
(3.74635 0.00075103 0)
(3.74607 0.000768275 0)
(3.74578 0.000808554 0)
(3.74547 0.000880282 0)
(3.74515 0.000991068 0)
(3.74479 0.00114935 0)
(3.7444 0.00136694 0)
(3.74393 0.00166109 0)
(3.74335 0.00205649 0)
(3.74263 0.00258689 0)
(3.74173 0.00329741 0)
(3.74057 0.00424744 0)
(3.73908 0.00551519 0)
(3.73714 0.0072036 0)
(3.73462 0.00944884 0)
(3.73132 0.0124311 0)
(3.72697 0.0163898 0)
(3.72125 0.0216426 0)
(3.71371 0.0286124 0)
(3.70374 0.0378627 0)
(3.69057 0.0501474 0)
(3.67318 0.0664794 0)
(3.65019 0.0882291 0)
(3.61984 0.117268 0)
(3.57979 0.156183 0)
(3.52696 0.208606 0)
(3.45731 0.279711 0)
(3.36532 0.377094 0)
(3.24391 0.511882 0)
(3.08079 0.701918 0)
(2.86431 0.972733 0)
(2.53871 1.379 0)
(2.14499 2.01732 0)
(0.786723 2.80302 0)
(3.50881 0.000197931 0)
(3.50914 0.000564786 0)
(3.50968 0.000844112 0)
(3.50943 0.00100715 0)
(3.50888 0.001099 0)
(3.50846 0.00114843 0)
(3.50816 0.00115877 0)
(3.50787 0.00113621 0)
(3.50755 0.00109812 0)
(3.50724 0.00106218 0)
(3.50696 0.001036 0)
(3.50672 0.00101777 0)
(3.5065 0.0010052 0)
(3.50629 0.00100202 0)
(3.50606 0.00101807 0)
(3.50582 0.00106471 0)
(3.50557 0.00115202 0)
(3.50532 0.00128856 0)
(3.50506 0.00148444 0)
(3.50478 0.00175394 0)
(3.50445 0.00211887 0)
(3.50407 0.00261008 0)
(3.5036 0.00327026 0)
(3.50302 0.00415574 0)
(3.50228 0.00534115 0)
(3.50135 0.00692397 0)
(3.50014 0.00903312 0)
(3.49859 0.0118383 0)
(3.49656 0.0155649 0)
(3.49391 0.0205109 0)
(3.49042 0.0270723 0)
(3.48583 0.035774 0)
(3.47978 0.0473133 0)
(3.47181 0.0626173 0)
(3.46134 0.0829224 0)
(3.44761 0.109885 0)
(3.42967 0.145737 0)
(3.40638 0.193518 0)
(3.37639 0.257421 0)
(3.3383 0.343323 0)
(3.29049 0.459715 0)
(3.23302 0.619014 0)
(3.16354 0.841112 0)
(3.10256 1.15594 0)
(3.01994 1.62325 0)
(3.22965 2.3203 0)
(3.08367 3.57688 0)
(3.1887 0.000293006 0)
(3.18902 0.000822212 0)
(3.18953 0.00118948 0)
(3.1892 0.00137391 0)
(3.18859 0.00146125 0)
(3.18814 0.00149762 0)
(3.18783 0.00148915 0)
(3.18755 0.0014446 0)
(3.18726 0.0013846 0)
(3.18697 0.0013291 0)
(3.18673 0.00128573 0)
(3.18654 0.00125161 0)
(3.18637 0.00122404 0)
(3.1862 0.00120821 0)
(3.18603 0.00121586 0)
(3.18586 0.00125967 0)
(3.1857 0.00134975 0)
(3.18556 0.00149445 0)
(3.18542 0.00170378 0)
(3.18529 0.00199316 0)
(3.18516 0.00238637 0)
(3.18501 0.00291771 0)
(3.18485 0.00363406 0)
(3.18467 0.00459753 0)
(3.18445 0.00588966 0)
(3.18419 0.00761727 0)
(3.18387 0.00992105 0)
(3.18347 0.0129867 0)
(3.18297 0.0170603 0)
(3.18232 0.0224675 0)
(3.18148 0.0296401 0)
(3.18037 0.0391488 0)
(3.17894 0.0517483 0)
(3.17707 0.0684354 0)
(3.17466 0.0905261 0)
(3.17162 0.119758 0)
(3.16789 0.158432 0)
(3.16354 0.209597 0)
(3.15894 0.27732 0)
(3.15516 0.367069 0)
(3.1543 0.486247 0)
(3.16238 0.645088 0)
(3.18646 0.857452 0)
(3.2617 1.14315 0)
(3.3868 1.52439 0)
(3.76373 2.00321 0)
(4.26832 2.75554 0)
(2.78853 0.000437611 0)
(2.78882 0.00119027 0)
(2.78925 0.00164045 0)
(2.78879 0.00181529 0)
(2.78811 0.00187115 0)
(2.78765 0.00187056 0)
(2.78736 0.00182037 0)
(2.7871 0.00173442 0)
(2.78686 0.00163803 0)
(2.78664 0.00155235 0)
(2.78648 0.00148333 0)
(2.78636 0.00142599 0)
(2.78628 0.00137667 0)
(2.7862 0.00134157 0)
(2.78614 0.00133297 0)
(2.78609 0.00136347 0)
(2.78606 0.00144127 0)
(2.78607 0.00157342 0)
(2.7861 0.00176814 0)
(2.78617 0.0020408 0)
(2.78628 0.0024144 0)
(2.78642 0.00292373 0)
(2.78662 0.00361452 0)
(2.78689 0.00454854 0)
(2.78725 0.00580482 0)
(2.78774 0.00748847 0)
(2.78838 0.00973604 0)
(2.78923 0.0127299 0)
(2.79036 0.01671 0)
(2.79185 0.0219958 0)
(2.79381 0.0290088 0)
(2.7964 0.0383067 0)
(2.79982 0.0506224 0)
(2.80434 0.0669183 0)
(2.81033 0.0884511 0)
(2.81833 0.116855 0)
(2.82908 0.15424 0)
(2.84371 0.203313 0)
(2.86393 0.267504 0)
(2.89248 0.351105 0)
(2.9336 0.459265 0)
(2.99504 0.59813 0)
(3.08692 0.773003 0)
(3.23257 0.9895 0)
(3.44986 1.23926 0)
(3.78211 1.48992 0)
(4.31936 1.77203 0)
(2.30825 0.000691707 0)
(2.30845 0.00174159 0)
(2.30874 0.00221826 0)
(2.30812 0.00232214 0)
(2.30739 0.00231149 0)
(2.30699 0.00224575 0)
(2.30679 0.00212604 0)
(2.30667 0.00197456 0)
(2.30658 0.00182265 0)
(2.30655 0.00169113 0)
(2.30657 0.00158311 0)
(2.30664 0.00149058 0)
(2.30675 0.00140955 0)
(2.30687 0.00134609 0)
(2.307 0.00131222 0)
(2.30716 0.00131757 0)
(2.30734 0.00136777 0)
(2.30756 0.0014662 0)
(2.30783 0.00161951 0)
(2.30815 0.00184014 0)
(2.30854 0.00214944 0)
(2.30901 0.00257749 0)
(2.3096 0.00316539 0)
(2.31034 0.00396585 0)
(2.31128 0.00504813 0)
(2.3125 0.00650189 0)
(2.31407 0.00844628 0)
(2.31613 0.0110385 0)
(2.31881 0.0144882 0)
(2.32233 0.0190733 0)
(2.32695 0.0251625 0)
(2.33303 0.0332418 0)
(2.34102 0.0439503 0)
(2.35154 0.0581223 0)
(2.3654 0.0768392 0)
(2.38366 0.101487 0)
(2.40773 0.133818 0)
(2.43953 0.175998 0)
(2.48163 0.230619 0)
(2.5376 0.300649 0)
(2.61232 0.389117 0)
(2.7127 0.498773 0)
(2.84781 0.63011 0)
(3.02934 0.78112 0)
(3.27569 0.940719 0)
(3.58745 1.079 0)
(4.01577 1.18994 0)
(1.74773 0.00127272 0)
(1.74772 0.00270797 0)
(1.7479 0.00299513 0)
(1.74733 0.00284782 0)
(1.74687 0.00266611 0)
(1.74685 0.00246262 0)
(1.74708 0.00222 0)
(1.74739 0.00196838 0)
(1.74774 0.00174125 0)
(1.74812 0.00155367 0)
(1.74853 0.00140193 0)
(1.74895 0.00127424 0)
(1.74936 0.00116594 0)
(1.74977 0.00108173 0)
(1.75017 0.00103009 0)
(1.75058 0.00101506 0)
(1.751 0.00103739 0)
(1.75145 0.00109627 0)
(1.75194 0.00119579 0)
(1.75249 0.00134486 0)
(1.75312 0.0015607 0)
(1.75387 0.00186568 0)
(1.75477 0.00229086 0)
(1.75588 0.00287393 0)
(1.75727 0.00366546 0)
(1.75906 0.00472973 0)
(1.76135 0.00615426 0)
(1.76433 0.00805395 0)
(1.76823 0.0105847 0)
(1.77333 0.0139527 0)
(1.78002 0.0184338 0)
(1.78883 0.0243919 0)
(1.80043 0.0323076 0)
(1.8157 0.0428079 0)
(1.8358 0.0567057 0)
(1.86221 0.0750372 0)
(1.89685 0.0990957 0)
(1.9422 0.130444 0)
(2.00139 0.170873 0)
(2.07835 0.22228 0)
(2.178 0.286338 0)
(2.30626 0.364039 0)
(2.47026 0.454596 0)
(2.67697 0.554359 0)
(2.93658 0.65606 0)
(3.24834 0.739953 0)
(3.61576 0.791973 0)
(1.10681 0.00249949 0)
(1.10694 0.00443968 0)
(1.1081 0.00408915 0)
(1.10884 0.00325584 0)
(1.10966 0.00260576 0)
(1.11072 0.00209673 0)
(1.1118 0.00166686 0)
(1.1128 0.00132214 0)
(1.11368 0.00106697 0)
(1.11446 0.000886902 0)
(1.11518 0.000758094 0)
(1.11583 0.000660752 0)
(1.11642 0.000585882 0)
(1.11697 0.000533265 0)
(1.11748 0.000503705 0)
(1.11797 0.000496294 0)
(1.11846 0.000508414 0)
(1.11897 0.000539887 0)
(1.11951 0.000593253 0)
(1.1201 0.000675579 0)
(1.12078 0.000796083 0)
(1.12158 0.000967628 0)
(1.12255 0.00120519 0)
(1.12375 0.00152916 0)
(1.12526 0.00196535 0)
(1.1272 0.00254985 0)
(1.12969 0.00333036 0)
(1.13295 0.00437262 0)
(1.13721 0.00576387 0)
(1.14281 0.00762218 0)
(1.15019 0.0101042 0)
(1.15993 0.0134198 0)
(1.17281 0.017847 0)
(1.18984 0.0237532 0)
(1.21234 0.0316192 0)
(1.24204 0.0420631 0)
(1.28115 0.0558617 0)
(1.33248 0.0739505 0)
(1.39953 0.0973918 0)
(1.48652 0.127269 0)
(1.59843 0.164471 0)
(1.74074 0.209331 0)
(1.91921 0.261067 0)
(2.13859 0.316782 0)
(2.40257 0.37141 0)
(2.7086 0.413567 0)
(3.04718 0.431524 0)
(0.390121 0.00201261 0)
(0.395119 0.00228672 0)
(0.399043 0.00135965 0)
(0.401419 0.000758819 0)
(0.403107 0.000495002 0)
(0.404463 0.000337497 0)
(0.405526 0.000219626 0)
(0.406333 0.000146076 0)
(0.406961 0.000110194 0)
(0.407473 9.08485e-05 0)
(0.407908 7.30649e-05 0)
(0.408284 5.61751e-05 0)
(0.408612 4.74236e-05 0)
(0.408906 5.03924e-05 0)
(0.409179 6.17487e-05 0)
(0.409442 7.39828e-05 0)
(0.409709 8.21048e-05 0)
(0.40999 8.55859e-05 0)
(0.410296 8.89201e-05 0)
(0.410639 9.78308e-05 0)
(0.411037 0.000118211 0)
(0.411514 0.000153547 0)
(0.412102 0.000206554 0)
(0.412841 0.000278674 0)
(0.413787 0.000373121 0)
(0.415011 0.000494678 0)
(0.416608 0.000652512 0)
(0.418703 0.00085951 0)
(0.421465 0.00113498 0)
(0.425118 0.00150447 0)
(0.429966 0.00200331 0)
(0.436414 0.00267819 0)
(0.44501 0.00359266 0)
(0.45649 0.00483181 0)
(0.471841 0.00651028 0)
(0.492387 0.00878007 0)
(0.519885 0.0118381 0)
(0.556636 0.0159306 0)
(0.605601 0.0213444 0)
(0.670468 0.0283799 0)
(0.755621 0.0372823 0)
(0.865904 0.0481137 0)
(1.00611 0.0605604 0)
(1.17974 0.0735225 0)
(1.38782 0.0850398 0)
(1.62587 0.0912576 0)
(1.88223 0.0883209 0)
(2.13615 -0.0717261 0)
(2.35742 -0.0409938 0)
(2.51779 -0.00381876 0)
(2.60477 0.0318167 0)
(2.61932 0.0629319 0)
(2.56705 0.0875223 0)
(3.39785 -0.406292 0)
(3.72611 -0.332274 0)
(4.00034 -0.231866 0)
(4.20824 -0.128049 0)
(4.35363 -0.0303569 0)
(4.44578 0.0575444 0)
(4.02182 -0.765132 0)
(4.41044 -0.645986 0)
(4.7285 -0.484136 0)
(4.96533 -0.31952 0)
(5.13199 -0.1665 0)
(5.23995 -0.0318483 0)
(4.54932 -1.16162 0)
(5.04465 -0.991529 0)
(5.38857 -0.762371 0)
(5.59055 -0.525124 0)
(5.69789 -0.302941 0)
(5.74465 -0.111718 0)
(5.02781 -1.7168 0)
(5.48313 -1.42057 0)
(5.60096 -1.05039 0)
(5.53899 -0.686255 0)
(5.43282 -0.376054 0)
(5.33696 -0.140361 0)
(4.96893 -2.49524 0)
(4.70868 -1.70531 0)
(4.07498 -1.00182 0)
(3.57271 -0.49146 0)
(3.25593 -0.146303 0)
(3.07191 0.0688087 0)
(3.09815 -2.24549 0)
(1.49811 -0.637328 0)
(0.280634 0.114224 0)
(0.154271 0.226705 0)
(0.239462 0.199371 0)
(0.332515 0.167979 0)
(3.09811 2.24547 0)
(1.49811 0.637272 0)
(0.280636 -0.114266 0)
(0.154262 -0.226728 0)
(0.239441 -0.199413 0)
(0.332551 -0.168059 0)
(4.96888 2.4952 0)
(4.7086 1.70531 0)
(4.0749 1.0018 0)
(3.57262 0.491446 0)
(3.25583 0.146325 0)
(3.07179 -0.0688005 0)
(5.02776 1.71679 0)
(5.48308 1.4206 0)
(5.60089 1.05045 0)
(5.53892 0.686322 0)
(5.43271 0.376104 0)
(5.33677 0.14039 0)
(4.54932 1.16165 0)
(5.04462 0.991546 0)
(5.38852 0.762391 0)
(5.59046 0.525111 0)
(5.69778 0.302875 0)
(5.74455 0.111659 0)
(4.02179 0.765107 0)
(4.4104 0.645954 0)
(4.72843 0.484094 0)
(4.96524 0.319488 0)
(5.13194 0.1665 0)
(5.23996 0.0319039 0)
(3.39782 0.406269 0)
(3.72608 0.332259 0)
(4.0003 0.231875 0)
(4.20822 0.128103 0)
(4.35363 0.0304477 0)
(4.4458 -0.0574494 0)
(2.13614 0.0717264 0)
(2.3574 0.0410283 0)
(2.51778 0.00388869 0)
(2.60477 -0.0317465 0)
(2.61932 -0.0629278 0)
(2.56704 -0.0876186 0)
(2.46368 0.103162 0)
(2.32395 0.108909 0)
(2.16089 0.106165 0)
(1.98539 0.0975174 0)
(1.80582 0.0854155 0)
(1.62828 0.07179 0)
(1.4572 0.0581293 0)
(1.2957 0.0454816 0)
(1.14581 0.0344204 0)
(1.00873 0.0251232 0)
(0.885064 0.0175317 0)
(0.774926 0.0114895 0)
(0.678052 0.00681714 0)
(0.593855 0.00333589 0)
(0.521499 0.000868371 0)
(0.459981 -0.000769455 0)
(0.408211 -0.00176807 0)
(0.365092 -0.00231736 0)
(0.329585 -0.0025875 0)
(0.300752 -0.00271524 0)
(0.27777 -0.00279299 0)
(0.259925 -0.00287275 0)
(0.246599 -0.00297304 0)
(0.237248 -0.0030936 0)
(0.231382 -0.00322379 0)
(0.228557 -0.00335238 0)
(0.228373 -0.00347049 0)
(0.230453 -0.0035674 0)
(0.234433 -0.00362869 0)
(0.239991 -0.00365223 0)
(0.246854 -0.00364777 0)
(0.254774 -0.00362292 0)
(0.263521 -0.00357278 0)
(0.272879 -0.0034983 0)
(0.282656 -0.00340609 0)
(0.29269 -0.00330019 0)
(0.302842 -0.00318136 0)
(0.312991 -0.00305129 0)
(0.323035 -0.00291222 0)
(0.332885 -0.00276709 0)
(0.342472 -0.00261819 0)
(0.35174 -0.00246856 0)
(0.360649 -0.00231971 0)
(0.369166 -0.00217149 0)
(0.3773 -0.00204212 0)
(0.384831 -0.00176467 0)
(0.393993 -0.00247366 0)
(4.48481 0.13155 0)
(4.47501 0.189419 0)
(4.42218 0.231814 0)
(4.33173 0.260791 0)
(4.20852 0.278272 0)
(4.05737 0.285919 0)
(3.88321 0.285402 0)
(3.69088 0.278367 0)
(3.48502 0.266282 0)
(3.27017 0.250387 0)
(3.05078 0.231721 0)
(2.83115 0.21118 0)
(2.61541 0.189558 0)
(2.40732 0.167574 0)
(2.21021 0.145883 0)
(2.02682 0.125056 0)
(1.85918 0.105556 0)
(1.70856 0.0877085 0)
(1.57549 0.0716898 0)
(1.45982 0.0575388 0)
(1.36086 0.0451866 0)
(1.27751 0.0344951 0)
(1.20844 0.0252929 0)
(1.1522 0.017403 0)
(1.10732 0.0106594 0)
(1.07239 0.00491411 0)
(1.04609 4.40471e-05 0)
(1.02721 -0.00405311 0)
(1.01468 -0.00747306 0)
(1.00756 -0.0103075 0)
(1.00504 -0.0126267 0)
(1.00629 -0.014468 0)
(1.0106 -0.0158576 0)
(1.01735 -0.0168462 0)
(1.02603 -0.017507 0)
(1.03622 -0.0178955 0)
(1.04753 -0.0180485 0)
(1.05962 -0.0179973 0)
(1.07221 -0.0177732 0)
(1.08506 -0.0174053 0)
(1.09798 -0.0169204 0)
(1.11081 -0.0163463 0)
(1.12342 -0.0157032 0)
(1.13571 -0.0150338 0)
(1.1477 -0.0143111 0)
(1.15857 -0.0136783 0)
(1.17292 -0.0127722 0)
(5.30427 0.0801145 0)
(5.33698 0.169867 0)
(5.34494 0.241722 0)
(5.33048 0.299694 0)
(5.29356 0.346081 0)
(5.23398 0.382287 0)
(5.15187 0.409409 0)
(5.04764 0.428264 0)
(4.92209 0.439403 0)
(4.7766 0.443222 0)
(4.61324 0.440076 0)
(4.43478 0.430365 0)
(4.2446 0.414595 0)
(4.04651 0.393425 0)
(3.84464 0.367692 0)
(3.64315 0.338395 0)
(3.44598 0.306638 0)
(3.25668 0.27356 0)
(3.07821 0.240248 0)
(2.91283 0.207663 0)
(2.76206 0.176588 0)
(2.62673 0.147606 0)
(2.50701 0.121091 0)
(2.40256 0.097236 0)
(2.31264 0.07608 0)
(2.23622 0.0575511 0)
(2.17211 0.0415014 0)
(2.11904 0.0277377 0)
(2.07573 0.0160434 0)
(2.04092 0.00619534 0)
(2.0134 -0.00200818 0)
(1.99214 -0.00874697 0)
(1.97619 -0.0142014 0)
(1.96483 -0.0185349 0)
(1.95726 -0.0218867 0)
(1.95277 -0.0243819 0)
(1.95074 -0.0261339 0)
(1.95065 -0.0272525 0)
(1.95209 -0.0278446 0)
(1.95468 -0.0280041 0)
(1.95813 -0.0278109 0)
(1.96219 -0.0273402 0)
(1.96665 -0.0266467 0)
(1.97139 -0.0258424 0)
(1.97622 -0.0248236 0)
(1.98096 -0.024325 0)
(1.98719 -0.0217869 0)
(5.75551 0.0399615 0)
(5.75049 0.156204 0)
(5.73949 0.247698 0)
(5.7239 0.321795 0)
(5.70229 0.382419 0)
(5.67333 0.432469 0)
(5.63565 0.474198 0)
(5.58757 0.508879 0)
(5.52747 0.536894 0)
(5.45406 0.558081 0)
(5.36659 0.572027 0)
(5.26496 0.578274 0)
(5.14973 0.576482 0)
(5.02218 0.566572 0)
(4.88427 0.54881 0)
(4.73846 0.523842 0)
(4.58759 0.49267 0)
(4.43467 0.456565 0)
(4.28262 0.416959 0)
(4.1342 0.375319 0)
(3.99177 0.333038 0)
(3.85722 0.291348 0)
(3.73197 0.251256 0)
(3.61689 0.213527 0)
(3.51241 0.178685 0)
(3.41856 0.147038 0)
(3.33503 0.118712 0)
(3.26126 0.0936923 0)
(3.19657 0.0718592 0)
(3.14013 0.0530259 0)
(3.0911 0.0369614 0)
(3.04863 0.0234097 0)
(3.0119 0.0121023 0)
(2.98007 0.00278193 0)
(2.95249 -0.00477775 0)
(2.92854 -0.010793 0)
(2.90772 -0.0154729 0)
(2.8896 -0.0190063 0)
(2.87375 -0.0215614 0)
(2.85979 -0.0232916 0)
(2.84738 -0.0243347 0)
(2.83628 -0.0248213 0)
(2.82619 -0.0248505 0)
(2.81709 -0.024603 0)
(2.80826 -0.0239363 0)
(2.80157 -0.023946 0)
(2.79047 -0.0211845 0)
(5.26275 0.025738 0)
(5.21966 0.144433 0)
(5.20689 0.237861 0)
(5.21299 0.315977 0)
(5.22883 0.382355 0)
(5.2494 0.439443 0)
(5.27075 0.489292 0)
(5.28906 0.533144 0)
(5.30117 0.571381 0)
(5.30477 0.603747 0)
(5.29825 0.629577 0)
(5.28053 0.648034 0)
(5.25109 0.658315 0)
(5.20989 0.659833 0)
(5.15742 0.652348 0)
(5.09463 0.636044 0)
(5.02284 0.611544 0)
(4.94367 0.579865 0)
(4.85893 0.542328 0)
(4.77053 0.500441 0)
(4.68034 0.455774 0)
(4.5901 0.40984 0)
(4.50135 0.364008 0)
(4.41538 0.319433 0)
(4.33317 0.277026 0)
(4.25541 0.237454 0)
(4.18254 0.201148 0)
(4.11476 0.168341 0)
(4.05204 0.139099 0)
(3.99426 0.113361 0)
(3.94114 0.0909704 0)
(3.89236 0.0717098 0)
(3.84757 0.0553269 0)
(3.80638 0.0415496 0)
(3.76843 0.0300937 0)
(3.73335 0.020681 0)
(3.70081 0.0130459 0)
(3.67048 0.00694519 0)
(3.64211 0.00216602 0)
(3.61548 -0.00148537 0)
(3.5904 -0.00418432 0)
(3.56671 -0.00609297 0)
(3.54417 -0.00734257 0)
(3.52293 -0.00811704 0)
(3.50178 -0.0083599 0)
(3.48479 -0.00888564 0)
(3.45706 -0.00746331 0)
(3.00391 0.175423 0)
(3.04662 0.231999 0)
(3.16755 0.272669 0)
(3.31949 0.310031 0)
(3.47916 0.348674 0)
(3.63902 0.389671 0)
(3.79479 0.432368 0)
(3.94257 0.47558 0)
(4.07937 0.517938 0)
(4.2033 0.557843 0)
(4.3132 0.593518 0)
(4.40846 0.623201 0)
(4.48886 0.645358 0)
(4.55453 0.65884 0)
(4.60591 0.662974 0)
(4.64366 0.657598 0)
(4.66867 0.643057 0)
(4.68194 0.620145 0)
(4.68462 0.59001 0)
(4.67793 0.554058 0)
(4.66317 0.513832 0)
(4.64163 0.470889 0)
(4.6146 0.426701 0)
(4.58329 0.382579 0)
(4.54878 0.339622 0)
(4.51206 0.298698 0)
(4.47395 0.26044 0)
(4.43513 0.225266 0)
(4.39614 0.193404 0)
(4.35741 0.164926 0)
(4.31924 0.139782 0)
(4.28184 0.117832 0)
(4.24538 0.0988744 0)
(4.20993 0.0826667 0)
(4.17556 0.0689451 0)
(4.14229 0.0574418 0)
(4.11012 0.0478977 0)
(4.07902 0.0400649 0)
(4.04899 0.0337087 0)
(4.02 0.0286156 0)
(3.99199 0.0245948 0)
(3.96495 0.0214787 0)
(3.93877 0.0191196 0)
(3.91369 0.0173961 0)
(3.88839 0.0161791 0)
(3.86784 0.0154448 0)
(3.83395 0.0148041 0)
(0.508752 0.0115584 0)
(0.779744 -0.0237919 0)
(1.05806 -0.00499121 0)
(1.3081 0.0338229 0)
(1.53706 0.0839961 0)
(1.7572 0.140483 0)
(1.97251 0.199621 0)
(2.18274 0.259372 0)
(2.38656 0.318432 0)
(2.58257 0.375303 0)
(2.76937 0.428122 0)
(2.94577 0.474928 0)
(3.11076 0.513956 0)
(3.26358 0.543854 0)
(3.40372 0.563798 0)
(3.53087 0.573519 0)
(3.64493 0.573279 0)
(3.74592 0.563801 0)
(3.83405 0.546155 0)
(3.90967 0.521672 0)
(3.97333 0.491839 0)
(4.02568 0.458178 0)
(4.06749 0.422149 0)
(4.09966 0.385078 0)
(4.1231 0.34811 0)
(4.13879 0.31218 0)
(4.14767 0.278008 0)
(4.15066 0.246108 0)
(4.14864 0.216809 0)
(4.1424 0.190281 0)
(4.13267 0.166569 0)
(4.12009 0.145614 0)
(4.10525 0.127289 0)
(4.08864 0.111415 0)
(4.07069 0.097784 0)
(4.05179 0.0861742 0)
(4.03223 0.0763623 0)
(4.0123 0.0681305 0)
(3.99221 0.0612727 0)
(3.97214 0.0556005 0)
(3.95225 0.0509445 0)
(3.93265 0.0471628 0)
(3.91337 0.0441146 0)
(3.89471 0.0417724 0)
(3.87574 0.0398159 0)
(3.86029 0.0391122 0)
(3.83469 0.0364987 0)
(0.037521 -0.252208 0)
(0.0762631 -0.274337 0)
(0.166533 -0.223778 0)
(0.264867 -0.166422 0)
(0.367669 -0.10898 0)
(0.479812 -0.0524131 0)
(0.605217 0.00326825 0)
(0.744243 0.0593542 0)
(0.895342 0.116517 0)
(1.05619 0.173843 0)
(1.22448 0.229378 0)
(1.3979 0.281023 0)
(1.57404 0.326777 0)
(1.75047 0.365015 0)
(1.92488 0.394679 0)
(2.09506 0.415262 0)
(2.259 0.426784 0)
(2.4149 0.429727 0)
(2.56124 0.42491 0)
(2.69689 0.413418 0)
(2.82106 0.396491 0)
(2.93332 0.375412 0)
(3.03354 0.351435 0)
(3.12191 0.325722 0)
(3.19884 0.299289 0)
(3.26499 0.272986 0)
(3.32112 0.247488 0)
(3.36811 0.223295 0)
(3.40687 0.200755 0)
(3.43835 0.180077 0)
(3.46346 0.161359 0)
(3.48306 0.144611 0)
(3.49798 0.129777 0)
(3.50896 0.116753 0)
(3.51666 0.105404 0)
(3.52169 0.0955807 0)
(3.52455 0.0871247 0)
(3.52572 0.079881 0)
(3.52556 0.0737006 0)
(3.52442 0.0684468 0)
(3.52256 0.0639953 0)
(3.52021 0.0602481 0)
(3.51754 0.0570942 0)
(3.51477 0.0545821 0)
(3.51179 0.0522995 0)
(3.50945 0.0516616 0)
(3.50541 0.0478425 0)
(-0.0244116 -0.187994 0)
(-0.135902 -0.23101 0)
(-0.20948 -0.200107 0)
(-0.260166 -0.163087 0)
(-0.289938 -0.127044 0)
(-0.298684 -0.092578 0)
(-0.286655 -0.0587054 0)
(-0.253714 -0.0235191 0)
(-0.198755 0.0140547 0)
(-0.121871 0.0536916 0)
(-0.0233236 0.0934613 0)
(0.0946436 0.131633 0)
(0.229072 0.166668 0)
(0.377607 0.197292 0)
(0.537325 0.222567 0)
(0.704826 0.241996 0)
(0.876601 0.255486 0)
(1.04929 0.26295 0)
(1.21974 0.264698 0)
(1.38529 0.261652 0)
(1.54373 0.25467 0)
(1.69337 0.244567 0)
(1.83302 0.232149 0)
(1.96198 0.218179 0)
(2.07993 0.203334 0)
(2.18695 0.188188 0)
(2.28336 0.173206 0)
(2.36971 0.158742 0)
(2.44672 0.145054 0)
(2.51516 0.132309 0)
(2.57587 0.120605 0)
(2.6297 0.109979 0)
(2.67746 0.100422 0)
(2.71992 0.0918964 0)
(2.75779 0.0843398 0)
(2.79172 0.0776774 0)
(2.82229 0.0718282 0)
(2.85002 0.0667092 0)
(2.87534 0.0622398 0)
(2.89864 0.0583451 0)
(2.92027 0.0549562 0)
(2.94049 0.0520219 0)
(2.9596 0.049475 0)
(2.97764 0.0473837 0)
(2.99551 0.0454049 0)
(3.0103 0.044833 0)
(3.0339 0.041269 0)
(-0.0431029 -0.0698558 0)
(-0.222659 -0.0900548 0)
(-0.384465 -0.0809288 0)
(-0.521106 -0.0683843 0)
(-0.632418 -0.0560367 0)
(-0.719898 -0.0438759 0)
(-0.784326 -0.0314221 0)
(-0.825264 -0.0181581 4.53891e-34)
(-0.841082 -0.00399665 0)
(-0.829725 0.0105684 0)
(-0.790735 0.0249989 0)
(-0.724469 0.0386897 0)
(-0.632522 0.0513463 3.59378e-34)
(-0.517344 0.0627048 0)
(-0.382181 0.0724466 0)
(-0.230993 0.0803863 0)
(-0.0684185 0.0863922 0)
(0.101373 0.0899101 0)
(0.275582 0.0910069 0)
(0.45121 0.0905058 0)
(0.624601 0.0887071 0)
(0.793048 0.0858334 0)
(0.954567 0.0821303 3.15165e-35)
(1.10772 0.0778409 0)
(1.25155 0.0731854 0)
(1.38557 0.0683535 0)
(1.50962 0.0635016 0)
(1.62387 0.0587527 0)
(1.7287 0.0541984 0)
(1.82464 0.0499025 0)
(1.91233 0.0459052 0)
(1.99245 0.0422273 0)
(2.06571 0.0388748 0)
(2.1328 0.0358423 0)
(2.19438 0.0331164 0)
(2.25108 0.0306785 0)
(2.30347 0.0285068 0)
(2.35207 0.0265782 -1.81395e-36)
(2.39735 0.0248694 0)
(2.43972 0.0233583 0)
(2.47956 0.022024 0)
(2.51716 0.0208516 -5.85234e-37)
(2.55291 0.0198188 0)
(2.58674 0.018956 0)
(2.62025 0.0181297 0)
(2.64784 0.017862 0)
(2.69165 0.016356 0)
(-0.0431309 0.0694025 0)
(-0.222807 0.0894412 0)
(-0.384704 0.0803305 0)
(-0.521435 0.0679745 0)
(-0.632838 0.0558827 0)
(-0.720406 0.0439474 0)
(-0.784907 0.031626 0)
(-0.825878 0.0184298 -4.53721e-34)
(-0.841696 0.00433259 0)
(-0.830329 -0.0101445 0)
(-0.791303 -0.0244857 0)
(-0.724987 -0.0381156 0)
(-0.632976 -0.0507447 -3.59455e-34)
(-0.517724 -0.0621035 0)
(-0.382479 -0.0718651 0)
(-0.231205 -0.0798378 0)
(-0.0685367 -0.0858835 0)
(0.101379 -0.0894713 0)
(0.275718 -0.0906689 0)
(0.451458 -0.0902767 0)
(0.624937 -0.0885757 0)
(0.793448 -0.0857863 0)
(0.955011 -0.0821548 -3.15057e-35)
(1.10819 -0.0779253 0)
(1.25205 -0.0733195 0)
(1.38607 -0.0685286 0)
(1.51013 -0.0637105 0)
(1.62438 -0.0589894 0)
(1.72921 -0.0544582 0)
(1.82515 -0.0501817 0)
(1.91283 -0.0462009 0)
(1.99295 -0.0425374 0)
(2.0662 -0.0391976 0)
(2.13329 -0.0361767 0)
(2.19487 -0.0334616 0)
(2.25157 -0.0310339 0)
(2.30396 -0.028872 0)
(2.35256 -0.0269527 1.81359e-36)
(2.39784 -0.0252529 0)
(2.44021 -0.0237504 0)
(2.48005 -0.0224243 0)
(2.51766 -0.0212597 5.85112e-37)
(2.55341 -0.0202346 0)
(2.58724 -0.0193788 0)
(2.62076 -0.0185608 0)
(2.64835 -0.0182961 0)
(2.69216 -0.0168098 0)
(-0.024475 0.18766 0)
(-0.136172 0.230524 0)
(-0.209983 0.199589 0)
(-0.260896 0.162656 0)
(-0.290848 0.126792 0)
(-0.299757 0.092504 0)
(-0.287849 0.0587359 0)
(-0.254963 0.0235913 0)
(-0.200015 -0.0139243 0)
(-0.123094 -0.0534598 0)
(-0.0244867 -0.093124 0)
(0.0935833 -0.131201 0)
(0.228168 -0.166189 0)
(0.376897 -0.19682 0)
(0.536826 -0.222138 0)
(0.704543 -0.241629 0)
(0.876523 -0.255192 0)
(1.0494 -0.262732 0)
(1.22003 -0.264557 0)
(1.38571 -0.261583 0)
(1.54426 -0.254664 0)
(1.69397 -0.244614 0)
(1.83367 -0.232242 0)
(1.96266 -0.218311 0)
(2.08064 -0.203499 0)
(2.18767 -0.188381 0)
(2.28409 -0.173423 0)
(2.37045 -0.158981 0)
(2.44746 -0.145312 0)
(2.5159 -0.132585 0)
(2.57662 -0.120897 0)
(2.63045 -0.110285 0)
(2.67822 -0.100743 0)
(2.72068 -0.0922304 0)
(2.75856 -0.0846863 0)
(2.7925 -0.0780359 0)
(2.82308 -0.0721979 0)
(2.85081 -0.0670897 0)
(2.87614 -0.0626305 0)
(2.89946 -0.0587453 0)
(2.9211 -0.0553652 0)
(2.94133 -0.0524392 0)
(2.96046 -0.0499001 0)
(2.97851 -0.0478162 0)
(2.99639 -0.045845 0)
(3.01119 -0.0452783 0)
(3.03481 -0.0417285 0)
(0.037544 0.252033 0)
(0.0760124 0.274058 0)
(0.166145 0.22344 0)
(0.264276 0.16613 0)
(0.366899 0.108784 0)
(0.478913 0.0523493 0)
(0.604235 -0.00323248 0)
(0.743202 -0.0592578 0)
(0.894254 -0.116368 0)
(1.05509 -0.173635 0)
(1.22345 -0.229123 0)
(1.397 -0.280752 0)
(1.5733 -0.326522 0)
(1.74991 -0.364791 0)
(1.92449 -0.394489 0)
(2.09482 -0.415104 0)
(2.25889 -0.42666 0)
(2.41489 -0.429642 0)
(2.56131 -0.42487 0)
(2.69701 -0.413423 0)
(2.82122 -0.396539 0)
(2.9335 -0.3755 0)
(3.03373 -0.351558 0)
(3.1221 -0.325876 0)
(3.19903 -0.299471 0)
(3.26517 -0.273193 0)
(3.3213 -0.247717 0)
(3.36827 -0.223545 0)
(3.40703 -0.201022 0)
(3.4385 -0.180361 0)
(3.4636 -0.16166 0)
(3.48321 -0.144928 0)
(3.49812 -0.130108 0)
(3.5091 -0.117098 0)
(3.5168 -0.105764 0)
(3.52183 -0.095953 0)
(3.52471 -0.0875095 0)
(3.52588 -0.0802773 0)
(3.52573 -0.0741077 0)
(3.52459 -0.0688638 0)
(3.52273 -0.0644212 0)
(3.52039 -0.0606822 0)
(3.51773 -0.0575356 0)
(3.51497 -0.0550304 0)
(3.51199 -0.0527538 0)
(3.50966 -0.0521224 0)
(3.50563 -0.0483092 0)
(0.508733 -0.0116166 0)
(0.779674 0.0237386 0)
(1.05786 0.00493887 0)
(1.3077 -0.0338569 0)
(1.5365 -0.0839512 0)
(1.75655 -0.140325 0)
(1.9718 -0.199391 0)
(2.182 -0.259138 0)
(2.38583 -0.318229 0)
(2.58186 -0.375136 0)
(2.76874 -0.427982 0)
(2.94523 -0.474811 0)
(3.11032 -0.513862 0)
(3.26323 -0.54378 0)
(3.40344 -0.563741 0)
(3.53064 -0.573478 0)
(3.64473 -0.573256 0)
(3.74574 -0.563799 0)
(3.83387 -0.546176 0)
(3.90949 -0.521718 0)
(3.97313 -0.491911 0)
(4.02545 -0.458278 0)
(4.06724 -0.422275 0)
(4.09936 -0.38523 0)
(4.12276 -0.348285 0)
(4.13841 -0.312377 0)
(4.14724 -0.278225 0)
(4.1502 -0.246345 0)
(4.14813 -0.217064 0)
(4.14184 -0.190554 0)
(4.13207 -0.166858 0)
(4.11946 -0.14592 0)
(4.10458 -0.127611 0)
(4.08793 -0.111752 0)
(4.06995 -0.0981357 0)
(4.05101 -0.0865402 0)
(4.03143 -0.0767416 0)
(4.01147 -0.0685224 0)
(3.99135 -0.0616759 0)
(3.97126 -0.0560142 0)
(3.95134 -0.0513674 0)
(3.93172 -0.047594 0)
(3.91241 -0.0445528 0)
(3.89373 -0.042217 0)
(3.87473 -0.0402651 0)
(3.85926 -0.039568 0)
(3.83363 -0.0369545 0)
(3.00375 -0.17544 0)
(3.0464 -0.232027 0)
(3.16721 -0.272671 0)
(3.31903 -0.309959 0)
(3.47864 -0.348507 0)
(3.63847 -0.389435 0)
(3.79423 -0.432114 0)
(3.94203 -0.475352 0)
(4.07888 -0.517753 0)
(4.20286 -0.557697 0)
(4.31283 -0.593403 0)
(4.40816 -0.623111 0)
(4.4886 -0.645289 0)
(4.55431 -0.658788 0)
(4.6057 -0.662935 0)
(4.64346 -0.657569 0)
(4.66847 -0.643038 0)
(4.68173 -0.620136 0)
(4.68439 -0.590014 0)
(4.67767 -0.554079 0)
(4.66287 -0.51387 0)
(4.64129 -0.470946 0)
(4.61421 -0.426778 0)
(4.58284 -0.382676 0)
(4.54827 -0.339738 0)
(4.51148 -0.298833 0)
(4.4733 -0.260594 0)
(4.4344 -0.225439 0)
(4.39534 -0.193595 0)
(4.35653 -0.165135 0)
(4.31828 -0.14001 0)
(4.28081 -0.118078 0)
(4.24427 -0.0991378 0)
(4.20875 -0.0829476 0)
(4.17431 -0.0692429 0)
(4.14097 -0.0577557 0)
(4.10872 -0.0482266 0)
(4.07756 -0.0404076 0)
(4.04746 -0.0340642 0)
(4.0184 -0.0289827 0)
(3.99032 -0.0249722 0)
(3.96322 -0.0218652 0)
(3.93697 -0.0195137 0)
(3.91183 -0.0177968 0)
(3.88647 -0.0165847 0)
(3.86586 -0.0158559 0)
(3.83188 -0.0152154 0)
(5.26251 -0.0257123 0)
(5.2194 -0.144394 0)
(5.20661 -0.237781 0)
(5.2127 -0.315841 0)
(5.22854 -0.382178 0)
(5.24911 -0.439253 0)
(5.27047 -0.48911 0)
(5.28882 -0.532979 0)
(5.30098 -0.571238 0)
(5.30463 -0.603627 0)
(5.29814 -0.629479 0)
(5.28045 -0.647956 0)
(5.25102 -0.658254 0)
(5.20983 -0.659784 0)
(5.15737 -0.652307 0)
(5.09458 -0.636008 0)
(5.02278 -0.611513 0)
(4.9436 -0.579839 0)
(4.85885 -0.542311 0)
(4.77043 -0.500433 0)
(4.6802 -0.455776 0)
(4.58993 -0.409853 0)
(4.50114 -0.364033 0)
(4.41511 -0.31947 0)
(4.33284 -0.277076 0)
(4.25502 -0.237516 0)
(4.18209 -0.201225 0)
(4.11422 -0.168432 0)
(4.05143 -0.139205 0)
(3.99356 -0.113482 0)
(3.94036 -0.091109 0)
(3.8915 -0.0718654 0)
(3.84662 -0.0555003 0)
(3.80534 -0.0417402 0)
(3.76729 -0.030302 0)
(3.73212 -0.0209062 0)
(3.69949 -0.0132882 0)
(3.66907 -0.00720294 0)
(3.64061 -0.00243819 0)
(3.61389 0.00120089 0)
(3.58872 0.00388857 0)
(3.56493 0.00578802 0)
(3.54231 0.00702928 0)
(3.52097 0.00779737 0)
(3.49973 0.00803467 0)
(3.48266 0.00855627 0)
(3.4548 0.00713033 0)
(5.75542 -0.0399594 0)
(5.75042 -0.156131 0)
(5.73941 -0.24758 0)
(5.72381 -0.321659 0)
(5.7022 -0.382281 0)
(5.67326 -0.432333 0)
(5.63562 -0.474062 0)
(5.58759 -0.508745 0)
(5.52752 -0.53677 0)
(5.45414 -0.557976 0)
(5.36669 -0.571943 0)
(5.26507 -0.578208 0)
(5.14985 -0.576432 0)
(5.02231 -0.566532 0)
(4.88441 -0.548776 0)
(4.73861 -0.523812 0)
(4.58775 -0.492642 0)
(4.43483 -0.456539 0)
(4.28279 -0.416936 0)
(4.13436 -0.375299 0)
(3.99192 -0.333023 0)
(3.85736 -0.291337 0)
(3.73209 -0.251249 0)
(3.61699 -0.213525 0)
(3.51248 -0.178689 0)
(3.41859 -0.147048 0)
(3.33501 -0.118729 0)
(3.2612 -0.0937178 0)
(3.19645 -0.0718944 0)
(3.13995 -0.0530726 0)
(3.09086 -0.0370207 0)
(3.04832 -0.0234832 0)
(3.01152 -0.0121908 0)
(2.97962 -0.00288633 0)
(2.95195 0.00465783 0)
(2.92792 0.0106576 0)
(2.90702 0.0153229 0)
(2.88881 0.0188424 0)
(2.87286 0.0213852 0)
(2.8588 0.023104 0)
(2.8463 0.0241372 0)
(2.8351 0.024615 0)
(2.82491 0.0246368 0)
(2.81571 0.0243831 0)
(2.80678 0.023711 0)
(2.8 0.023718 0)
(2.78875 0.0209494 0)
(5.30431 -0.0800064 0)
(5.33699 -0.169746 0)
(5.3449 -0.241615 0)
(5.33043 -0.2996 0)
(5.29354 -0.345988 0)
(5.23402 -0.382187 0)
(5.15197 -0.409304 0)
(5.04779 -0.428164 0)
(4.92228 -0.439317 0)
(4.77682 -0.443155 0)
(4.61348 -0.440028 0)
(4.43504 -0.430331 0)
(4.24487 -0.414569 0)
(4.04681 -0.393404 0)
(3.84496 -0.367673 0)
(3.64347 -0.338377 0)
(3.44632 -0.30662 0)
(3.25704 -0.273543 0)
(3.07858 -0.240231 0)
(2.91321 -0.207647 0)
(2.76245 -0.176572 0)
(2.62712 -0.147589 0)
(2.50741 -0.121074 0)
(2.40296 -0.097218 0)
(2.31303 -0.0760615 0)
(2.23661 -0.0575336 0)
(2.17249 -0.0414854 0)
(2.11941 -0.0277253 0)
(2.07608 -0.0160356 0)
(2.04124 -0.00619447 0)
(2.01369 0.00200131 0)
(1.99239 0.00873053 0)
(1.9764 0.0141752 0)
(1.965 0.0184979 0)
(1.95738 0.0218395 0)
(1.95283 0.0243245 0)
(1.95073 0.0260675 0)
(1.95058 0.0271768 0)
(1.95195 0.0277603 0)
(1.95447 0.0279108 0)
(1.95784 0.0277098 0)
(1.96182 0.0272314 0)
(1.9662 0.0265318 0)
(1.97085 0.0257221 0)
(1.97559 0.0246987 0)
(1.98025 0.024199 0)
(1.98635 0.0216508 0)
(4.4848 -0.131494 0)
(4.47497 -0.189402 0)
(4.42214 -0.231804 0)
(4.33173 -0.260761 0)
(4.20858 -0.278213 0)
(4.0575 -0.285843 0)
(3.8834 -0.28533 0)
(3.69111 -0.278313 0)
(3.48529 -0.266251 0)
(3.27047 -0.250373 0)
(3.05109 -0.231716 0)
(2.83148 -0.211178 0)
(2.61575 -0.189555 0)
(2.40767 -0.16757 0)
(2.21057 -0.145878 0)
(2.02719 -0.125051 0)
(1.85955 -0.105552 0)
(1.70894 -0.0877048 0)
(1.57588 -0.0716864 0)
(1.46022 -0.0575345 0)
(1.36126 -0.0451815 0)
(1.27792 -0.0344881 0)
(1.20885 -0.0252844 0)
(1.15262 -0.0173925 0)
(1.10774 -0.0106476 0)
(1.07282 -0.00490102 0)
(1.04652 -3.09376e-05 0)
(1.02765 0.00406593 0)
(1.01512 0.00748428 0)
(1.008 0.0103167 0)
(1.00548 0.0126324 0)
(1.00672 0.0144705 0)
(1.01102 0.0158565 0)
(1.01775 0.0168414 0)
(1.02642 0.0174972 0)
(1.03658 0.0178807 0)
(1.04786 0.018028 0)
(1.05992 0.0179718 0)
(1.07247 0.0177423 0)
(1.08528 0.01737 0)
(1.09816 0.0168807 0)
(1.11093 0.0163033 0)
(1.12348 0.0156571 0)
(1.13571 0.0149857 0)
(1.14764 0.0142611 0)
(1.15846 0.0136294 0)
(1.17272 0.0127118 0)
(2.46366 -0.103309 0)
(2.32394 -0.109015 0)
(2.16092 -0.106173 0)
(1.98548 -0.097442 0)
(1.80595 -0.0853218 0)
(1.62843 -0.0717359 0)
(1.45736 -0.0581306 0)
(1.29586 -0.0455157 0)
(1.14597 -0.0344534 0)
(1.00889 -0.0251349 0)
(0.885224 -0.0175217 0)
(0.775086 -0.01147 0)
(0.678209 -0.00679996 0)
(0.594006 -0.00332692 0)
(0.521643 -0.000866313 0)
(0.460118 0.00076758 0)
(0.408342 0.00176606 0)
(0.365219 0.00231613 0)
(0.32971 0.00258804 0)
(0.300876 0.0027165 0)
(0.277895 0.00279497 0)
(0.260053 0.00287415 0)
(0.246732 0.00297433 0)
(0.237386 0.00309403 0)
(0.231527 0.00322412 0)
(0.22871 0.00335206 0)
(0.228535 0.00347046 0)
(0.230623 0.0035673 0)
(0.234612 0.00362938 0)
(0.240178 0.00365316 0)
(0.247048 0.0036493 0)
(0.254973 0.00362454 0)
(0.263723 0.00357497 0)
(0.273082 0.0035003 0)
(0.282857 0.00340813 0)
(0.292886 0.00330168 0)
(0.303031 0.00318264 0)
(0.31317 0.00305184 0)
(0.3232 0.00291236 0)
(0.333035 0.00276641 0)
(0.342604 0.00261709 0)
(0.351853 0.00246688 0)
(0.360741 0.00231755 0)
(0.369234 0.00216947 0)
(0.377344 0.00203977 0)
(0.384855 0.00176446 0)
(0.393974 0.00245923 0)
)
;

boundaryField
{
    inlet
    {
        type            fixedProfile;
        profile         csvFile;
        profileCoeffs
        {
            nHeaderLine     0;
            refColumn       0;
            componentColumns 3(1 2 3);
            separator       ",";
            mergeSeparators 0;
            file            "0/Uprofile.csv";
        }
        direction       (0 1 0);
        origin          -1;
        value           nonuniform List<vector> 
20
(
(0.39 0 0)
(1.11 0 0)
(1.75 0 0)
(2.31 0 0)
(2.79 0 0)
(3.19 0 0)
(3.51 0 0)
(3.75 0 0)
(3.91 0 0)
(3.99 0 0)
(3.99 0 0)
(3.91 0 0)
(3.75 0 0)
(3.51 0 0)
(3.19 0 0)
(2.79 0 0)
(2.31 0 0)
(1.75 0 0)
(1.11 0 0)
(0.39 0 0)
)
;
    }
    outlet
    {
        type            zeroGradient;
    }
    upperWall
    {
        type            noSlip;
    }
    lowerWall
    {
        type            noSlip;
    }
    frontAndBack
    {
        type            empty;
    }
}


// ************************************************************************* //
