/*--------------------------------*- C++ -*----------------------------------*\
| =========                 |                                                 |
| \\      /  F ield         | OpenFOAM: The Open Source CFD Toolbox           |
|  \\    /   O peration     | Version:  2406                                  |
|   \\  /    A nd           | Website:  www.openfoam.com                      |
|    \\/     M anipulation  |                                                 |
\*---------------------------------------------------------------------------*/
FoamFile
{
    version     2.0;
    format      ascii;
    arch        "LSB;label=32;scalar=64";
    class       volVectorField;
    location    "60";
    object      U;
}
// * * * * * * * * * * * * * * * * * * * * * * * * * * * * * * * * * * * * * //

dimensions      [0 1 -1 0 0 0 0];

internalField   nonuniform List<vector> 
2000
(
(0.096772 -0.000320539 0)
(0.0987369 -0.000199999 0)
(0.0994057 -0.000132978 0)
(0.0996975 -8.91888e-05 0)
(0.099915 -5.33595e-05 0)
(0.10007 -3.06142e-05 0)
(0.100171 -1.83806e-05 0)
(0.100239 -1.17583e-05 0)
(0.100287 -7.85878e-06 0)
(0.100322 -5.40639e-06 0)
(0.27547 -0.000917258 0)
(0.277364 -0.00102267 0)
(0.277998 -0.000697222 0)
(0.278228 -0.000475324 0)
(0.278494 -0.000330261 0)
(0.278736 -0.00022694 0)
(0.278919 -0.000157073 0)
(0.279055 -0.000111399 0)
(0.279159 -8.08463e-05 0)
(0.279239 -5.96176e-05 0)
(0.435479 -0.000722078 0)
(0.437057 -0.00105249 0)
(0.437452 -0.000901896 0)
(0.437457 -0.000724479 0)
(0.43761 -0.000569312 0)
(0.437812 -0.000433609 0)
(0.437984 -0.00032588 0)
(0.438125 -0.000245705 0)
(0.438241 -0.000186494 0)
(0.438335 -0.000142234 0)
(0.575586 -0.000485567 0)
(0.57702 -0.000885706 0)
(0.577301 -0.000899321 0)
(0.577129 -0.000816046 0)
(0.57714 -0.000704188 0)
(0.577247 -0.000579765 0)
(0.577357 -0.000463964 0)
(0.577457 -0.000367142 0)
(0.577548 -0.000289155 0)
(0.577627 -0.000226938 0)
(0.695674 -0.000333197 0)
(0.697047 -0.000694897 0)
(0.697311 -0.000786495 0)
(0.697042 -0.000778155 0)
(0.696939 -0.000721666 0)
(0.696952 -0.000632195 0)
(0.696982 -0.000532758 0)
(0.69702 -0.000439457 0)
(0.697064 -0.000357755 0)
(0.697108 -0.000288313 0)
(0.795743 -0.000230165 0)
(0.797081 -0.000520267 0)
(0.797369 -0.000632358 0)
(0.797061 -0.000666045 0)
(0.796889 -0.000652924 0)
(0.796829 -0.000600866 0)
(0.79679 -0.000528218 0)
(0.796765 -0.0004513 0)
(0.796755 -0.000378181 0)
(0.796756 -0.000312105 0)
(0.875793 -0.00015644 0)
(0.877107 -0.000372051 0)
(0.877428 -0.000474209 0)
(0.877113 -0.00052218 0)
(0.876905 -0.000533435 0)
(0.876801 -0.000509743 0)
(0.876712 -0.000463225 0)
(0.876635 -0.00040716 0)
(0.876577 -0.000349464 0)
(0.876535 -0.000294258 0)
(0.935828 -0.000101277 0)
(0.937123 -0.000248354 0)
(0.937472 -0.00032623 0)
(0.937164 -0.000370092 0)
(0.936943 -0.000389111 0)
(0.936814 -0.00038201 0)
(0.936694 -0.000355702 0)
(0.936581 -0.000319374 0)
(0.936486 -0.000279181 0)
(0.936409 -0.000238766 0)
(0.975851 -5.70439e-05 0)
(0.977132 -0.000142231 0)
(0.9775 -0.000190098 0)
(0.977201 -0.000219562 0)
(0.976976 -0.000235033 0)
(0.976837 -0.00023476 0)
(0.976699 -0.000222074 0)
(0.976564 -0.000202198 0)
(0.976445 -0.000178901 0)
(0.976344 -0.000154577 0)
(0.995861 -1.84091e-05 0)
(0.997135 -4.62186e-05 0)
(0.997514 -6.22304e-05 0)
(0.99722 -7.2448e-05 0)
(0.996994 -7.81863e-05 0)
(0.996851 -7.87017e-05 0)
(0.996706 -7.49575e-05 0)
(0.996561 -6.86309e-05 0)
(0.996431 -6.09748e-05 0)
(0.996318 -5.2813e-05 0)
(0.995861 1.85144e-05 0)
(0.997135 4.65203e-05 0)
(0.997514 6.27356e-05 0)
(0.99722 7.31513e-05 0)
(0.996994 7.90804e-05 0)
(0.996851 7.97858e-05 0)
(0.996707 7.6238e-05 0)
(0.996561 7.01233e-05 0)
(0.996431 6.27027e-05 0)
(0.996318 5.48039e-05 0)
(0.975851 5.7144e-05 0)
(0.977132 0.000142521 0)
(0.9775 0.000190581 0)
(0.977202 0.000220236 0)
(0.976976 0.000235892 0)
(0.976837 0.000235802 0)
(0.976699 0.000223304 0)
(0.976564 0.000203631 0)
(0.976445 0.000180558 0)
(0.976345 0.000156485 0)
(0.935828 0.000101371 0)
(0.937123 0.000248622 0)
(0.937472 0.000326677 0)
(0.937165 0.000370712 0)
(0.936943 0.000389898 0)
(0.936815 0.000382965 0)
(0.936694 0.000356831 0)
(0.936581 0.000320688 0)
(0.936486 0.0002807 0)
(0.93641 0.000240511 0)
(0.875793 0.000156523 0)
(0.877107 0.000372292 0)
(0.877428 0.000474601 0)
(0.877113 0.000522718 0)
(0.876906 0.000534119 0)
(0.876801 0.000510576 0)
(0.876713 0.000464211 0)
(0.876636 0.000408306 0)
(0.876578 0.000350785 0)
(0.876536 0.000295773 0)
(0.795743 0.00023024 0)
(0.797081 0.000520469 0)
(0.797369 0.000632688 0)
(0.797061 0.000666493 0)
(0.796889 0.000653493 0)
(0.796829 0.000601562 0)
(0.796791 0.00052904 0)
(0.796766 0.000452251 0)
(0.796756 0.00037927 0)
(0.796757 0.000313347 0)
(0.695674 0.000333252 0)
(0.697047 0.000695059 0)
(0.697312 0.00078675 0)
(0.697042 0.000778507 0)
(0.69694 0.000722117 0)
(0.696952 0.000632747 0)
(0.696983 0.000533407 0)
(0.697021 0.000440199 0)
(0.697065 0.000358593 0)
(0.69711 0.000289258 0)
(0.575586 0.000485609 0)
(0.57702 0.000885824 0)
(0.577301 0.000899511 0)
(0.57713 0.000816299 0)
(0.57714 0.000704504 0)
(0.577248 0.000580149 0)
(0.577357 0.000464415 0)
(0.577457 0.000367656 0)
(0.577549 0.000289727 0)
(0.577628 0.000227573 0)
(0.435479 0.000722104 0)
(0.437057 0.00105256 0)
(0.437452 0.000902012 0)
(0.437457 0.000724628 0)
(0.43761 0.000569484 0)
(0.437812 0.000433809 0)
(0.437985 0.000326116 0)
(0.438126 0.000245979 0)
(0.438242 0.000186799 0)
(0.438336 0.00014257 0)
(0.27547 0.000917263 0)
(0.277364 0.0010227 0)
(0.277998 0.000697271 0)
(0.278228 0.000475385 0)
(0.278494 0.000330319 0)
(0.278737 0.000226999 0)
(0.278919 0.000157147 0)
(0.279056 0.00011149 0)
(0.27916 8.09496e-05 0)
(0.27924 5.97302e-05 0)
(0.096772 0.000320539 0)
(0.0987369 0.000200011 0)
(0.0994057 0.000132983 0)
(0.0996975 8.91883e-05 0)
(0.0999151 5.33582e-05 0)
(0.10007 3.06125e-05 0)
(0.100171 1.8379e-05 0)
(0.100239 1.17581e-05 0)
(0.100288 7.85928e-06 0)
(0.100323 5.40697e-06 0)
(0.100348 -3.80647e-06 0)
(0.100368 -2.73379e-06 0)
(0.100382 -1.99437e-06 0)
(0.100393 -1.46947e-06 0)
(0.100401 -1.08752e-06 0)
(0.100408 -8.05434e-07 0)
(0.100413 -5.95936e-07 0)
(0.100416 -4.40196e-07 0)
(0.100419 -3.24247e-07 0)
(0.100421 -2.37819e-07 0)
(0.100423 -1.73181e-07 0)
(0.100424 -1.24917e-07 0)
(0.100424 -8.88445e-08 0)
(0.100425 -6.21095e-08 0)
(0.100425 -4.22957e-08 0)
(0.100426 -2.78442e-08 0)
(0.100426 -1.72643e-08 0)
(0.100426 -9.7249e-09 0)
(0.100426 -4.2711e-09 0)
(0.100426 -5.06204e-10 0)
(0.100426 2.20749e-09 0)
(0.100426 4.0121e-09 0)
(0.100426 5.36914e-09 0)
(0.100426 6.26482e-09 0)
(0.100426 7.06085e-09 0)
(0.100425 7.64836e-09 0)
(0.100425 8.32555e-09 0)
(0.100425 8.91673e-09 0)
(0.100425 9.67482e-09 0)
(0.100425 1.03754e-08 0)
(0.100425 1.12363e-08 0)
(0.100425 1.19993e-08 0)
(0.100424 1.28567e-08 0)
(0.100424 1.3532e-08 0)
(0.100424 1.42031e-08 0)
(0.2793 -4.44492e-05 0)
(0.279347 -3.34118e-05 0)
(0.279383 -2.52705e-05 0)
(0.279411 -1.91914e-05 0)
(0.279432 -1.45998e-05 0)
(0.279448 -1.11016e-05 0)
(0.279461 -8.42405e-06 0)
(0.279471 -6.37187e-06 0)
(0.279478 -4.79925e-06 0)
(0.279484 -3.59438e-06 0)
(0.279488 -2.67114e-06 0)
(0.279491 -1.96361e-06 0)
(0.279493 -1.42153e-06 0)
(0.279495 -1.00663e-06 0)
(0.279496 -6.89522e-07 0)
(0.279497 -4.47599e-07 0)
(0.279497 -2.63313e-07 0)
(0.279497 -1.23116e-07 0)
(0.279497 -1.64957e-08 0)
(0.279497 6.45855e-08 0)
(0.279497 1.2632e-07 0)
(0.279497 1.73365e-07 0)
(0.279497 2.0929e-07 0)
(0.279496 2.36719e-07 0)
(0.279496 2.57639e-07 0)
(0.279496 2.73442e-07 0)
(0.279495 2.85164e-07 0)
(0.279495 2.93443e-07 0)
(0.279494 2.9873e-07 0)
(0.279494 3.01207e-07 0)
(0.279493 3.00982e-07 0)
(0.279493 2.9799e-07 0)
(0.279492 2.9218e-07 0)
(0.279492 2.83398e-07 0)
(0.279491 2.71583e-07 0)
(0.43841 -0.000108827 0)
(0.438469 -8.34713e-05 0)
(0.438516 -6.41437e-05 0)
(0.438553 -4.93403e-05 0)
(0.438581 -3.79417e-05 0)
(0.438604 -2.91266e-05 0)
(0.438621 -2.22946e-05 0)
(0.438634 -1.69994e-05 0)
(0.438645 -1.28993e-05 0)
(0.438652 -9.72811e-06 0)
(0.438658 -7.27692e-06 0)
(0.438663 -5.38318e-06 0)
(0.438666 -3.92065e-06 0)
(0.438668 -2.79201e-06 0)
(0.43867 -1.92161e-06 0)
(0.438671 -1.25107e-06 0)
(0.438672 -7.34574e-07 0)
(0.438672 -3.36871e-07 0)
(0.438672 -3.0244e-08 0)
(0.438672 2.06326e-07 0)
(0.438672 3.89325e-07 0)
(0.438671 5.30925e-07 0)
(0.438671 6.40695e-07 0)
(0.43867 7.25402e-07 0)
(0.43867 7.90426e-07 0)
(0.438669 8.39271e-07 0)
(0.438668 8.74803e-07 0)
(0.438667 8.9858e-07 0)
(0.438667 9.1199e-07 0)
(0.438666 9.15477e-07 0)
(0.438665 9.09633e-07 0)
(0.438664 8.9436e-07 0)
(0.438663 8.69941e-07 0)
(0.438663 8.36158e-07 0)
(0.438662 7.93346e-07 0)
(0.577693 -0.000177581 0)
(0.577748 -0.000138647 0)
(0.577793 -0.000108064 0)
(0.577829 -8.4084e-05 0)
(0.577857 -6.52775e-05 0)
(0.57788 -5.05194e-05 0)
(0.577897 -3.89428e-05 0)
(0.577911 -2.98768e-05 0)
(0.577922 -2.27931e-05 0)
(0.57793 -1.72695e-05 0)
(0.577936 -1.29688e-05 0)
(0.577941 -9.62331e-06 0)
(0.577945 -7.0226e-06 0)
(0.577947 -5.00195e-06 0)
(0.577949 -3.43276e-06 0)
(0.57795 -2.21435e-06 0)
(0.577951 -1.2681e-06 0)
(0.577951 -5.32405e-07 0)
(0.577951 4.0519e-08 0)
(0.57795 4.87797e-07 0)
(0.57795 8.37794e-07 0)
(0.577949 1.11225e-06 0)
(0.577949 1.3274e-06 0)
(0.577948 1.49549e-06 0)
(0.577947 1.62534e-06 0)
(0.577946 1.72347e-06 0)
(0.577945 1.79429e-06 0)
(0.577944 1.84093e-06 0)
(0.577943 1.86528e-06 0)
(0.577941 1.86862e-06 0)
(0.57794 1.85158e-06 0)
(0.577939 1.81467e-06 0)
(0.577938 1.75812e-06 0)
(0.577937 1.68241e-06 0)
(0.577936 1.58804e-06 0)
(0.697149 -0.000230459 0)
(0.697185 -0.00018304 0)
(0.697215 -0.000144653 0)
(0.697241 -0.000113828 0)
(0.697262 -8.91929e-05 0)
(0.697279 -6.95645e-05 0)
(0.697293 -5.39734e-05 0)
(0.697303 -4.16338e-05 0)
(0.697312 -3.19038e-05 0)
(0.697318 -2.42555e-05 0)
(0.697323 -1.82573e-05 0)
(0.697327 -1.35599e-05 0)
(0.69733 -9.88442e-06 0)
(0.697331 -7.00983e-06 0)
(0.697333 -4.76189e-06 0)
(0.697333 -3.00333e-06 0)
(0.697334 -1.6261e-06 0)
(0.697334 -5.45412e-07 0)
(0.697333 3.04959e-07 0)
(0.697333 9.76341e-07 0)
(0.697332 1.50819e-06 0)
(0.697331 1.93048e-06 0)
(0.69733 2.26577e-06 0)
(0.697329 2.53071e-06 0)
(0.697328 2.73745e-06 0)
(0.697327 2.89463e-06 0)
(0.697325 3.0082e-06 0)
(0.697324 3.08214e-06 0)
(0.697323 3.119e-06 0)
(0.697321 3.12032e-06 0)
(0.69732 3.0871e-06 0)
(0.697319 3.02002e-06 0)
(0.697317 2.91981e-06 0)
(0.697316 2.7874e-06 0)
(0.697315 2.62411e-06 0)
(0.796761 -0.000254383 0)
(0.796769 -0.000205282 0)
(0.796778 -0.000164351 0)
(0.796786 -0.000130708 0)
(0.796794 -0.000103313 0)
(0.7968 -8.11521e-05 0)
(0.796806 -6.33277e-05 0)
(0.79681 -4.90708e-05 0)
(0.796814 -3.77261e-05 0)
(0.796816 -2.8737e-05 0)
(0.796818 -2.16358e-05 0)
(0.79682 -1.60363e-05 0)
(0.796821 -1.16252e-05 0)
(0.796822 -8.15118e-06 0)
(0.796822 -5.41408e-06 0)
(0.796822 -3.25508e-06 0)
(0.796821 -1.54853e-06 0)
(0.796821 -1.95373e-07 0)
(0.79682 8.81886e-07 0)
(0.796819 1.74339e-06 0)
(0.796818 2.4353e-06 0)
(0.796817 2.99255e-06 0)
(0.796816 3.44123e-06 0)
(0.796815 3.80046e-06 0)
(0.796813 4.08391e-06 0)
(0.796812 4.30112e-06 0)
(0.79681 4.45849e-06 0)
(0.796809 4.56012e-06 0)
(0.796807 4.60852e-06 0)
(0.796806 4.60518e-06 0)
(0.796804 4.55109e-06 0)
(0.796803 4.44709e-06 0)
(0.796801 4.29427e-06 0)
(0.7968 4.09421e-06 0)
(0.796798 3.84918e-06 0)
(0.876504 -0.000243879 0)
(0.876481 -0.000199541 0)
(0.876465 -0.000161573 0)
(0.876452 -0.000129689 0)
(0.876443 -0.000103271 0)
(0.876437 -8.15963e-05 0)
(0.876432 -6.39556e-05 0)
(0.876428 -4.97031e-05 0)
(0.876425 -3.82622e-05 0)
(0.876423 -2.91252e-05 0)
(0.876421 -2.18538e-05 0)
(0.876419 -1.60788e-05 0)
(0.876418 -1.14955e-05 0)
(0.876417 -7.85701e-06 0)
(0.876416 -4.96478e-06 0)
(0.876415 -2.66034e-06 0)
(0.876414 -8.17675e-07 0)
(0.876412 6.62721e-07 0)
(0.876411 1.8588e-06 0)
(0.87641 2.83089e-06 0)
(0.876409 3.6251e-06 0)
(0.876408 4.276e-06 0)
(0.876406 4.80905e-06 0)
(0.876405 5.24251e-06 0)
(0.876403 5.58904e-06 0)
(0.876402 5.8571e-06 0)
(0.8764 6.05196e-06 0)
(0.876398 6.17668e-06 0)
(0.876397 6.23287e-06 0)
(0.876395 6.22132e-06 0)
(0.876394 6.14257e-06 0)
(0.876392 5.99737e-06 0)
(0.87639 5.78704e-06 0)
(0.876389 5.51375e-06 0)
(0.876388 5.18078e-06 0)
(0.936346 -0.000200489 0)
(0.936296 -0.00016582 0)
(0.936256 -0.000135451 0)
(0.936224 -0.00010948 0)
(0.936199 -8.76405e-05 0)
(0.936179 -6.94991e-05 0)
(0.936163 -5.45788e-05 0)
(0.936151 -4.24131e-05 0)
(0.936141 -3.25656e-05 0)
(0.936134 -2.46387e-05 0)
(0.936128 -1.82802e-05 0)
(0.936123 -1.31878e-05 0)
(0.936119 -9.1089e-06 0)
(0.936116 -5.83646e-06 0)
(0.936113 -3.20312e-06 0)
(0.936111 -1.07462e-06 0)
(0.936109 6.55937e-07 0)
(0.936108 2.07294e-06 0)
(0.936106 3.24221e-06 0)
(0.936105 4.21433e-06 0)
(0.936103 5.02739e-06 0)
(0.936102 5.70938e-06 0)
(0.9361 6.28025e-06 0)
(0.936099 6.75357e-06 0)
(0.936097 7.13806e-06 0)
(0.936096 7.43877e-06 0)
(0.936094 7.65813e-06 0)
(0.936093 7.79684e-06 0)
(0.936091 7.85462e-06 0)
(0.93609 7.83084e-06 0)
(0.936088 7.72511e-06 0)
(0.936087 7.5377e-06 0)
(0.936085 7.26993e-06 0)
(0.936084 6.92447e-06 0)
(0.936083 6.50547e-06 0)
(0.976259 -0.000130898 0)
(0.976189 -0.000108991 0)
(0.976131 -8.94737e-05 0)
(0.976084 -7.25513e-05 0)
(0.976046 -5.81543e-05 0)
(0.976015 -4.6073e-05 0)
(0.975991 -3.60443e-05 0)
(0.975972 -2.77942e-05 0)
(0.975957 -2.10557e-05 0)
(0.975945 -1.55784e-05 0)
(0.975935 -1.11362e-05 0)
(0.975928 -7.53226e-06 0)
(0.975922 -4.60062e-06 0)
(0.975917 -2.2045e-06 0)
(0.975914 -2.33049e-07 0)
(0.975911 1.40255e-06 0)
(0.975908 2.77268e-06 0)
(0.975906 3.93239e-06 0)
(0.975904 4.92388e-06 0)
(0.975903 5.77873e-06 0)
(0.975901 6.51974e-06 0)
(0.9759 7.16254e-06 0)
(0.975899 7.71705e-06 0)
(0.975897 8.18873e-06 0)
(0.975896 8.57962e-06 0)
(0.975895 8.8894e-06 0)
(0.975893 9.1161e-06 0)
(0.975892 9.25693e-06 0)
(0.975891 9.30887e-06 0)
(0.975889 9.26929e-06 0)
(0.975888 9.1364e-06 0)
(0.975887 8.90969e-06 0)
(0.975886 8.59022e-06 0)
(0.975885 8.18091e-06 0)
(0.975884 7.68662e-06 0)
(0.996222 -4.47405e-05 0)
(0.99614 -3.71733e-05 0)
(0.996073 -3.0352e-05 0)
(0.996018 -2.43697e-05 0)
(0.995973 -1.92194e-05 0)
(0.995936 -1.48406e-05 0)
(0.995907 -1.11501e-05 0)
(0.995884 -8.05785e-06 0)
(0.995866 -5.47414e-06 0)
(0.995852 -3.31355e-06 0)
(0.995841 -1.4981e-06 0)
(0.995832 4.03233e-08 0)
(0.995825 1.35912e-06 0)
(0.99582 2.50507e-06 0)
(0.995815 3.51554e-06 0)
(0.995812 4.41948e-06 0)
(0.995809 5.23889e-06 0)
(0.995807 5.98959e-06 0)
(0.995805 6.68228e-06 0)
(0.995804 7.32314e-06 0)
(0.995803 7.91467e-06 0)
(0.995801 8.45618e-06 0)
(0.9958 8.94464e-06 0)
(0.995799 9.37503e-06 0)
(0.995798 9.74116e-06 0)
(0.995797 1.0036e-05 0)
(0.995797 1.02523e-05 0)
(0.995796 1.03832e-05 0)
(0.995795 1.04225e-05 0)
(0.995794 1.03652e-05 0)
(0.995793 1.02079e-05 0)
(0.995792 9.94916e-06 0)
(0.995791 9.58955e-06 0)
(0.995791 9.13195e-06 0)
(0.99579 8.58172e-06 0)
(0.996222 4.70227e-05 0)
(0.996141 3.97772e-05 0)
(0.996073 3.33115e-05 0)
(0.996018 2.7723e-05 0)
(0.995973 2.30086e-05 0)
(0.995937 1.91114e-05 0)
(0.995908 1.59505e-05 0)
(0.995885 1.34377e-05 0)
(0.995867 1.14848e-05 0)
(0.995853 1.00075e-05 0)
(0.995842 8.92872e-06 0)
(0.995833 8.18031e-06 0)
(0.995827 7.70343e-06 0)
(0.995821 7.4483e-06 0)
(0.995817 7.37269e-06 0)
(0.995814 7.44097e-06 0)
(0.995812 7.62241e-06 0)
(0.99581 7.89049e-06 0)
(0.995809 8.22158e-06 0)
(0.995808 8.59463e-06 0)
(0.995807 8.99013e-06 0)
(0.995806 9.39025e-06 0)
(0.995805 9.77802e-06 0)
(0.995805 1.01378e-05 0)
(0.995804 1.04546e-05 0)
(0.995804 1.0715e-05 0)
(0.995804 1.09062e-05 0)
(0.995803 1.10177e-05 0)
(0.995803 1.10399e-05 0)
(0.995803 1.09659e-05 0)
(0.995802 1.07906e-05 0)
(0.995802 1.05115e-05 0)
(0.995802 1.01286e-05 0)
(0.995802 9.64479e-06 0)
(0.995801 9.06528e-06 0)
(0.97626 0.000133083 0)
(0.976189 0.000111482 0)
(0.976132 9.23041e-05 0)
(0.976085 7.57564e-05 0)
(0.976047 6.17742e-05 0)
(0.976017 5.01508e-05 0)
(0.975993 4.06258e-05 0)
(0.975974 3.29265e-05 0)
(0.975959 2.67875e-05 0)
(0.975948 2.19595e-05 0)
(0.975939 1.82171e-05 0)
(0.975932 1.53632e-05 0)
(0.975927 1.32307e-05 0)
(0.975923 1.16797e-05 0)
(0.97592 1.05947e-05 0)
(0.975918 9.88067e-06 0)
(0.975916 9.45889e-06 0)
(0.975915 9.26406e-06 0)
(0.975914 9.24187e-06 0)
(0.975914 9.34649e-06 0)
(0.975913 9.53927e-06 0)
(0.975913 9.78686e-06 0)
(0.975913 1.00606e-05 0)
(0.975913 1.03355e-05 0)
(0.975913 1.05895e-05 0)
(0.975914 1.08035e-05 0)
(0.975914 1.0961e-05 0)
(0.975914 1.10477e-05 0)
(0.975914 1.10523e-05 0)
(0.975915 1.09659e-05 0)
(0.975915 1.07824e-05 0)
(0.975915 1.04983e-05 0)
(0.975916 1.01133e-05 0)
(0.975916 9.6298e-06 0)
(0.975916 9.05297e-06 0)
(0.936347 0.000202486 0)
(0.936297 0.000168094 0)
(0.936257 0.000138031 0)
(0.936226 0.000112399 0)
(0.936201 9.09338e-05 0)
(0.936181 7.32056e-05 0)
(0.936166 5.87394e-05 0)
(0.936155 4.70702e-05 0)
(0.936145 3.7763e-05 0)
(0.936139 3.04206e-05 0)
(0.936133 2.46919e-05 0)
(0.936129 2.02739e-05 0)
(0.936127 1.69129e-05 0)
(0.936125 1.43988e-05 0)
(0.936123 1.25606e-05 0)
(0.936122 1.12576e-05 0)
(0.936122 1.03762e-05 0)
(0.936121 9.8222e-06 0)
(0.936121 9.51941e-06 0)
(0.936122 9.40412e-06 0)
(0.936122 9.42455e-06 0)
(0.936123 9.53651e-06 0)
(0.936123 9.7039e-06 0)
(0.936124 9.89516e-06 0)
(0.936125 1.00845e-05 0)
(0.936126 1.0249e-05 0)
(0.936126 1.03703e-05 0)
(0.936127 1.0432e-05 0)
(0.936128 1.04223e-05 0)
(0.936129 1.03309e-05 0)
(0.93613 1.01516e-05 0)
(0.936131 9.88014e-06 0)
(0.936132 9.51629e-06 0)
(0.936133 9.06135e-06 0)
(0.936134 8.52069e-06 0)
(0.876506 0.000245609 0)
(0.876483 0.000201508 0)
(0.876467 0.000163801 0)
(0.876455 0.000132205 0)
(0.876446 0.000106107 0)
(0.87644 8.47834e-05 0)
(0.876436 6.75284e-05 0)
(0.876433 5.36979e-05 0)
(0.876431 4.27153e-05 0)
(0.876429 3.40744e-05 0)
(0.876428 2.73363e-05 0)
(0.876428 2.21321e-05 0)
(0.876428 1.81552e-05 0)
(0.876428 1.51569e-05 0)
(0.876428 1.29343e-05 0)
(0.876429 1.1325e-05 0)
(0.876429 1.01957e-05 0)
(0.87643 9.44024e-06 0)
(0.876431 8.9704e-06 0)
(0.876432 8.71653e-06 0)
(0.876433 8.61938e-06 0)
(0.876434 8.63274e-06 0)
(0.876435 8.71585e-06 0)
(0.876436 8.83745e-06 0)
(0.876438 8.96876e-06 0)
(0.876439 9.08843e-06 0)
(0.87644 9.17596e-06 0)
(0.876442 9.21738e-06 0)
(0.876443 9.19872e-06 0)
(0.876445 9.1122e-06 0)
(0.876446 8.94967e-06 0)
(0.876448 8.70905e-06 0)
(0.876449 8.38759e-06 0)
(0.87645 7.98854e-06 0)
(0.876452 7.51409e-06 0)
(0.796763 0.000255794 0)
(0.796771 0.000206881 0)
(0.79678 0.000166157 0)
(0.796789 0.000132743 0)
(0.796797 0.000105601 0)
(0.796804 8.3718e-05 0)
(0.79681 6.61991e-05 0)
(0.796816 5.22756e-05 0)
(0.79682 4.12933e-05 0)
(0.796824 3.26957e-05 0)
(0.796827 2.60151e-05 0)
(0.79683 2.08648e-05 0)
(0.796832 1.69303e-05 0)
(0.796834 1.39581e-05 0)
(0.796836 1.17454e-05 0)
(0.796837 1.01294e-05 0)
(0.796839 8.97965e-06 0)
(0.796841 8.19106e-06 0)
(0.796842 7.67906e-06 0)
(0.796844 7.37538e-06 0)
(0.796845 7.22475e-06 0)
(0.796847 7.18227e-06 0)
(0.796848 7.21118e-06 0)
(0.79685 7.28137e-06 0)
(0.796852 7.36785e-06 0)
(0.796854 7.45012e-06 0)
(0.796855 7.51116e-06 0)
(0.796857 7.53735e-06 0)
(0.796859 7.5177e-06 0)
(0.796861 7.44414e-06 0)
(0.796863 7.31079e-06 0)
(0.796864 7.1145e-06 0)
(0.796866 6.854e-06 0)
(0.796868 6.53054e-06 0)
(0.796869 6.14697e-06 0)
(0.697151 0.000231525 0)
(0.697187 0.000184241 0)
(0.697218 0.000146003 0)
(0.697244 0.000115344 0)
(0.697266 9.08912e-05 0)
(0.697283 7.14631e-05 0)
(0.697297 5.60928e-05 0)
(0.697309 4.39934e-05 0)
(0.697318 3.45252e-05 0)
(0.697326 2.71586e-05 0)
(0.697332 2.14635e-05 0)
(0.697337 1.70879e-05 0)
(0.697341 1.37542e-05 0)
(0.697344 1.12374e-05 0)
(0.697347 9.36387e-06 0)
(0.697349 7.99085e-06 0)
(0.697352 7.00962e-06 0)
(0.697354 6.32829e-06 0)
(0.697356 5.87867e-06 0)
(0.697357 5.60069e-06 0)
(0.697359 5.45178e-06 0)
(0.697361 5.39175e-06 0)
(0.697363 5.39414e-06 0)
(0.697365 5.4311e-06 0)
(0.697367 5.48631e-06 0)
(0.697368 5.53976e-06 0)
(0.69737 5.58193e-06 0)
(0.697372 5.5982e-06 0)
(0.697374 5.58405e-06 0)
(0.697376 5.52909e-06 0)
(0.697378 5.43293e-06 0)
(0.69738 5.28875e-06 0)
(0.697382 5.09981e-06 0)
(0.697383 4.86244e-06 0)
(0.697385 4.5831e-06 0)
(0.577695 0.000178291 0)
(0.57775 0.000139443 0)
(0.577795 0.000108956 0)
(0.577831 8.50819e-05 0)
(0.57786 6.63913e-05 0)
(0.577884 5.17615e-05 0)
(0.577902 4.03247e-05 0)
(0.577917 3.14125e-05 0)
(0.577928 2.44946e-05 0)
(0.577937 1.91508e-05 0)
(0.577944 1.50413e-05 0)
(0.57795 1.18999e-05 0)
(0.577955 9.51328e-06 0)
(0.577959 7.71813e-06 0)
(0.577962 6.38203e-06 0)
(0.577965 5.40529e-06 0)
(0.577967 4.70438e-06 0)
(0.577969 4.21799e-06 0)
(0.577971 3.89242e-06 0)
(0.577973 3.69015e-06 0)
(0.577975 3.57597e-06 0)
(0.577976 3.52717e-06 0)
(0.577978 3.51992e-06 0)
(0.57798 3.54065e-06 0)
(0.577982 3.57251e-06 0)
(0.577984 3.60773e-06 0)
(0.577985 3.63395e-06 0)
(0.577987 3.64736e-06 0)
(0.577989 3.63879e-06 0)
(0.577991 3.60745e-06 0)
(0.577993 3.54673e-06 0)
(0.577994 3.45837e-06 0)
(0.577996 3.33795e-06 0)
(0.577998 3.18941e-06 0)
(0.577999 3.01028e-06 0)
(0.438412 0.0001092 0)
(0.438471 8.38901e-05 0)
(0.438518 6.46144e-05 0)
(0.438555 4.9868e-05 0)
(0.438584 3.85313e-05 0)
(0.438607 2.97836e-05 0)
(0.438625 2.30252e-05 0)
(0.438639 1.78104e-05 0)
(0.43865 1.37974e-05 0)
(0.438658 1.07197e-05 0)
(0.438665 8.36779e-06 0)
(0.43867 6.57899e-06 0)
(0.438675 5.22626e-06 0)
(0.438678 4.21233e-06 0)
(0.438681 3.46042e-06 0)
(0.438683 2.91192e-06 0)
(0.438685 2.51936e-06 0)
(0.438687 2.24696e-06 0)
(0.438689 2.06487e-06 0)
(0.43869 1.95125e-06 0)
(0.438692 1.88701e-06 0)
(0.438693 1.85898e-06 0)
(0.438694 1.85456e-06 0)
(0.438696 1.8658e-06 0)
(0.438697 1.88401e-06 0)
(0.438699 1.90451e-06 0)
(0.4387 1.92108e-06 0)
(0.438702 1.93117e-06 0)
(0.438703 1.93027e-06 0)
(0.438705 1.91747e-06 0)
(0.438706 1.88955e-06 0)
(0.438708 1.84696e-06 0)
(0.438709 1.78758e-06 0)
(0.43871 1.71305e-06 0)
(0.438712 1.62222e-06 0)
(0.279301 4.45743e-05 0)
(0.279348 3.35537e-05 0)
(0.279384 2.54326e-05 0)
(0.279412 1.93749e-05 0)
(0.279434 1.48066e-05 0)
(0.279451 1.13326e-05 0)
(0.279464 8.68194e-06 0)
(0.279474 6.65833e-06 0)
(0.279481 5.11739e-06 0)
(0.279487 3.94533e-06 0)
(0.279492 3.05754e-06 0)
(0.279496 2.38592e-06 0)
(0.279499 1.88218e-06 0)
(0.279501 1.50576e-06 0)
(0.279503 1.22942e-06 0)
(0.279504 1.02796e-06 0)
(0.279506 8.86007e-07 0)
(0.279507 7.87118e-07 0)
(0.279508 7.23007e-07 0)
(0.279509 6.82473e-07 0)
(0.27951 6.61635e-07 0)
(0.279511 6.52417e-07 0)
(0.279512 6.53595e-07 0)
(0.279513 6.58855e-07 0)
(0.279514 6.68606e-07 0)
(0.279515 6.77544e-07 0)
(0.279516 6.87114e-07 0)
(0.279517 6.92614e-07 0)
(0.279518 6.96223e-07 0)
(0.279519 6.93656e-07 0)
(0.27952 6.87669e-07 0)
(0.27952 6.74317e-07 0)
(0.279521 6.56849e-07 0)
(0.279522 6.31626e-07 0)
(0.279523 6.0234e-07 0)
(0.100349 3.80733e-06 0)
(0.100368 2.73597e-06 0)
(0.100383 1.99838e-06 0)
(0.100394 1.47531e-06 0)
(0.100402 1.09491e-06 0)
(0.100409 8.14261e-07 0)
(0.100414 6.06296e-07 0)
(0.100417 4.52252e-07 0)
(0.10042 3.38076e-07 0)
(0.100422 2.53388e-07 0)
(0.100424 1.90371e-07 0)
(0.100425 1.43609e-07 0)
(0.100426 1.08935e-07 0)
(0.100427 8.35462e-08 0)
(0.100428 6.50309e-08 0)
(0.100429 5.1867e-08 0)
(0.100429 4.25369e-08 0)
(0.100429 3.62814e-08 0)
(0.10043 3.21176e-08 0)
(0.10043 2.97363e-08 0)
(0.10043 2.8465e-08 0)
(0.100431 2.82629e-08 0)
(0.100431 2.86037e-08 0)
(0.100431 2.95984e-08 0)
(0.100432 3.07863e-08 0)
(0.100432 3.23635e-08 0)
(0.100432 3.3886e-08 0)
(0.100433 3.56032e-08 0)
(0.100433 3.70684e-08 0)
(0.100433 3.85711e-08 0)
(0.100434 3.96544e-08 0)
(0.100434 4.06439e-08 0)
(0.100434 4.10746e-08 0)
(0.100435 4.13107e-08 0)
(0.100435 4.08853e-08 0)
(0.100424 1.45919e-08 0)
(0.100424 1.48741e-08 0)
(0.100424 1.47864e-08 0)
(0.100424 1.45132e-08 0)
(0.100424 1.38187e-08 0)
(0.100423 1.29051e-08 0)
(0.100423 1.15709e-08 0)
(0.100423 1.004e-08 0)
(0.100423 8.14485e-09 0)
(0.100423 6.1296e-09 0)
(0.279491 2.56627e-07 0)
(0.279491 2.38569e-07 0)
(0.27949 2.17446e-07 0)
(0.27949 1.93471e-07 0)
(0.27949 1.66881e-07 0)
(0.27949 1.38089e-07 0)
(0.279489 1.07534e-07 0)
(0.279489 7.58077e-08 0)
(0.279489 4.35029e-08 0)
(0.279489 1.13212e-08 0)
(0.438661 7.41474e-07 0)
(0.438661 6.81182e-07 0)
(0.43866 6.1282e-07 0)
(0.43866 5.37471e-07 0)
(0.438659 4.55946e-07 0)
(0.438659 3.69779e-07 0)
(0.438659 2.802e-07 0)
(0.438658 1.89096e-07 0)
(0.438658 9.79618e-08 0)
(0.438658 8.84316e-09 0)
(0.577935 1.47595e-06 0)
(0.577934 1.34728e-06 0)
(0.577934 1.20375e-06 0)
(0.577933 1.0473e-06 0)
(0.577933 8.80483e-07 0)
(0.577932 7.05998e-07 0)
(0.577932 5.2704e-07 0)
(0.577931 3.46833e-07 0)
(0.577931 1.68891e-07 0)
(0.577931 -3.44064e-09 0)
(0.697314 2.43182e-06 0)
(0.697313 2.21299e-06 0)
(0.697312 1.97074e-06 0)
(0.697311 1.70883e-06 0)
(0.69731 1.43159e-06 0)
(0.69731 1.14388e-06 0)
(0.697309 8.50917e-07 0)
(0.697309 5.5817e-07 0)
(0.697309 2.71168e-07 0)
(0.697309 -4.64138e-09 0)
(0.796797 3.56229e-06 0)
(0.796796 3.23758e-06 0)
(0.796795 2.88e-06 0)
(0.796794 2.49539e-06 0)
(0.796793 2.09038e-06 0)
(0.796793 1.67222e-06 0)
(0.796792 1.2486e-06 0)
(0.796792 8.2746e-07 0)
(0.796792 4.167e-07 0)
(0.796791 2.39714e-08 0)
(0.876386 4.79261e-06 0)
(0.876385 4.35498e-06 0)
(0.876384 3.87486e-06 0)
(0.876383 3.36035e-06 0)
(0.876382 2.82054e-06 0)
(0.876382 2.26523e-06 0)
(0.876381 1.70472e-06 0)
(0.876381 1.14949e-06 0)
(0.87638 6.09872e-07 0)
(0.87638 9.57717e-08 0)
(0.936081 6.01875e-06 0)
(0.93608 5.47169e-06 0)
(0.936079 4.87324e-06 0)
(0.936078 4.23371e-06 0)
(0.936078 3.56455e-06 0)
(0.936077 2.87801e-06 0)
(0.936076 2.18688e-06 0)
(0.936076 1.504e-06 0)
(0.936076 8.42002e-07 0)
(0.936075 2.12805e-07 0)
(0.975883 7.11423e-06 0)
(0.975882 6.47259e-06 0)
(0.975881 5.77232e-06 0)
(0.97588 5.02562e-06 0)
(0.975879 4.24597e-06 0)
(0.975879 3.44772e-06 0)
(0.975878 2.64567e-06 0)
(0.975878 1.85471e-06 0)
(0.975878 1.08926e-06 0)
(0.975877 3.62917e-07 0)
(0.995789 7.94641e-06 0)
(0.995789 7.23594e-06 0)
(0.995788 6.4621e-06 0)
(0.995788 5.63851e-06 0)
(0.995787 4.78001e-06 0)
(0.995787 3.90245e-06 0)
(0.995786 3.02202e-06 0)
(0.995786 2.15497e-06 0)
(0.995786 1.31689e-06 0)
(0.995786 5.22524e-07 0)
(0.995801 8.39819e-06 0)
(0.995801 7.65366e-06 0)
(0.995801 6.84431e-06 0)
(0.9958 5.98415e-06 0)
(0.9958 5.08891e-06 0)
(0.9958 4.17484e-06 0)
(0.9958 3.25895e-06 0)
(0.9958 2.35776e-06 0)
(0.9958 1.48755e-06 0)
(0.9958 6.63123e-07 0)
(0.975917 8.39049e-06 0)
(0.975917 7.65271e-06 0)
(0.975917 6.85178e-06 0)
(0.975917 6.00184e-06 0)
(0.975917 5.11806e-06 0)
(0.975917 4.21674e-06 0)
(0.975917 3.31419e-06 0)
(0.975917 2.42687e-06 0)
(0.975917 1.57031e-06 0)
(0.975917 7.59205e-07 0)
(0.936134 7.90078e-06 0)
(0.936135 7.21182e-06 0)
(0.936136 6.46445e-06 0)
(0.936136 5.67245e-06 0)
(0.936137 4.84923e-06 0)
(0.936137 4.01049e-06 0)
(0.936137 3.17065e-06 0)
(0.936137 2.34553e-06 0)
(0.936137 1.54874e-06 0)
(0.936138 7.94448e-07 0)
(0.876453 6.9722e-06 0)
(0.876454 6.36924e-06 0)
(0.876455 5.71691e-06 0)
(0.876456 5.02465e-06 0)
(0.876456 4.30658e-06 0)
(0.876457 3.57376e-06 0)
(0.876457 2.84121e-06 0)
(0.876458 2.12004e-06 0)
(0.876458 1.42459e-06 0)
(0.876458 7.64474e-07 0)
(0.796871 5.70839e-06 0)
(0.796872 5.22109e-06 0)
(0.796873 4.69318e-06 0)
(0.796874 4.13343e-06 0)
(0.796875 3.55192e-06 0)
(0.796876 2.95873e-06 0)
(0.796876 2.36466e-06 0)
(0.796877 1.77986e-06 0)
(0.796877 1.2146e-06 0)
(0.796877 6.77907e-07 0)
(0.697387 4.26086e-06 0)
(0.697388 3.9048e-06 0)
(0.697389 3.51612e-06 0)
(0.69739 3.10586e-06 0)
(0.697391 2.67654e-06 0)
(0.697392 2.24033e-06 0)
(0.697393 1.80022e-06 0)
(0.697393 1.36856e-06 0)
(0.697394 9.47933e-07 0)
(0.697394 5.49985e-07 0)
(0.578001 2.80636e-06 0)
(0.578002 2.57677e-06 0)
(0.578003 2.32883e-06 0)
(0.578004 2.06281e-06 0)
(0.578005 1.78705e-06 0)
(0.578006 1.50249e-06 0)
(0.578007 1.21791e-06 0)
(0.578007 9.34342e-07 0)
(0.578007 6.60473e-07 0)
(0.578008 3.96872e-07 0)
(0.438713 1.51774e-06 0)
(0.438714 1.3993e-06 0)
(0.438715 1.27036e-06 0)
(0.438716 1.13124e-06 0)
(0.438717 9.86018e-07 0)
(0.438717 8.35368e-07 0)
(0.438718 6.837e-07 0)
(0.438718 5.31776e-07 0)
(0.438718 3.84033e-07 0)
(0.438719 2.41034e-07 0)
(0.279524 5.65631e-07 0)
(0.279525 5.25584e-07 0)
(0.279525 4.79082e-07 0)
(0.279526 4.30534e-07 0)
(0.279526 3.77005e-07 0)
(0.279527 3.23143e-07 0)
(0.279527 2.6611e-07 0)
(0.279528 2.10687e-07 0)
(0.279528 1.54029e-07 0)
(0.279528 1.00943e-07 0)
(0.100435 4.02059e-08 0)
(0.100436 3.88107e-08 0)
(0.100436 3.71545e-08 0)
(0.100436 3.47858e-08 0)
(0.100436 3.22072e-08 0)
(0.100436 2.89794e-08 0)
(0.100437 2.56488e-08 0)
(0.100437 2.17857e-08 0)
(0.100437 1.79713e-08 0)
(0.100437 1.37794e-08 0)
(0.100423 3.85398e-09 0)
(0.100423 1.57578e-09 0)
(0.100423 -8.29601e-10 0)
(0.100423 -3.10015e-09 0)
(0.100423 -5.35854e-09 0)
(0.100423 -7.34961e-09 0)
(0.100424 -9.20714e-09 0)
(0.100424 -1.0692e-08 0)
(0.100424 -1.19587e-08 0)
(0.100424 -1.27902e-08 0)
(0.100424 -1.33662e-08 0)
(0.100424 -1.34949e-08 0)
(0.100424 -1.33788e-08 0)
(0.100424 -1.28502e-08 0)
(0.100424 -1.21311e-08 0)
(0.100424 -1.107e-08 0)
(0.100424 -9.89998e-09 0)
(0.100424 -8.48143e-09 0)
(0.100424 -7.04686e-09 0)
(0.100424 -5.46262e-09 0)
(0.100424 -3.95141e-09 0)
(0.100424 -2.37205e-09 0)
(0.100424 -9.46857e-10 0)
(0.100424 4.75378e-10 0)
(0.100424 1.71001e-09 0)
(0.100424 2.8869e-09 0)
(0.100424 3.85419e-09 0)
(0.100424 4.76582e-09 0)
(0.100424 5.47697e-09 0)
(0.100424 6.15543e-09 0)
(0.100424 6.66322e-09 0)
(0.100424 7.18883e-09 0)
(0.100424 7.62632e-09 0)
(0.100424 8.05432e-09 0)
(0.100424 8.05696e-09 0)
(0.279489 -2.00726e-08 0)
(0.279489 -4.9966e-08 0)
(0.279489 -7.77262e-08 0)
(0.279489 -1.02733e-07 0)
(0.27949 -1.24486e-07 0)
(0.27949 -1.42548e-07 0)
(0.27949 -1.56628e-07 0)
(0.27949 -1.66528e-07 0)
(0.279491 -1.72206e-07 0)
(0.279491 -1.7372e-07 0)
(0.279491 -1.7127e-07 0)
(0.279491 -1.65142e-07 0)
(0.279491 -1.55739e-07 0)
(0.279492 -1.43511e-07 0)
(0.279492 -1.28988e-07 0)
(0.279492 -1.12707e-07 0)
(0.279492 -9.52392e-08 0)
(0.279492 -7.7123e-08 0)
(0.279492 -5.88896e-08 0)
(0.279492 -4.1005e-08 0)
(0.279492 -2.38949e-08 0)
(0.279492 -7.89793e-09 0)
(0.279492 6.71181e-09 0)
(0.279492 1.97539e-08 0)
(0.279492 3.11204e-08 0)
(0.279492 4.08064e-08 0)
(0.279492 4.88728e-08 0)
(0.279492 5.54607e-08 0)
(0.279492 6.07645e-08 0)
(0.279492 6.50183e-08 0)
(0.279492 6.84607e-08 0)
(0.279492 7.13219e-08 0)
(0.279492 7.37616e-08 0)
(0.279492 7.57578e-08 0)
(0.279492 7.72296e-08 0)
(0.438658 -7.67206e-08 0)
(0.438658 -1.56769e-07 0)
(0.438659 -2.29965e-07 0)
(0.438659 -2.94676e-07 0)
(0.438659 -3.4999e-07 0)
(0.438659 -3.94793e-07 0)
(0.43866 -4.28749e-07 0)
(0.43866 -4.51368e-07 0)
(0.43866 -4.62948e-07 0)
(0.438661 -4.63628e-07 0)
(0.438661 -4.54291e-07 0)
(0.438661 -4.35612e-07 0)
(0.438662 -4.08928e-07 0)
(0.438662 -3.75283e-07 0)
(0.438662 -3.36277e-07 0)
(0.438663 -2.93118e-07 0)
(0.438663 -2.47462e-07 0)
(0.438663 -2.00474e-07 0)
(0.438663 -1.53673e-07 0)
(0.438663 -1.08008e-07 0)
(0.438663 -6.47136e-08 0)
(0.438663 -2.44009e-08 0)
(0.438663 1.2069e-08 0)
(0.438663 4.44872e-08 0)
(0.438663 7.24177e-08 0)
(0.438663 9.60492e-08 0)
(0.438663 1.15361e-07 0)
(0.438663 1.30907e-07 0)
(0.438663 1.42957e-07 0)
(0.438663 1.52308e-07 0)
(0.438663 1.59351e-07 0)
(0.438663 1.649e-07 0)
(0.438662 1.6921e-07 0)
(0.438662 1.72814e-07 0)
(0.438662 1.75644e-07 0)
(0.577931 -1.66752e-07 0)
(0.577931 -3.18026e-07 0)
(0.577932 -4.54397e-07 0)
(0.577932 -5.7359e-07 0)
(0.577932 -6.7365e-07 0)
(0.577933 -7.5334e-07 0)
(0.577933 -8.11837e-07 0)
(0.577933 -8.49075e-07 0)
(0.577934 -8.65405e-07 0)
(0.577934 -8.61881e-07 0)
(0.577935 -8.3989e-07 0)
(0.577935 -8.01395e-07 0)
(0.577936 -7.48536e-07 0)
(0.577936 -6.83859e-07 0)
(0.577936 -6.09897e-07 0)
(0.577937 -5.29398e-07 0)
(0.577937 -4.44915e-07 0)
(0.577937 -3.59033e-07 0)
(0.577937 -2.73991e-07 0)
(0.577937 -1.91921e-07 0)
(0.577937 -1.1451e-07 0)
(0.577937 -4.3247e-08 0)
(0.577937 2.08794e-08 0)
(0.577937 7.71008e-08 0)
(0.577937 1.25156e-07 0)
(0.577937 1.65002e-07 0)
(0.577937 1.97052e-07 0)
(0.577937 2.21876e-07 0)
(0.577937 2.40407e-07 0)
(0.577937 2.53608e-07 0)
(0.577937 2.6267e-07 0)
(0.577937 2.68634e-07 0)
(0.577937 2.72569e-07 0)
(0.577936 2.75242e-07 0)
(0.577936 2.77469e-07 0)
(0.697309 -2.64108e-07 0)
(0.697309 -5.02501e-07 0)
(0.697309 -7.15704e-07 0)
(0.697309 -9.00303e-07 0)
(0.69731 -1.05372e-06 0)
(0.69731 -1.17426e-06 0)
(0.697311 -1.26116e-06 0)
(0.697311 -1.31454e-06 0)
(0.697312 -1.33545e-06 0)
(0.697312 -1.32571e-06 0)
(0.697313 -1.28788e-06 0)
(0.697313 -1.22511e-06 0)
(0.697313 -1.14102e-06 0)
(0.697314 -1.03952e-06 0)
(0.697314 -9.24736e-07 0)
(0.697314 -8.00784e-07 0)
(0.697315 -6.71697e-07 0)
(0.697315 -5.41267e-07 0)
(0.697315 -4.12964e-07 0)
(0.697315 -2.89832e-07 0)
(0.697315 -1.74444e-07 0)
(0.697315 -6.88447e-08 0)
(0.697315 2.546e-08 0)
(0.697315 1.07515e-07 0)
(0.697315 1.76894e-07 0)
(0.697315 2.33682e-07 0)
(0.697315 2.78422e-07 0)
(0.697315 3.12063e-07 0)
(0.697315 3.35885e-07 0)
(0.697315 3.51407e-07 0)
(0.697315 3.60294e-07 0)
(0.697315 3.64242e-07 0)
(0.697315 3.64853e-07 0)
(0.697315 3.63579e-07 0)
(0.697315 3.61751e-07 0)
(0.796791 -3.43566e-07 0)
(0.796792 -6.79485e-07 0)
(0.796792 -9.78263e-07 0)
(0.796792 -1.23547e-06 0)
(0.796792 -1.44786e-06 0)
(0.796793 -1.61346e-06 0)
(0.796793 -1.73161e-06 0)
(0.796794 -1.80288e-06 0)
(0.796794 -1.82907e-06 0)
(0.796795 -1.81306e-06 0)
(0.796795 -1.75866e-06 0)
(0.796796 -1.67045e-06 0)
(0.796796 -1.55359e-06 0)
(0.796796 -1.41362e-06 0)
(0.796797 -1.25626e-06 0)
(0.796797 -1.0872e-06 0)
(0.796797 -9.11934e-07 0)
(0.796798 -7.35611e-07 0)
(0.796798 -5.62885e-07 0)
(0.796798 -3.97819e-07 0)
(0.796798 -2.43803e-07 0)
(0.796798 -1.03514e-07 0)
(0.796798 2.11071e-08 0)
(0.796798 1.28852e-07 0)
(0.796798 2.19213e-07 0)
(0.796798 2.92334e-07 0)
(0.796798 3.48957e-07 0)
(0.796798 3.9033e-07 0)
(0.796798 4.18125e-07 0)
(0.796798 4.34318e-07 0)
(0.796798 4.41074e-07 0)
(0.796798 4.40637e-07 0)
(0.796798 4.35181e-07 0)
(0.796798 4.26751e-07 0)
(0.796798 4.17225e-07 0)
(0.87638 -3.83685e-07 0)
(0.87638 -8.20384e-07 0)
(0.87638 -1.20749e-06 0)
(0.876381 -1.53961e-06 0)
(0.876381 -1.81295e-06 0)
(0.876381 -2.02537e-06 0)
(0.876382 -2.17637e-06 0)
(0.876382 -2.2671e-06 0)
(0.876383 -2.30019e-06 0)
(0.876383 -2.2796e-06 0)
(0.876383 -2.21048e-06 0)
(0.876384 -2.09887e-06 0)
(0.876384 -1.95148e-06 0)
(0.876385 -1.77546e-06 0)
(0.876385 -1.57811e-06 0)
(0.876385 -1.36664e-06 0)
(0.876385 -1.14799e-06 0)
(0.876386 -9.28608e-07 0)
(0.876386 -7.14277e-07 0)
(0.876386 -5.10024e-07 0)
(0.876386 -3.20022e-07 0)
(0.876386 -1.47534e-07 0)
(0.876386 5.08667e-09 0)
(0.876386 1.36394e-07 0)
(0.876386 2.45792e-07 0)
(0.876386 3.33477e-07 0)
(0.876386 4.00345e-07 0)
(0.876386 4.47901e-07 0)
(0.876386 4.78129e-07 0)
(0.876386 4.93382e-07 0)
(0.876386 4.96231e-07 0)
(0.876386 4.89345e-07 0)
(0.876386 4.75361e-07 0)
(0.876386 4.5679e-07 0)
(0.876386 4.35954e-07 0)
(0.936075 -3.72645e-07 0)
(0.936075 -9.04769e-07 0)
(0.936075 -1.37556e-06 0)
(0.936076 -1.77886e-06 0)
(0.936076 -2.1104e-06 0)
(0.936076 -2.36799e-06 0)
(0.936076 -2.55137e-06 0)
(0.936077 -2.66224e-06 0)
(0.936077 -2.70406e-06 0)
(0.936077 -2.68185e-06 0)
(0.936078 -2.60196e-06 0)
(0.936078 -2.47177e-06 0)
(0.936078 -2.29942e-06 0)
(0.936079 -2.09349e-06 0)
(0.936079 -1.86269e-06 0)
(0.936079 -1.61562e-06 0)
(0.936079 -1.36045e-06 0)
(0.93608 -1.10477e-06 0)
(0.93608 -8.55363e-07 0)
(0.93608 -6.18106e-07 0)
(0.93608 -3.97833e-07 0)
(0.93608 -1.98339e-07 0)
(0.93608 -2.23212e-08 0)
(0.93608 1.28538e-07 0)
(0.93608 2.53567e-07 0)
(0.93608 3.52965e-07 0)
(0.93608 4.27743e-07 0)
(0.93608 4.7956e-07 0)
(0.93608 5.10631e-07 0)
(0.93608 5.23545e-07 0)
(0.93608 5.21154e-07 0)
(0.93608 5.06385e-07 0)
(0.93608 4.82176e-07 0)
(0.93608 4.5131e-07 0)
(0.93608 4.16378e-07 0)
(0.975877 -3.11961e-07 0)
(0.975877 -9.24629e-07 0)
(0.975877 -1.46623e-06 0)
(0.975877 -1.93e-06 0)
(0.975877 -2.31143e-06 0)
(0.975878 -2.60829e-06 0)
(0.975878 -2.82061e-06 0)
(0.975878 -2.95058e-06 0)
(0.975878 -3.00236e-06 0)
(0.975879 -2.98184e-06 0)
(0.975879 -2.89636e-06 0)
(0.975879 -2.75437e-06 0)
(0.975879 -2.56514e-06 0)
(0.975879 -2.33838e-06 0)
(0.97588 -2.08392e-06 0)
(0.97588 -1.81138e-06 0)
(0.97588 -1.52994e-06 0)
(0.97588 -1.24805e-06 0)
(0.97588 -9.73267e-07 0)
(0.97588 -7.121e-07 0)
(0.97588 -4.69918e-07 0)
(0.97588 -2.50908e-07 0)
(0.97588 -5.80669e-08 0)
(0.97588 1.06748e-07 0)
(0.97588 2.42757e-07 0)
(0.97588 3.50146e-07 0)
(0.97588 4.29947e-07 0)
(0.97588 4.839e-07 0)
(0.97588 5.14302e-07 0)
(0.975881 5.23855e-07 0)
(0.975881 5.15507e-07 0)
(0.975881 4.92301e-07 0)
(0.975881 4.57253e-07 0)
(0.975881 4.1325e-07 0)
(0.975881 3.62934e-07 0)
(0.995786 -2.14972e-07 0)
(0.995786 -8.84084e-07 0)
(0.995785 -1.47552e-06 0)
(0.995785 -1.98215e-06 0)
(0.995785 -2.39943e-06 0)
(0.995786 -2.72512e-06 0)
(0.995786 -2.95957e-06 0)
(0.995786 -3.10527e-06 0)
(0.995786 -3.16693e-06 0)
(0.995786 -3.15095e-06 0)
(0.995786 -3.0654e-06 0)
(0.995786 -2.91935e-06 0)
(0.995786 -2.72283e-06 0)
(0.995786 -2.4862e-06 0)
(0.995786 -2.22003e-06 0)
(0.995786 -1.93452e-06 0)
(0.995786 -1.6395e-06 0)
(0.995787 -1.34388e-06 0)
(0.995787 -1.05574e-06 0)
(0.995787 -7.81918e-07 0)
(0.995787 -5.28171e-07 0)
(0.995787 -2.98872e-07 0)
(0.995787 -9.72752e-08 0)
(0.995787 7.46888e-08 0)
(0.995787 2.16078e-07 0)
(0.995787 3.2708e-07 0)
(0.995787 4.08621e-07 0)
(0.995787 4.62466e-07 0)
(0.995787 4.90815e-07 0)
(0.995787 4.96386e-07 0)
(0.995787 4.8201e-07 0)
(0.995787 4.50724e-07 0)
(0.995787 4.05397e-07 0)
(0.995787 3.48887e-07 0)
(0.995787 2.83659e-07 0)
(0.995799 -1.01839e-07 0)
(0.995799 -7.95929e-07 0)
(0.995799 -1.40953e-06 0)
(0.995799 -1.93578e-06 0)
(0.995799 -2.36994e-06 0)
(0.995799 -2.71018e-06 0)
(0.995799 -2.95672e-06 0)
(0.995799 -3.11253e-06 0)
(0.995799 -3.18227e-06 0)
(0.995799 -3.17283e-06 0)
(0.995799 -3.09222e-06 0)
(0.995799 -2.95001e-06 0)
(0.995799 -2.75616e-06 0)
(0.995799 -2.52149e-06 0)
(0.995798 -2.25646e-06 0)
(0.995798 -1.9717e-06 0)
(0.995798 -1.67692e-06 0)
(0.995798 -1.3814e-06 0)
(0.995798 -1.09308e-06 0)
(0.995798 -8.19144e-07 0)
(0.995798 -5.65167e-07 0)
(0.995799 -3.35869e-07 0)
(0.995799 -1.34314e-07 0)
(0.995799 3.72225e-08 0)
(0.995799 1.77981e-07 0)
(0.995799 2.87785e-07 0)
(0.995799 3.67715e-07 0)
(0.995799 4.19137e-07 0)
(0.995799 4.4436e-07 0)
(0.995799 4.45653e-07 0)
(0.995799 4.25914e-07 0)
(0.995799 3.87694e-07 0)
(0.995799 3.33921e-07 0)
(0.995799 2.6693e-07 0)
(0.995799 1.89255e-07 0)
(0.975917 6.44837e-09 0)
(0.975917 -6.76622e-07 0)
(0.975917 -1.28111e-06 0)
(0.975917 -1.80011e-06 0)
(0.975917 -2.22948e-06 0)
(0.975917 -2.5672e-06 0)
(0.975916 -2.81392e-06 0)
(0.975916 -2.97223e-06 0)
(0.975916 -3.04706e-06 0)
(0.975916 -3.04475e-06 0)
(0.975915 -2.97344e-06 0)
(0.975915 -2.84205e-06 0)
(0.975915 -2.66057e-06 0)
(0.975915 -2.43908e-06 0)
(0.975915 -2.18806e-06 0)
(0.975915 -1.91742e-06 0)
(0.975915 -1.63687e-06 0)
(0.975915 -1.35505e-06 0)
(0.975915 -1.07998e-06 0)
(0.975914 -8.18272e-07 0)
(0.975914 -5.75696e-07 0)
(0.975914 -3.56494e-07 0)
(0.975914 -1.64054e-07 0)
(0.975915 -2.82055e-10 0)
(0.975915 1.33624e-07 0)
(0.975915 2.37745e-07 0)
(0.975915 3.12615e-07 0)
(0.975915 3.59769e-07 0)
(0.975915 3.80871e-07 0)
(0.975915 3.78292e-07 0)
(0.975915 3.54223e-07 0)
(0.975915 3.11286e-07 0)
(0.975915 2.51698e-07 0)
(0.975915 1.77885e-07 0)
(0.975915 9.16787e-08 0)
(0.936137 9.37943e-08 0)
(0.936137 -5.4217e-07 0)
(0.936137 -1.10598e-06 0)
(0.936137 -1.59068e-06 0)
(0.936137 -1.99315e-06 0)
(0.936136 -2.31087e-06 0)
(0.936136 -2.54515e-06 0)
(0.936136 -2.69766e-06 0)
(0.936135 -2.77359e-06 0)
(0.936135 -2.77806e-06 0)
(0.936135 -2.71918e-06 0)
(0.936134 -2.60442e-06 0)
(0.936134 -2.4436e-06 0)
(0.936134 -2.24524e-06 0)
(0.936134 -2.01964e-06 0)
(0.936133 -1.77518e-06 0)
(0.936133 -1.52146e-06 0)
(0.936133 -1.26573e-06 0)
(0.936133 -1.01608e-06 0)
(0.936133 -7.77911e-07 0)
(0.936133 -5.57282e-07 0)
(0.936133 -3.57465e-07 0)
(0.936133 -1.82343e-07 0)
(0.936133 -3.30774e-08 0)
(0.936133 8.84271e-08 0)
(0.936133 1.82807e-07 0)
(0.936133 2.49715e-07 0)
(0.936133 2.91094e-07 0)
(0.936133 3.07597e-07 0)
(0.936133 3.01925e-07 0)
(0.936133 2.75174e-07 0)
(0.936134 2.30326e-07 0)
(0.936134 1.68461e-07 0)
(0.936134 9.24798e-08 0)
(0.936134 3.11246e-09 0)
(0.876458 1.51962e-07 0)
(0.876458 -4.0603e-07 0)
(0.876458 -9.00382e-07 0)
(0.876457 -1.32771e-06 0)
(0.876457 -1.6826e-06 0)
(0.876457 -1.9655e-06 0)
(0.876456 -2.17477e-06 0)
(0.876456 -2.31449e-06 0)
(0.876456 -2.38632e-06 0)
(0.876455 -2.39736e-06 0)
(0.876455 -2.35178e-06 0)
(0.876454 -2.25872e-06 0)
(0.876454 -2.12386e-06 0)
(0.876454 -1.9573e-06 0)
(0.876453 -1.76515e-06 0)
(0.876453 -1.55742e-06 0)
(0.876453 -1.33968e-06 0)
(0.876453 -1.12099e-06 0)
(0.876452 -9.05654e-07 0)
(0.876452 -7.01184e-07 0)
(0.876452 -5.10147e-07 0)
(0.876452 -3.38237e-07 0)
(0.876452 -1.86166e-07 0)
(0.876452 -5.7828e-08 0)
(0.876452 4.77742e-08 0)
(0.876452 1.28262e-07 0)
(0.876452 1.85999e-07 0)
(0.876452 2.19682e-07 0)
(0.876452 2.32591e-07 0)
(0.876453 2.23997e-07 0)
(0.876453 1.97665e-07 0)
(0.876453 1.5305e-07 0)
(0.876453 9.40683e-08 0)
(0.876453 2.00486e-08 0)
(0.876453 -6.52109e-08 0)
(0.796877 1.78395e-07 0)
(0.796877 -2.77043e-07 0)
(0.796877 -6.82268e-07 0)
(0.796877 -1.03317e-06 0)
(0.796876 -1.32658e-06 0)
(0.796876 -1.56142e-06 0)
(0.796876 -1.73753e-06 0)
(0.796875 -1.85674e-06 0)
(0.796875 -1.92159e-06 0)
(0.796874 -1.93633e-06 0)
(0.796874 -1.90553e-06 0)
(0.796873 -1.83514e-06 0)
(0.796873 -1.731e-06 0)
(0.796872 -1.59989e-06 0)
(0.796872 -1.44802e-06 0)
(0.796872 -1.28218e-06 0)
(0.796871 -1.10821e-06 0)
(0.796871 -9.32182e-07 0)
(0.796871 -7.58939e-07 0)
(0.796871 -5.93358e-07 0)
(0.796871 -4.38918e-07 0)
(0.796871 -2.99045e-07 0)
(0.796871 -1.75746e-07 0)
(0.796871 -7.09907e-08 0)
(0.796871 1.45663e-08 0)
(0.796871 8.01999e-08 0)
(0.796871 1.26324e-07 0)
(0.796871 1.53125e-07 0)
(0.796871 1.61729e-07 0)
(0.796871 1.5283e-07 0)
(0.796871 1.27981e-07 0)
(0.796871 8.80653e-08 0)
(0.796871 3.48838e-08 0)
(0.796871 -3.0723e-08 0)
(0.796871 -1.06941e-07 0)
(0.697394 1.76103e-07 0)
(0.697394 -1.6351e-07 0)
(0.697394 -4.69296e-07 0)
(0.697394 -7.32979e-07 0)
(0.697393 -9.57194e-07 0)
(0.697393 -1.13581e-06 0)
(0.697392 -1.27373e-06 0)
(0.697392 -1.3669e-06 0)
(0.697391 -1.42225e-06 0)
(0.697391 -1.43751e-06 0)
(0.69739 -1.42122e-06 0)
(0.69739 -1.37234e-06 0)
(0.697389 -1.30044e-06 0)
(0.697389 -1.20515e-06 0)
(0.697389 -1.09638e-06 0)
(0.697388 -9.73838e-07 0)
(0.697388 -8.47225e-07 0)
(0.697388 -7.1576e-07 0)
(0.697388 -5.88471e-07 0)
(0.697387 -4.63725e-07 0)
(0.697387 -3.49566e-07 0)
(0.697387 -2.43322e-07 0)
(0.697387 -1.51944e-07 0)
(0.697387 -7.16991e-08 0)
(0.697387 -8.54217e-09 0)
(0.697387 4.22282e-08 0)
(0.697387 7.53738e-08 0)
(0.697387 9.6399e-08 0)
(0.697387 1.0047e-07 0)
(0.697387 9.36913e-08 0)
(0.697387 7.13726e-08 0)
(0.697388 4.00986e-08 0)
(0.697388 -4.80986e-09 0)
(0.697388 -5.64199e-08 0)
(0.697388 -1.19589e-07 0)
(0.578008 1.51581e-07 0)
(0.578008 -7.57593e-08 0)
(0.578008 -2.7816e-07 0)
(0.578007 -4.57256e-07 0)
(0.578007 -6.07371e-07 0)
(0.578007 -7.31579e-07 0)
(0.578006 -8.25601e-07 0)
(0.578006 -8.93929e-07 0)
(0.578005 -9.33585e-07 0)
(0.578005 -9.5029e-07 0)
(0.578004 -9.42115e-07 0)
(0.578004 -9.15692e-07 0)
(0.578004 -8.69788e-07 0)
(0.578003 -8.11547e-07 0)
(0.578003 -7.40037e-07 0)
(0.578002 -6.62502e-07 0)
(0.578002 -5.77928e-07 0)
(0.578002 -4.93296e-07 0)
(0.578002 -4.072e-07 0)
(0.578002 -3.26078e-07 0)
(0.578001 -2.47923e-07 0)
(0.578001 -1.78494e-07 0)
(0.578001 -1.15078e-07 0)
(0.578001 -6.27528e-08 0)
(0.578001 -1.80979e-08 0)
(0.578001 1.43686e-08 0)
(0.578001 3.86827e-08 0)
(0.578001 5.06905e-08 0)
(0.578001 5.49434e-08 0)
(0.578001 4.74833e-08 0)
(0.578002 3.32661e-08 0)
(0.578002 8.47987e-09 0)
(0.578002 -2.15811e-08 0)
(0.578002 -6.06569e-08 0)
(0.578002 -1.03114e-07 0)
(0.438719 1.0696e-07 0)
(0.438719 -1.80869e-08 0)
(0.438719 -1.30419e-07 0)
(0.438718 -2.30597e-07 0)
(0.438718 -3.15587e-07 0)
(0.438718 -3.86728e-07 0)
(0.438718 -4.41713e-07 0)
(0.438717 -4.82669e-07 0)
(0.438717 -5.07994e-07 0)
(0.438717 -5.20524e-07 0)
(0.438716 -5.19248e-07 0)
(0.438716 -5.07553e-07 0)
(0.438715 -4.84837e-07 0)
(0.438715 -4.54831e-07 0)
(0.438715 -4.17133e-07 0)
(0.438714 -3.75588e-07 0)
(0.438714 -3.29781e-07 0)
(0.438714 -2.83465e-07 0)
(0.438714 -2.3603e-07 0)
(0.438714 -1.90968e-07 0)
(0.438714 -1.47359e-07 0)
(0.438714 -1.0832e-07 0)
(0.438713 -7.25818e-08 0)
(0.438713 -4.28465e-08 0)
(0.438713 -1.74819e-08 0)
(0.438713 1.13656e-09 0)
(0.438713 1.49981e-08 0)
(0.438713 2.19266e-08 0)
(0.438714 2.42306e-08 0)
(0.438714 1.98583e-08 0)
(0.438714 1.14074e-08 0)
(0.438714 -3.09408e-09 0)
(0.438714 -2.07619e-08 0)
(0.438714 -4.34398e-08 0)
(0.438714 -6.77328e-08 0)
(0.279528 4.8463e-08 0)
(0.279528 1.31334e-09 0)
(0.279528 -4.36868e-08 0)
(0.279528 -8.19881e-08 0)
(0.279528 -1.17062e-07 0)
(0.279528 -1.44597e-07 0)
(0.279527 -1.68393e-07 0)
(0.279527 -1.84402e-07 0)
(0.279527 -1.96749e-07 0)
(0.279527 -2.01639e-07 0)
(0.279526 -2.0348e-07 0)
(0.279526 -1.98683e-07 0)
(0.279526 -1.91866e-07 0)
(0.279526 -1.79577e-07 0)
(0.279525 -1.66549e-07 0)
(0.279525 -1.49387e-07 0)
(0.279525 -1.32846e-07 0)
(0.279525 -1.13508e-07 0)
(0.279525 -9.60602e-08 0)
(0.279525 -7.70026e-08 0)
(0.279525 -6.08911e-08 0)
(0.279524 -4.41006e-08 0)
(0.279524 -3.10254e-08 0)
(0.279524 -1.7885e-08 0)
(0.279524 -8.94172e-09 0)
(0.279524 -2.19663e-10 0)
(0.279524 4.0717e-09 0)
(0.279524 8.11969e-09 0)
(0.279524 7.68988e-09 0)
(0.279524 7.20621e-09 0)
(0.279524 2.35959e-09 0)
(0.279524 -2.20411e-09 0)
(0.279524 -1.08645e-08 0)
(0.279524 -1.85584e-08 0)
(0.279524 -2.95785e-08 0)
(0.100437 9.81348e-09 0)
(0.100437 5.64165e-09 0)
(0.100437 1.87574e-09 0)
(0.100437 -1.93183e-09 0)
(0.100437 -5.17558e-09 0)
(0.100437 -8.32751e-09 0)
(0.100437 -1.07994e-08 0)
(0.100437 -1.30929e-08 0)
(0.100436 -1.46451e-08 0)
(0.100436 -1.59886e-08 0)
(0.100436 -1.65881e-08 0)
(0.100436 -1.7005e-08 0)
(0.100436 -1.67286e-08 0)
(0.100436 -1.63436e-08 0)
(0.100436 -1.53574e-08 0)
(0.100436 -1.43692e-08 0)
(0.100436 -1.28964e-08 0)
(0.100436 -1.15453e-08 0)
(0.100436 -9.83046e-09 0)
(0.100436 -8.35715e-09 0)
(0.100436 -6.63965e-09 0)
(0.100435 -5.2543e-09 0)
(0.100435 -3.72292e-09 0)
(0.100435 -2.58816e-09 0)
(0.100435 -1.36284e-09 0)
(0.100435 -5.77634e-10 0)
(0.100435 2.92488e-10 0)
(0.100435 6.90458e-10 0)
(0.100435 1.18509e-09 0)
(0.100435 1.19536e-09 0)
(0.100435 1.31383e-09 0)
(0.100435 9.28543e-10 0)
(0.100435 5.99343e-10 0)
(0.100435 -2.16332e-10 0)
(0.100435 -4.95419e-10 0)
(0.100424 7.9882e-09 0)
(0.100424 9.24403e-09 0)
(0.100424 1.10394e-08 0)
(0.100424 6.85896e-09 0)
(0.100424 1.36839e-09 0)
(0.100424 2.59698e-08 0)
(0.100424 2.41536e-08 0)
(0.100424 -8.91443e-08 0)
(0.100424 9.84869e-08 0)
(0.100424 3.29788e-07 0)
(0.279492 7.86128e-08 0)
(0.279492 8.03861e-08 0)
(0.279492 8.02268e-08 0)
(0.279491 7.64459e-08 0)
(0.279491 8.22713e-08 0)
(0.279491 9.54852e-08 0)
(0.279491 6.22263e-08 0)
(0.279491 1.05186e-07 0)
(0.279491 2.38593e-07 0)
(0.279491 3.8212e-07 0)
(0.438662 1.78372e-07 0)
(0.438662 1.81151e-07 0)
(0.438662 1.82662e-07 0)
(0.438662 1.81153e-07 0)
(0.438662 1.85471e-07 0)
(0.438662 2.05293e-07 0)
(0.438662 2.05802e-07 0)
(0.438662 2.15571e-07 0)
(0.438661 3.74456e-07 0)
(0.438661 5.42823e-07 0)
(0.577936 2.79846e-07 0)
(0.577936 2.82641e-07 0)
(0.577936 2.85339e-07 0)
(0.577936 2.88424e-07 0)
(0.577936 2.95235e-07 0)
(0.577936 3.06861e-07 0)
(0.577936 3.18548e-07 0)
(0.577936 3.5886e-07 0)
(0.577936 4.71543e-07 0)
(0.577936 5.55957e-07 0)
(0.697315 3.6045e-07 0)
(0.697314 3.60181e-07 0)
(0.697314 3.61164e-07 0)
(0.697314 3.64724e-07 0)
(0.697314 3.71695e-07 0)
(0.697314 3.75136e-07 0)
(0.697314 3.75548e-07 0)
(0.697314 4.18814e-07 0)
(0.697314 4.98539e-07 0)
(0.697314 5.42385e-07 0)
(0.796797 4.08146e-07 0)
(0.796797 4.00385e-07 0)
(0.796797 3.94621e-07 0)
(0.796797 3.92428e-07 0)
(0.796797 3.9346e-07 0)
(0.796797 3.89215e-07 0)
(0.796797 3.78183e-07 0)
(0.796798 4.00276e-07 0)
(0.796798 4.46529e-07 0)
(0.796798 4.56736e-07 0)
(0.876386 4.14771e-07 0)
(0.876386 3.94502e-07 0)
(0.876386 3.76117e-07 0)
(0.876386 3.60972e-07 0)
(0.876386 3.48436e-07 0)
(0.876386 3.30271e-07 0)
(0.876386 3.03598e-07 0)
(0.876386 3.03088e-07 0)
(0.876386 3.11809e-07 0)
(0.876387 2.97765e-07 0)
(0.93608 3.7953e-07 0)
(0.93608 3.42289e-07 0)
(0.93608 3.05829e-07 0)
(0.93608 2.71324e-07 0)
(0.936081 2.3755e-07 0)
(0.936081 1.97718e-07 0)
(0.936081 1.5068e-07 0)
(0.936081 1.18192e-07 0)
(0.936081 9.42837e-08 0)
(0.936082 6.42953e-08 0)
(0.975881 3.08519e-07 0)
(0.975881 2.51671e-07 0)
(0.975881 1.93649e-07 0)
(0.975881 1.35373e-07 0)
(0.975881 7.59533e-08 0)
(0.975881 1.06343e-08 0)
(0.975882 -6.26908e-08 0)
(0.975882 -1.25635e-07 0)
(0.975882 -1.85755e-07 0)
(0.975883 -2.22854e-07 0)
(0.995787 2.11929e-07 0)
(0.995788 1.35301e-07 0)
(0.995788 5.51463e-08 0)
(0.995788 -2.77829e-08 0)
(0.995788 -1.14045e-07 0)
(0.995788 -2.05845e-07 0)
(0.995788 -3.02052e-07 0)
(0.995789 -3.98579e-07 0)
(0.995789 -4.86915e-07 0)
(0.995789 -5.28628e-07 0)
(0.995799 1.0264e-07 0)
(0.9958 8.97617e-09 0)
(0.9958 -9.06892e-08 0)
(0.9958 -1.95446e-07 0)
(0.9958 -3.05334e-07 0)
(0.9958 -4.19017e-07 0)
(0.9958 -5.35853e-07 0)
(0.9958 -6.55638e-07 0)
(0.995801 -7.70494e-07 0)
(0.995801 -8.11196e-07 0)
(0.975915 -4.93388e-09 0)
(0.975916 -1.10532e-07 0)
(0.975916 -2.23598e-07 0)
(0.975916 -3.43729e-07 0)
(0.975916 -4.69903e-07 0)
(0.975916 -5.98023e-07 0)
(0.975916 -7.24162e-07 0)
(0.975916 -8.62228e-07 0)
(0.975916 -9.90623e-07 0)
(0.975917 -1.03102e-06 0)
(0.936134 -9.70085e-08 0)
(0.936134 -2.07232e-07 0)
(0.936134 -3.25162e-07 0)
(0.936134 -4.51432e-07 0)
(0.936134 -5.83063e-07 0)
(0.936134 -7.1405e-07 0)
(0.936134 -8.39593e-07 0)
(0.936134 -9.80658e-07 0)
(0.936134 -1.11643e-06 0)
(0.936135 -1.15644e-06 0)
(0.876453 -1.62533e-07 0)
(0.876453 -2.6777e-07 0)
(0.876453 -3.81946e-07 0)
(0.876453 -5.02014e-07 0)
(0.876453 -6.28336e-07 0)
(0.876453 -7.48739e-07 0)
(0.876453 -8.60449e-07 0)
(0.876453 -9.93912e-07 0)
(0.876453 -1.12698e-06 0)
(0.876453 -1.17186e-06 0)
(0.796871 -1.92848e-07 0)
(0.796871 -2.86024e-07 0)
(0.796871 -3.85362e-07 0)
(0.796871 -4.90032e-07 0)
(0.796871 -5.98212e-07 0)
(0.796871 -6.97211e-07 0)
(0.796871 -7.84867e-07 0)
(0.796871 -8.99445e-07 0)
(0.796871 -1.02641e-06 0)
(0.796871 -1.08718e-06 0)
(0.697388 -1.86805e-07 0)
(0.697388 -2.62309e-07 0)
(0.697388 -3.3832e-07 0)
(0.697387 -4.20836e-07 0)
(0.697387 -5.01302e-07 0)
(0.697387 -5.7539e-07 0)
(0.697387 -6.31997e-07 0)
(0.697387 -7.26718e-07 0)
(0.697387 -8.4856e-07 0)
(0.697386 -9.30741e-07 0)
(0.578002 -1.52414e-07 0)
(0.578002 -2.02296e-07 0)
(0.578002 -2.56025e-07 0)
(0.578001 -3.08192e-07 0)
(0.578001 -3.63109e-07 0)
(0.578001 -4.08367e-07 0)
(0.578001 -4.44163e-07 0)
(0.578001 -4.97638e-07 0)
(0.578001 -6.1964e-07 0)
(0.578 -7.36474e-07 0)
(0.438714 -9.56231e-08 0)
(0.438714 -1.23948e-07 0)
(0.438713 -1.53821e-07 0)
(0.438713 -1.79951e-07 0)
(0.438713 -2.07103e-07 0)
(0.438713 -2.36614e-07 0)
(0.438713 -2.36983e-07 0)
(0.438713 -2.35366e-07 0)
(0.438713 -3.73139e-07 0)
(0.438712 -5.62431e-07 0)
(0.279524 -3.91474e-08 0)
(0.279524 -5.24956e-08 0)
(0.279524 -6.27533e-08 0)
(0.279524 -7.1882e-08 0)
(0.279524 -8.23178e-08 0)
(0.279524 -9.50478e-08 0)
(0.279524 -5.26003e-08 0)
(0.279524 -7.75745e-08 0)
(0.279524 -1.70987e-07 0)
(0.279524 -3.24698e-07 0)
(0.100435 -1.18574e-09 0)
(0.100435 -3.41217e-09 0)
(0.100435 -7.68654e-09 0)
(0.100435 -4.52661e-09 0)
(0.100435 3.00249e-09 0)
(0.100435 -2.22006e-08 0)
(0.100435 -2.09303e-08 0)
(0.100435 1.05137e-07 0)
(0.100435 -6.02927e-08 0)
(0.100435 -2.91961e-07 0)
)
;

boundaryField
{
    inlet
    {
        type            fixedProfile;
        profile         csvFile;
        profileCoeffs
        {
            nHeaderLine     0;
            refColumn       0;
            componentColumns 3(1 2 3);
            separator       ",";
            mergeSeparators 0;
            file            "0/Uprofile.csv";
        }
        direction       (0 1 0);
        origin          -1;
        value           nonuniform List<vector> 
20
(
(0.0975 0 0)
(0.2775 0 0)
(0.4375 0 0)
(0.5775 0 0)
(0.6975 0 0)
(0.7975 0 0)
(0.8775 0 0)
(0.9375 0 0)
(0.9775 0 0)
(0.9975 0 0)
(0.9975 0 0)
(0.9775 0 0)
(0.9375 0 0)
(0.8775 0 0)
(0.7975 0 0)
(0.6975 0 0)
(0.5775 0 0)
(0.4375 0 0)
(0.2775 0 0)
(0.0975 0 0)
)
;
    }
    outlet
    {
        type            zeroGradient;
    }
    upperWall
    {
        type            noSlip;
    }
    lowerWall
    {
        type            noSlip;
    }
    frontAndBack
    {
        type            empty;
    }
}


// ************************************************************************* //
