/*--------------------------------*- C++ -*----------------------------------*\
| =========                 |                                                 |
| \\      /  F ield         | OpenFOAM: The Open Source CFD Toolbox           |
|  \\    /   O peration     | Version:  2406                                  |
|   \\  /    A nd           | Website:  www.openfoam.com                      |
|    \\/     M anipulation  |                                                 |
\*---------------------------------------------------------------------------*/
FoamFile
{
    version     2.0;
    format      ascii;
    arch        "LSB;label=32;scalar=64";
    class       volVectorField;
    location    "41";
    object      U;
}
// * * * * * * * * * * * * * * * * * * * * * * * * * * * * * * * * * * * * * //

dimensions      [0 1 -1 0 0 0 0];

internalField   nonuniform List<vector> 
1964
(
(0.0987819 -0.00115194 0)
(0.100691 -0.00127695 0)
(0.102495 -0.000781123 0)
(0.103912 -0.00044911 0)
(0.104913 -0.000285275 0)
(0.105642 -0.00018866 0)
(0.106192 -0.000125388 0)
(0.106612 -8.86419e-05 0)
(0.10694 -6.93642e-05 0)
(0.107206 -5.70392e-05 0)
(0.107428 -4.53283e-05 0)
(0.107615 -3.44678e-05 0)
(0.107776 -2.71574e-05 0)
(0.107916 -2.50072e-05 0)
(0.108041 -2.6528e-05 0)
(0.108156 -2.9304e-05 0)
(0.108265 -3.09082e-05 0)
(0.108373 -3.09628e-05 0)
(0.10848 -3.0026e-05 0)
(0.108591 -2.9868e-05 0)
(0.108709 -3.19e-05 0)
(0.108841 -3.74888e-05 0)
(0.108993 -4.72102e-05 0)
(0.109175 -6.17143e-05 0)
(0.109399 -8.13783e-05 0)
(0.109682 -0.000107397 0)
(0.110044 -0.000141264 0)
(0.110513 -0.000185949 0)
(0.111127 -0.000245178 0)
(0.111935 -0.000324773 0)
(0.113004 -0.000432056 0)
(0.114425 -0.000577505 0)
(0.116321 -0.000774738 0)
(0.118856 -0.00104257 0)
(0.122253 -0.00140589 0)
(0.126808 -0.00189799 0)
(0.132921 -0.00256188 0)
(0.141115 -0.00345145 0)
(0.152065 -0.00462968 0)
(0.166621 -0.0061629 0)
(0.185801 -0.00810377 0)
(0.210736 -0.0104627 0)
(0.242547 -0.0131561 0)
(0.282042 -0.0159189 0)
(0.329395 -0.0182581 0)
(0.38334 -0.0192364 0)
(0.440839 -0.0179341 0)
(0.276422 -0.00152776 0)
(0.276238 -0.00255724 0)
(0.276624 -0.00231019 0)
(0.277169 -0.00182833 0)
(0.277822 -0.00142865 0)
(0.27851 -0.00111231 0)
(0.279155 -0.000863028 0)
(0.279726 -0.000676236 0)
(0.280221 -0.000542232 0)
(0.280655 -0.000447006 0)
(0.281037 -0.000376509 0)
(0.281375 -0.000321755 0)
(0.281674 -0.00027859 0)
(0.281942 -0.000246468 0)
(0.282185 -0.000223902 0)
(0.282409 -0.000209552 0)
(0.28262 -0.000201161 0)
(0.282825 -0.000198068 0)
(0.283028 -0.000200395 0)
(0.283236 -0.000209801 0)
(0.283455 -0.000228422 0)
(0.283694 -0.000259276 0)
(0.283965 -0.000305548 0)
(0.284283 -0.000371782 0)
(0.284667 -0.000463272 0)
(0.285142 -0.0005881 0)
(0.285742 -0.000756428 0)
(0.28651 -0.000983226 0)
(0.287505 -0.0012878 0)
(0.288805 -0.00169729 0)
(0.290513 -0.00224714 0)
(0.292767 -0.00298587 0)
(0.29575 -0.00397721 0)
(0.299703 -0.00530672 0)
(0.304945 -0.00708597 0)
(0.311894 -0.00946037 0)
(0.321092 -0.012613 0)
(0.333233 -0.0167676 0)
(0.349186 -0.02218 0)
(0.370017 -0.0291148 0)
(0.396981 -0.0377927 0)
(0.431481 -0.0482959 0)
(0.474967 -0.0604169 0)
(0.528645 -0.0734277 0)
(0.593352 -0.0859445 0)
(0.668243 -0.0950601 0)
(0.75081 -0.097789 0)
(0.436683 -0.00081465 0)
(0.436436 -0.001691 0)
(0.436214 -0.00187977 0)
(0.435908 -0.00180202 0)
(0.435797 -0.00166374 0)
(0.435902 -0.00149412 0)
(0.43612 -0.00130775 0)
(0.436378 -0.00112939 0)
(0.436649 -0.000975849 0)
(0.436924 -0.000850719 0)
(0.437198 -0.000747933 0)
(0.437463 -0.00066054 0)
(0.437714 -0.000585657 0)
(0.437948 -0.000524496 0)
(0.438168 -0.000478615 0)
(0.438377 -0.000447971 0)
(0.438582 -0.000430699 0)
(0.438784 -0.000425037 0)
(0.438989 -0.000430188 0)
(0.4392 -0.0004477 0)
(0.439423 -0.000480863 0)
(0.439665 -0.000535195 0)
(0.439938 -0.000617638 0)
(0.440254 -0.000737294 0)
(0.440633 -0.000905492 0)
(0.441098 -0.00113723 0)
(0.44168 -0.00145225 0)
(0.442422 -0.00187732 0)
(0.443377 -0.00244832 0)
(0.444618 -0.00321378 0)
(0.44624 -0.00423851 0)
(0.448372 -0.00560911 0)
(0.451178 -0.00744022 0)
(0.454881 -0.00988282 0)
(0.459769 -0.0131335 0)
(0.466218 -0.017445 0)
(0.474719 -0.0231346 0)
(0.485901 -0.030589 0)
(0.50057 -0.0402551 0)
(0.51974 -0.0526095 0)
(0.54467 -0.0680779 0)
(0.576888 -0.086907 0)
(0.618187 -0.108888 0)
(0.670407 -0.133084 0)
(0.735872 -0.157415 0)
(0.814446 -0.176973 0)
(0.907104 -0.18793 0)
(0.576872 -0.000438912 0)
(0.576816 -0.00108674 0)
(0.576674 -0.00138799 0)
(0.576256 -0.00147022 0)
(0.575888 -0.00146636 0)
(0.575688 -0.00141219 0)
(0.575595 -0.00131954 0)
(0.575556 -0.00120819 0)
(0.575553 -0.0010986 0)
(0.575583 -0.00100094 0)
(0.575645 -0.000915398 0)
(0.57573 -0.000837601 0)
(0.575825 -0.000766393 0)
(0.575924 -0.000703963 0)
(0.576025 -0.000654669 0)
(0.576129 -0.000620636 0)
(0.576239 -0.000602668 0)
(0.576356 -0.000599847 0)
(0.576483 -0.000612426 0)
(0.576621 -0.000641919 0)
(0.576771 -0.000692742 0)
(0.576939 -0.000771457 0)
(0.57713 -0.000887882 0)
(0.577355 -0.00105428 0)
(0.577626 -0.0012873 0)
(0.57796 -0.00160778 0)
(0.578379 -0.0020441 0)
(0.578913 -0.00263297 0)
(0.579601 -0.00342452 0)
(0.580494 -0.00448465 0)
(0.581659 -0.00590238 0)
(0.583186 -0.00779492 0)
(0.585194 -0.0103184 0)
(0.58784 -0.0136769 0)
(0.591332 -0.0181377 0)
(0.595945 -0.0240446 0)
(0.602047 -0.0318349 0)
(0.610133 -0.0420521 0)
(0.62087 -0.0553492 0)
(0.635175 -0.0724737 0)
(0.654304 -0.0941935 0)
(0.680013 -0.121178 0)
(0.714614 -0.153561 0)
(0.76116 -0.190739 0)
(0.823955 -0.229637 0)
(0.904057 -0.2633 0)
(1.01401 -0.28891 0)
(0.696972 -0.000275308 0)
(0.69701 -0.00074155 0)
(0.696998 -0.00102345 0)
(0.696665 -0.00114564 0)
(0.696292 -0.0011888 0)
(0.696028 -0.00118651 0)
(0.695838 -0.00114715 0)
(0.695679 -0.00108392 0)
(0.695539 -0.00101365 0)
(0.695426 -0.000947803 0)
(0.695345 -0.000888355 0)
(0.695293 -0.000832737 0)
(0.695259 -0.000779372 0)
(0.695234 -0.000731095 0)
(0.695216 -0.000692253 0)
(0.695206 -0.000667001 0)
(0.695205 -0.000657156 0)
(0.695217 -0.000663592 0)
(0.695241 -0.000687008 0)
(0.695276 -0.000729847 0)
(0.695322 -0.000796669 0)
(0.695379 -0.000895262 0)
(0.69545 -0.0010363 0)
(0.695539 -0.00123465 0)
(0.695651 -0.00150918 0)
(0.695794 -0.00188524 0)
(0.695977 -0.00239545 0)
(0.696215 -0.00308367 0)
(0.696525 -0.00400753 0)
(0.696931 -0.00524449 0)
(0.697461 -0.00689698 0)
(0.698159 -0.00910178 0)
(0.699078 -0.0120394 0)
(0.700292 -0.0159487 0)
(0.701903 -0.0211429 0)
(0.704053 -0.0280316 0)
(0.706943 -0.0371461 0)
(0.710871 -0.0491694 0)
(0.716284 -0.0649694 0)
(0.723893 -0.0856289 0)
(0.734808 -0.112451 0)
(0.750954 -0.146951 0)
(0.775085 -0.190485 0)
(0.812768 -0.244271 0)
(0.869226 -0.305918 0)
(0.955409 -0.368962 0)
(1.09392 -0.434707 0)
(0.797033 -0.000183719 0)
(0.797112 -0.000512726 0)
(0.797178 -0.000742068 0)
(0.796927 -0.000864783 0)
(0.796593 -0.000924926 0)
(0.796334 -0.00094673 0)
(0.79613 -0.000936254 0)
(0.795941 -0.000902109 0)
(0.795756 -0.000857652 0)
(0.795586 -0.000813628 0)
(0.795442 -0.000773197 0)
(0.795324 -0.000734784 0)
(0.795224 -0.00069713 0)
(0.79513 -0.000662456 0)
(0.795039 -0.000634977 0)
(0.794954 -0.000619043 0)
(0.794876 -0.000617291 0)
(0.794808 -0.000631337 0)
(0.794748 -0.000662511 0)
(0.794696 -0.0007135 0)
(0.794648 -0.000789015 0)
(0.794601 -0.000896775 0)
(0.794554 -0.00104768 0)
(0.794505 -0.00125675 0)
(0.794451 -0.00154361 0)
(0.794392 -0.00193426 0)
(0.794323 -0.00246265 0)
(0.794241 -0.00317397 0)
(0.794141 -0.00412788 0)
(0.794016 -0.0054041 0)
(0.793856 -0.00710847 0)
(0.79365 -0.00938209 0)
(0.79338 -0.0124123 0)
(0.793031 -0.0164482 0)
(0.792582 -0.0218199 0)
(0.792018 -0.0289658 0)
(0.791337 -0.0384677 0)
(0.79057 -0.0510995 0)
(0.789828 -0.0678949 0)
(0.789398 -0.0902433 0)
(0.789871 -0.120026 0)
(0.79271 -0.159831 0)
(0.800158 -0.213164 0)
(0.820023 -0.284987 0)
(0.855634 -0.380418 0)
(0.950995 -0.503614 0)
(1.08524 -0.678447 0)
(0.877072 -0.000123791 0)
(0.877168 -0.000352114 0)
(0.877275 -0.000525909 0)
(0.877081 -0.000631537 0)
(0.876783 -0.000691692 0)
(0.876538 -0.000721273 0)
(0.87634 -0.000724294 0)
(0.876147 -0.000706413 0)
(0.875948 -0.000678081 0)
(0.875756 -0.000648346 0)
(0.875585 -0.000620798 0)
(0.875439 -0.000594505 0)
(0.875308 -0.000568672 0)
(0.875182 -0.000544669 0)
(0.875055 -0.000526188 0)
(0.874929 -0.000516935 0)
(0.874807 -0.000519841 0)
(0.87469 -0.000536665 0)
(0.874577 -0.000569162 0)
(0.874465 -0.000619839 0)
(0.874348 -0.0006932 0)
(0.874221 -0.000796052 0)
(0.874079 -0.000938465 0)
(0.873913 -0.00113389 0)
(0.873716 -0.00140054 0)
(0.873475 -0.00176207 0)
(0.873175 -0.00224998 0)
(0.872797 -0.00290562 0)
(0.872312 -0.00378424 0)
(0.871685 -0.00495901 0)
(0.870868 -0.00652783 0)
(0.869796 -0.00862094 0)
(0.868385 -0.0114126 0)
(0.866526 -0.0151353 0)
(0.864076 -0.0201009 0)
(0.860853 -0.0267287 0)
(0.856629 -0.035586 0)
(0.851127 -0.0474474 0)
(0.844018 -0.0633834 0)
(0.834957 -0.0848991 0)
(0.823592 -0.114165 0)
(0.809885 -0.154387 0)
(0.793685 -0.210623 0)
(0.779063 -0.29076 0)
(0.76347 -0.409581 0)
(0.812131 -0.590436 0)
(0.793546 -0.881493 0)
(0.937097 -8.0317e-05 0)
(0.9372 -0.000230878 0)
(0.937329 -0.00035147 0)
(0.93717 -0.000430417 0)
(0.936898 -0.000479097 0)
(0.936667 -0.000506179 0)
(0.936476 -0.000513624 0)
(0.936285 -0.000505133 0)
(0.936081 -0.000488117 0)
(0.935878 -0.000469407 0)
(0.935693 -0.000451893 0)
(0.935532 -0.000435233 0)
(0.935386 -0.000418719 0)
(0.935243 -0.000403337 0)
(0.935097 -0.000391681 0)
(0.934949 -0.000386753 0)
(0.934802 -0.000390982 0)
(0.934656 -0.000406098 0)
(0.93451 -0.000433681 0)
(0.934359 -0.000475956 0)
(0.934196 -0.000536504 0)
(0.934012 -0.000620849 0)
(0.9338 -0.000736908 0)
(0.933546 -0.000895527 0)
(0.933236 -0.00111114 0)
(0.93285 -0.00140285 0)
(0.932363 -0.00179583 0)
(0.931741 -0.00232345 0)
(0.930936 -0.00303002 0)
(0.929889 -0.00397459 0)
(0.928517 -0.00523596 0)
(0.92671 -0.00691956 0)
(0.924326 -0.0091666 0)
(0.921171 -0.0121669 0)
(0.916994 -0.0161767 0)
(0.911457 -0.021544 0)
(0.90412 -0.0287459 0)
(0.894399 -0.0384435 0)
(0.881521 -0.0515673 0)
(0.864469 -0.0694477 0)
(0.841857 -0.0940353 0)
(0.81185 -0.128222 0)
(0.771457 -0.176573 0)
(0.717139 -0.245957 0)
(0.63685 -0.350335 0)
(0.532228 -0.514363 0)
(0.203042 -0.68257 0)
(0.977112 -4.54702e-05 0)
(0.977218 -0.000131282 0)
(0.977358 -0.000202157 0)
(0.97722 -0.000250352 0)
(0.976963 -0.000281282 0)
(0.976742 -0.000299723 0)
(0.976557 -0.000306376 0)
(0.976369 -0.000303207 0)
(0.976162 -0.000294549 0)
(0.975952 -0.000284491 0)
(0.97576 -0.000274877 0)
(0.97559 -0.000265654 0)
(0.975435 -0.000256459 0)
(0.975283 -0.000247869 0)
(0.975126 -0.000241451 0)
(0.974966 -0.000239098 0)
(0.974804 -0.000242417 0)
(0.974642 -0.000252636 0)
(0.974475 -0.000270876 0)
(0.9743 -0.000298662 0)
(0.974107 -0.00033834 0)
(0.973887 -0.000393485 0)
(0.973628 -0.000469191 0)
(0.973314 -0.000572433 0)
(0.972926 -0.00071251 0)
(0.97244 -0.000901737 0)
(0.971821 -0.00115638 0)
(0.971026 -0.00149802 0)
(0.969993 -0.00195533 0)
(0.968643 -0.00256657 0)
(0.966871 -0.00338287 0)
(0.964533 -0.00447272 0)
(0.96144 -0.00592814 0)
(0.95734 -0.00787324 0)
(0.951894 -0.0104763 0)
(0.944651 -0.0139673 0)
(0.935 -0.0186636 0)
(0.92212 -0.025008 0)
(0.90489 -0.0336268 0)
(0.881772 -0.0454173 0)
(0.850617 -0.0616823 0)
(0.808425 -0.0843072 0)
(0.750744 -0.116063 0)
(0.671601 -0.16061 0)
(0.560145 -0.223301 0)
(0.408538 -0.304635 0)
(0.13979 -0.3548 0)
(0.997119 -1.47662e-05 0)
(0.997225 -4.27081e-05 0)
(0.99737 -6.61332e-05 0)
(0.997242 -8.23628e-05 0)
(0.996994 -9.29076e-05 0)
(0.996777 -9.93455e-05 0)
(0.996595 -0.0001019 0)
(0.996408 -0.000101228 0)
(0.9962 -9.86827e-05 0)
(0.995988 -9.5528e-05 9.13269e-35)
(0.995791 -9.24046e-05 0)
(0.995618 -8.93963e-05 0)
(0.995459 -8.6456e-05 0)
(0.995302 -8.37784e-05 0)
(0.99514 -8.18482e-05 0)
(0.994974 -8.12643e-05 9.00302e-35)
(0.994805 -8.25608e-05 0)
(0.994634 -8.61716e-05 0)
(0.994458 -9.25197e-05 0)
(0.994271 -0.000102169 0)
(0.994063 -0.000115969 0)
(0.993825 -0.000135177 0)
(0.993542 -0.000161558 0)
(0.993197 -0.000197515 -8.82969e-35)
(0.99277 -0.000246244 0)
(0.992232 -0.000311978 0)
(0.991545 -0.000400319 0)
(0.99066 -0.000518711 0)
(0.989508 -0.000677064 0)
(0.988001 -0.000888627 0)
(0.986018 -0.00117111 0)
(0.983401 -0.00154827 0)
(0.979936 -0.00205206 0)
(0.975337 -0.00272565 0)
(0.969222 -0.00362769 0)
(0.961073 -0.00483856 0)
(0.950193 -0.00646938 0)
(0.93563 -0.00867574 0)
(0.916077 -0.0116776 0)
(0.889726 -0.0157893 0)
(0.85405 -0.0214626 0)
(0.805528 -0.0293398 -1.2731e-34)
(0.739131 -0.0403241 0)
(0.648298 -0.0555386 0)
(0.523083 -0.0763294 0)
(0.358825 -0.102052 0)
(0.109796 -0.111105 0)
(0.997119 1.47967e-05 0)
(0.997225 4.24884e-05 0)
(0.99737 6.58915e-05 0)
(0.997242 8.19655e-05 0)
(0.996994 9.24698e-05 0)
(0.996777 9.91007e-05 0)
(0.996595 0.000101745 0)
(0.996407 0.000100852 0)
(0.9962 9.80373e-05 0)
(0.995988 9.48659e-05 -9.13269e-35)
(0.995791 9.19459e-05 0)
(0.995618 8.90885e-05 0)
(0.995459 8.60568e-05 0)
(0.995302 8.30447e-05 0)
(0.99514 8.0681e-05 0)
(0.994974 7.97234e-05 -9.00304e-35)
(0.994805 8.08067e-05 0)
(0.994634 8.43764e-05 0)
(0.994458 9.08039e-05 0)
(0.99427 0.000100552 0)
(0.994063 0.000114374 0)
(0.993824 0.000133443 0)
(0.993541 0.000159501 0)
(0.993197 0.000194955 8.8297e-35)
(0.99277 0.000243051 0)
(0.992232 0.000308078 0)
(0.991545 0.000395705 0)
(0.990659 0.000513423 0)
(0.989507 0.00067117 0)
(0.988 0.000882186 0)
(0.986017 0.00116416 0)
(0.9834 0.00154081 0)
(0.979935 0.00204405 0)
(0.975336 0.00271703 0)
(0.96922 0.00361836 0)
(0.961072 0.00482844 0)
(0.950192 0.00645835 0)
(0.935628 0.00866375 0)
(0.916074 0.0116646 0)
(0.889724 0.0157756 0)
(0.854048 0.0214488 0)
(0.805525 0.0293267 1.27312e-34)
(0.739129 0.040312 0)
(0.648292 0.0555268 0)
(0.523078 0.0763108 0)
(0.358828 0.102032 0)
(0.109792 0.111094 0)
(0.977112 4.55043e-05 0)
(0.977218 0.000131064 0)
(0.977357 0.000201899 0)
(0.97722 0.000249939 0)
(0.976964 0.000280857 0)
(0.976743 0.000299514 0)
(0.976557 0.000306263 0)
(0.976368 0.000302888 0)
(0.976162 0.00029397 0)
(0.975952 0.000283876 0)
(0.97576 0.000274412 0)
(0.97559 0.000265287 0)
(0.975435 0.000255975 0)
(0.975282 0.000247076 0)
(0.975126 0.000240282 0)
(0.974966 0.00023762 0)
(0.974804 0.00024077 0)
(0.974641 0.000250959 0)
(0.974475 0.000269252 0)
(0.974299 0.000297087 0)
(0.974106 0.000336731 0)
(0.973886 0.000391704 0)
(0.973627 0.000467073 0)
(0.973313 0.000569837 0)
(0.972925 0.000709335 0)
(0.972438 0.000897939 0)
(0.971819 0.00115196 0)
(0.971023 0.00149301 0)
(0.969991 0.00194978 0)
(0.968641 0.00256051 0)
(0.966868 0.00337632 0)
(0.96453 0.00446565 0)
(0.961437 0.00592051 0)
(0.957336 0.00786497 0)
(0.95189 0.0104673 0)
(0.944646 0.0139576 0)
(0.934995 0.018653 0)
(0.922114 0.0249964 0)
(0.904884 0.0336145 0)
(0.881765 0.0454043 0)
(0.85061 0.0616694 0)
(0.808419 0.0842953 0)
(0.750735 0.116053 0)
(0.671591 0.160597 0)
(0.560143 0.223289 0)
(0.408527 0.304619 0)
(0.139796 0.354784 0)
(0.937097 8.0345e-05 0)
(0.9372 0.000230652 0)
(0.937329 0.000351261 0)
(0.93717 0.00043007 0)
(0.936898 0.0004787 0)
(0.936667 0.000505962 0)
(0.936476 0.000513503 0)
(0.936285 0.000504885 0)
(0.936081 0.00048769 0)
(0.935878 0.000468946 0)
(0.935693 0.000451503 0)
(0.935532 0.000434861 0)
(0.935385 0.000418226 0)
(0.935241 0.000402624 0)
(0.935096 0.000390724 0)
(0.934948 0.000385607 0)
(0.934801 0.000389708 0)
(0.934656 0.000404753 0)
(0.93451 0.00043227 0)
(0.934358 0.000474442 0)
(0.934195 0.000534814 0)
(0.934011 0.000618896 0)
(0.933798 0.000734607 0)
(0.933544 0.000892816 0)
(0.933233 0.00110799 0)
(0.932847 0.00139925 0)
(0.93236 0.00179178 0)
(0.931737 0.00231898 0)
(0.930933 0.00302511 0)
(0.929885 0.00396923 0)
(0.928512 0.00523011 0)
(0.926706 0.00691316 0)
(0.92432 0.00915958 0)
(0.921165 0.0121592 0)
(0.916987 0.0161682 0)
(0.91145 0.0215347 0)
(0.904111 0.0287358 0)
(0.894389 0.0384325 0)
(0.88151 0.0515555 0)
(0.864458 0.0694353 0)
(0.841846 0.0940227 0)
(0.81184 0.12821 0)
(0.771445 0.176561 0)
(0.717127 0.245949 0)
(0.636841 0.350323 0)
(0.532213 0.514344 0)
(0.203035 0.682557 0)
(0.877072 0.000123818 0)
(0.877168 0.000351899 0)
(0.877275 0.00052566 0)
(0.877081 0.00063123 0)
(0.876783 0.000691331 0)
(0.876539 0.000721002 0)
(0.876339 0.000724041 0)
(0.876146 0.000706096 0)
(0.875948 0.000677671 0)
(0.875756 0.000647921 0)
(0.875585 0.000620353 0)
(0.875439 0.000594055 0)
(0.875307 0.000568138 0)
(0.87518 0.000544103 0)
(0.875053 0.00052558 0)
(0.874928 0.000516314 0)
(0.874806 0.000519149 0)
(0.874689 0.000535844 0)
(0.874576 0.000568107 0)
(0.874464 0.000618491 0)
(0.874346 0.000691481 0)
(0.874219 0.00079398 0)
(0.874076 0.000936028 0)
(0.87391 0.00113117 0)
(0.873712 0.00139754 0)
(0.87347 0.00175886 0)
(0.873171 0.00224653 0)
(0.872792 0.00290194 0)
(0.872307 0.00378022 0)
(0.87168 0.00495462 0)
(0.870862 0.00652293 0)
(0.86979 0.00861549 0)
(0.868378 0.0114064 0)
(0.866518 0.0151285 0)
(0.864067 0.0200934 0)
(0.860843 0.0267204 0)
(0.856618 0.0355771 0)
(0.851113 0.0474378 0)
(0.844004 0.0633733 0)
(0.834942 0.0848885 0)
(0.823579 0.114155 0)
(0.809871 0.154377 0)
(0.793672 0.210614 0)
(0.779047 0.290751 0)
(0.763454 0.409569 0)
(0.812125 0.59043 0)
(0.793533 0.88148 0)
(0.797033 0.000183725 0)
(0.797112 0.000512525 0)
(0.797178 0.000741906 0)
(0.796927 0.000864603 0)
(0.796594 0.000924764 0)
(0.796334 0.000946513 0)
(0.796129 0.000936082 0)
(0.79594 0.00090193 0)
(0.795755 0.00085743 0)
(0.795586 0.000813184 0)
(0.795442 0.000772519 0)
(0.795324 0.000733907 0)
(0.795222 0.000696307 0)
(0.795128 0.000661803 0)
(0.795037 0.000634626 0)
(0.794952 0.000618832 0)
(0.794875 0.000617082 0)
(0.794807 0.000630848 0)
(0.794748 0.000661612 0)
(0.794695 0.000712066 0)
(0.794646 0.000787116 0)
(0.794599 0.000894477 0)
(0.794551 0.00104518 0)
(0.794501 0.00125414 0)
(0.794447 0.00154103 0)
(0.794387 0.00193168 0)
(0.794317 0.00246009 0)
(0.794236 0.00317124 0)
(0.794135 0.00412492 0)
(0.79401 0.00540069 0)
(0.79385 0.00710454 0)
(0.793642 0.00937751 0)
(0.793372 0.0124071 0)
(0.793021 0.0164422 0)
(0.792571 0.0218133 0)
(0.792006 0.0289586 0)
(0.791322 0.03846 0)
(0.790554 0.0510914 0)
(0.789812 0.0678865 0)
(0.789381 0.0902346 0)
(0.789854 0.120018 0)
(0.792695 0.159821 0)
(0.800141 0.213155 0)
(0.820006 0.284975 0)
(0.855622 0.380404 0)
(0.950976 0.503595 0)
(1.08522 0.678428 0)
(0.696972 0.000275291 0)
(0.69701 0.000741365 0)
(0.696998 0.00102321 0)
(0.696665 0.00114544 0)
(0.696292 0.00118868 0)
(0.696028 0.00118638 0)
(0.695837 0.00114718 0)
(0.695678 0.00108418 0)
(0.695538 0.00101391 0)
(0.695426 0.000947739 0)
(0.695345 0.000887874 0)
(0.695292 0.000832021 0)
(0.695257 0.000778867 0)
(0.695232 0.000731003 0)
(0.695214 0.000692625 0)
(0.695204 0.000667549 0)
(0.695204 0.000657521 0)
(0.695216 0.000663445 0)
(0.69524 0.000686158 0)
(0.695274 0.000728312 0)
(0.695319 0.000794624 0)
(0.695376 0.000892952 0)
(0.695446 0.00103403 0)
(0.695534 0.00123254 0)
(0.695646 0.00150739 0)
(0.695788 0.00188365 0)
(0.695971 0.00239398 0)
(0.696209 0.00308206 0)
(0.696519 0.00400563 0)
(0.696924 0.00524207 0)
(0.697454 0.00689399 0)
(0.69815 0.00909812 0)
(0.699068 0.0120351 0)
(0.700281 0.0159438 0)
(0.70189 0.0211376 0)
(0.704038 0.0280259 0)
(0.706927 0.03714 0)
(0.710853 0.0491632 0)
(0.716265 0.064963 0)
(0.723874 0.0856226 0)
(0.734789 0.112444 0)
(0.750936 0.146943 0)
(0.775067 0.190475 0)
(0.812746 0.24426 0)
(0.869199 0.3059 0)
(0.955388 0.368933 0)
(1.09389 0.434677 0)
(0.576872 0.000438898 0)
(0.576816 0.00108661 0)
(0.576674 0.00138776 0)
(0.576255 0.00147014 0)
(0.575888 0.0014661 0)
(0.575688 0.00141182 0)
(0.575594 0.00131928 0)
(0.575555 0.0012083 0)
(0.575552 0.00109862 0)
(0.575583 0.00100049 0)
(0.575645 0.000914384 0)
(0.575728 0.000836642 0)
(0.575823 0.000765924 0)
(0.575922 0.000704364 0)
(0.576023 0.00065554 0)
(0.576127 0.000621612 0)
(0.576238 0.000603085 0)
(0.576356 0.000599486 0)
(0.576482 0.000611165 0)
(0.576619 0.000640049 0)
(0.576768 0.000690557 0)
(0.576935 0.000769409 0)
(0.577126 0.000886155 0)
(0.57735 0.0010531 0)
(0.57762 0.00128649 0)
(0.577954 0.00160731 0)
(0.578373 0.00204356 0)
(0.578907 0.00263229 0)
(0.579594 0.00342333 0)
(0.580486 0.00448302 0)
(0.581651 0.0059001 0)
(0.583177 0.00779221 0)
(0.585184 0.0103151 0)
(0.587828 0.0136734 0)
(0.591318 0.0181339 0)
(0.59593 0.0240407 0)
(0.602031 0.031831 0)
(0.610115 0.0420483 0)
(0.620851 0.0553458 0)
(0.635156 0.0724706 0)
(0.654285 0.094191 0)
(0.679995 0.121175 0)
(0.714595 0.153557 0)
(0.761139 0.190733 0)
(0.823932 0.22963 0)
(0.904028 0.263288 0)
(1.01399 0.288886 0)
(0.436683 0.000814668 0)
(0.436436 0.00169094 0)
(0.436214 0.00187978 0)
(0.435908 0.00180217 0)
(0.435796 0.0016638 0)
(0.435902 0.00149396 0)
(0.436119 0.00130786 0)
(0.436377 0.00112975 0)
(0.436648 0.000976085 0)
(0.436924 0.000850191 0)
(0.437197 0.000747014 0)
(0.437461 0.000659854 0)
(0.437711 0.000585924 0)
(0.437945 0.000525598 0)
(0.438166 0.000480109 0)
(0.438376 0.000449024 0)
(0.438581 0.000430938 0)
(0.438784 0.00042419 0)
(0.438988 0.000428651 0)
(0.439198 0.000445758 0)
(0.43942 0.000479139 0)
(0.439661 0.000533878 0)
(0.439933 0.000617001 0)
(0.440249 0.000737148 0)
(0.440627 0.000905751 0)
(0.441092 0.00113752 0)
(0.441674 0.00145243 0)
(0.442416 0.00187709 0)
(0.443371 0.00244771 0)
(0.444611 0.00321267 0)
(0.446233 0.00423706 0)
(0.448363 0.00560732 0)
(0.451169 0.00743827 0)
(0.45487 0.00988074 0)
(0.459756 0.0131314 0)
(0.466204 0.0174429 0)
(0.474704 0.0231327 0)
(0.485885 0.0305874 0)
(0.500553 0.0402543 0)
(0.519724 0.0526096 0)
(0.544656 0.0680792 0)
(0.576876 0.0869095 0)
(0.618176 0.108892 0)
(0.670396 0.13309 0)
(0.73586 0.15742 0)
(0.814432 0.176975 0)
(0.907086 0.187929 0)
(0.276422 0.00152776 0)
(0.276238 0.00255722 0)
(0.276624 0.00231018 0)
(0.277169 0.00182846 0)
(0.277822 0.00142896 0)
(0.27851 0.00111251 0)
(0.279155 0.000863433 0)
(0.279725 0.000676744 0)
(0.28022 0.000542462 0)
(0.280653 0.000446743 0)
(0.281035 0.000376216 0)
(0.281373 0.000321972 0)
(0.281673 0.000279672 0)
(0.281941 0.000247858 0)
(0.282184 0.000225156 0)
(0.282409 0.000210024 0)
(0.28262 0.00020082 0)
(0.282824 0.000197048 0)
(0.283026 0.000199101 0)
(0.283233 0.000208628 0)
(0.283451 0.000227669 0)
(0.28369 0.000259038 0)
(0.28396 0.000305838 0)
(0.284278 0.000372358 0)
(0.284662 0.000464036 0)
(0.285138 0.000588711 0)
(0.285738 0.00075688 0)
(0.286506 0.000983275 0)
(0.287501 0.00128758 0)
(0.2888 0.0016967 0)
(0.290508 0.00224641 0)
(0.292761 0.00298493 0)
(0.295742 0.00397631 0)
(0.299694 0.00530577 0)
(0.304935 0.0070852 0)
(0.311884 0.00945967 0)
(0.321081 0.0126126 0)
(0.333222 0.0167675 0)
(0.349175 0.0221805 0)
(0.370009 0.0291164 0)
(0.396976 0.0377953 0)
(0.43148 0.0483001 0)
(0.474969 0.0604224 0)
(0.528648 0.0734339 0)
(0.593355 0.0859484 0)
(0.668243 0.0950624 0)
(0.750808 0.0977888 0)
(0.0987818 0.00115195 0)
(0.10069 0.00127691 0)
(0.102495 0.000781342 0)
(0.103912 0.000449188 0)
(0.104913 0.000285058 0)
(0.105642 0.000188438 0)
(0.106192 0.000125571 0)
(0.106611 8.86327e-05 0)
(0.106939 6.88005e-05 0)
(0.107205 5.60787e-05 0)
(0.107426 4.47937e-05 0)
(0.107614 3.46254e-05 0)
(0.107775 2.78308e-05 0)
(0.107915 2.55291e-05 0)
(0.108041 2.66906e-05 0)
(0.108156 2.89645e-05 0)
(0.108266 3.04679e-05 0)
(0.108372 3.05323e-05 0)
(0.108479 2.98707e-05 0)
(0.108589 2.98424e-05 0)
(0.108707 3.19877e-05 0)
(0.108838 3.7466e-05 0)
(0.10899 4.71248e-05 0)
(0.109172 6.14911e-05 0)
(0.109397 8.12232e-05 0)
(0.10968 0.000107285 0)
(0.110042 0.000141414 0)
(0.110511 0.000186239 0)
(0.111125 0.000245724 0)
(0.111932 0.000325344 0)
(0.113001 0.000432703 0)
(0.114422 0.000578016 0)
(0.116317 0.000775182 0)
(0.118851 0.00104284 0)
(0.122247 0.0014061 0)
(0.126802 0.00189818 0)
(0.132915 0.00256222 0)
(0.141108 0.00345214 0)
(0.152059 0.00463113 0)
(0.166616 0.00616511 0)
(0.185798 0.00810692 0)
(0.210736 0.0104665 0)
(0.242549 0.0131605 0)
(0.282048 0.0159237 0)
(0.329404 0.0182645 0)
(0.383354 0.0192429 0)
(0.440855 0.0179383 0)
(0.496448 -0.0132341 0)
(0.542466 -0.0053179 0)
(0.572235 0.00355536 0)
(0.583707 0.0113998 0)
(0.577233 0.0173259 0)
(0.556754 0.0209918 0)
(0.835445 -0.0891712 0)
(0.912732 -0.0684777 0)
(0.974559 -0.04196 0)
(1.018 -0.0154555 0)
(1.04495 0.00872268 0)
(1.05584 0.0293744 0)
(1.00836 -0.177735 0)
(1.1023 -0.144328 0)
(1.17592 -0.101159 0)
(1.22796 -0.058284 0)
(1.26195 -0.0190783 0)
(1.28148 0.0151025 0)
(1.14656 -0.275832 0)
(1.26287 -0.226291 0)
(1.33838 -0.164051 0)
(1.37953 -0.102138 0)
(1.39912 -0.0455638 0)
(1.40493 0.00254058 0)
(1.26548 -0.405463 0)
(1.36805 -0.317882 0)
(1.38979 -0.220239 0)
(1.37359 -0.130059 0)
(1.35004 -0.0549383 0)
(1.32825 0.00317734 0)
(1.25042 -0.584364 0)
(1.18767 -0.377787 0)
(1.04526 -0.207815 0)
(0.939788 -0.0888814 0)
(0.878965 -0.00898286 0)
(0.850741 0.0412887 0)
(0.789184 -0.535642 0)
(0.42256 -0.153535 0)
(0.165236 0.014507 0)
(0.136087 0.0494728 0)
(0.167028 0.049605 0)
(0.198919 0.0524504 0)
(0.789158 0.53565 0)
(0.422542 0.153525 0)
(0.165223 -0.0145051 0)
(0.136067 -0.0494626 0)
(0.166997 -0.049598 0)
(0.198887 -0.0524553 0)
(1.2504 0.584348 0)
(1.18764 0.377787 0)
(1.04521 0.207815 0)
(0.939736 0.0888805 0)
(0.878903 0.00899588 0)
(0.850675 -0.041278 0)
(1.26545 0.405436 0)
(1.36804 0.317875 0)
(1.38977 0.220259 0)
(1.37357 0.130086 0)
(1.35 0.0549649 0)
(1.3282 -0.00315433 0)
(1.14655 0.275813 0)
(1.26285 0.226276 0)
(1.33836 0.164044 0)
(1.3795 0.102132 0)
(1.39909 0.0455459 0)
(1.40491 -0.00255653 0)
(1.00834 0.177721 0)
(1.10228 0.144307 0)
(1.17589 0.101131 0)
(1.22793 0.0582571 0)
(1.26193 0.0190597 0)
(1.28147 -0.0151099 0)
(0.835439 0.0891699 0)
(0.912722 0.0684711 0)
(0.974543 0.0419544 0)
(1.01798 0.015457 0)
(1.04494 -0.00871398 0)
(1.05583 -0.0293656 0)
(0.496463 0.0132336 0)
(0.54248 0.00531526 0)
(0.572245 -0.00355582 0)
(0.583713 -0.0114018 0)
(0.57723 -0.0173399 0)
(0.55674 -0.0210195 0)
(0.526216 0.0223157 0)
(0.489181 0.0215835 0)
(0.448914 0.0194397 0)
(0.408013 0.016609 0)
(0.368237 0.013632 0)
(0.330691 0.0108187 0)
(0.296063 0.00832927 0)
(0.264737 0.00623742 0)
(0.236856 0.00455556 0)
(0.212383 0.00325059 0)
(0.191166 0.00226425 0)
(0.172983 0.00153006 0)
(0.157575 0.000984502 0)
(0.144672 0.000573386 0)
(0.134007 0.000255605 0)
(0.125329 3.11852e-06 0)
(0.118402 -0.000201238 0)
(0.113008 -0.000367545 0)
(0.108948 -0.000501719 0)
(0.106039 -0.000607908 0)
(0.104112 -0.000689411 0)
(0.103016 -0.000749188 0)
(0.102612 -0.000789805 0)
(0.102774 -0.000814467 0)
(0.103391 -0.00082489 0)
(0.104365 -0.000822668 0)
(0.10561 -0.00080944 0)
(0.107051 -0.000787443 0)
(0.108625 -0.000758471 0)
(0.110279 -0.00072358 0)
(0.111965 -0.000683732 0)
(0.113645 -0.000640395 0)
(0.115289 -0.000595182 0)
(0.116872 -0.000549375 0)
(0.118377 -0.000503833 0)
(0.119793 -0.000459269 0)
(0.12111 -0.000416221 0)
(0.122324 -0.000375142 0)
(0.123433 -0.000336321 0)
(0.124436 -0.000299983 0)
(0.125336 -0.000266212 0)
(0.126137 -0.000235145 0)
(0.126842 -0.000206313 0)
(0.127457 -0.000180129 0)
(0.127984 -0.000154559 0)
(0.128447 -0.000130329 0)
(0.128815 -7.87617e-05 0)
(1.05163 0.0455351 0)
(1.03418 0.0568018 0)
(1.00581 0.0635714 0)
(0.968791 0.0666672 0)
(0.925145 0.0668992 0)
(0.876757 0.0649396 0)
(0.825427 0.0613683 0)
(0.772821 0.0566989 0)
(0.720419 0.0513667 0)
(0.669493 0.0457232 0)
(0.621088 0.0400435 0)
(0.576011 0.0345352 0)
(0.534824 0.0293453 0)
(0.497853 0.0245666 0)
(0.465215 0.0202479 0)
(0.436852 0.0164039 0)
(0.412572 0.0130261 0)
(0.392093 0.010091 0)
(0.375074 0.00756621 0)
(0.36115 0.00541508 0)
(0.349954 0.00360022 0)
(0.341129 0.00208525 0)
(0.33434 0.000836114 0)
(0.329281 -0.000178028 0)
(0.325673 -0.000986493 0)
(0.323267 -0.00161662 0)
(0.321845 -0.00209326 0)
(0.321218 -0.00243774 0)
(0.321211 -0.00266786 0)
(0.321678 -0.00280047 0)
(0.322494 -0.00285136 0)
(0.323558 -0.00283593 0)
(0.324783 -0.00276891 0)
(0.326102 -0.00266269 0)
(0.327457 -0.00252727 0)
(0.328804 -0.00237095 0)
(0.330107 -0.00220068 0)
(0.33134 -0.00202226 0)
(0.332484 -0.00184045 0)
(0.333526 -0.00165913 0)
(0.334456 -0.00148133 0)
(0.33527 -0.00130971 0)
(0.335966 -0.00114528 0)
(0.336552 -0.000992881 0)
(0.33701 -0.000839886 0)
(0.337414 -0.000730486 0)
(0.337628 -0.000424974 0)
(1.28926 0.0432043 0)
(1.28729 0.0650827 0)
(1.27718 0.0815165 0)
(1.2598 0.0934604 0)
(1.2356 0.101584 0)
(1.20507 0.106333 0)
(1.16898 0.108091 0)
(1.12828 0.107231 0)
(1.08405 0.104125 0)
(1.03744 0.0991519 0)
(0.989672 0.0927055 0)
(0.941907 0.0851867 0)
(0.895215 0.0769862 0)
(0.85051 0.0684653 0)
(0.808517 0.0599401 0)
(0.76976 0.051671 0)
(0.734563 0.0438575 0)
(0.703068 0.036639 0)
(0.675263 0.0300997 0)
(0.651016 0.0242774 0)
(0.630109 0.0191728 0)
(0.612268 0.0147606 0)
(0.597186 0.0109973 0)
(0.584552 0.00782919 0)
(0.574054 0.00519777 0)
(0.565401 0.00304329 0)
(0.558318 0.00130766 0)
(0.552555 -6.2749e-05 0)
(0.547898 -0.0011173 0)
(0.544156 -0.001902 0)
(0.541162 -0.00245974 0)
(0.538778 -0.00282879 0)
(0.536879 -0.00304235 0)
(0.535358 -0.00312963 0)
(0.534126 -0.00311626 0)
(0.53311 -0.0030245 0)
(0.532251 -0.00287328 0)
(0.5315 -0.00267856 0)
(0.53082 -0.00245357 0)
(0.53018 -0.00220923 0)
(0.529557 -0.00195432 0)
(0.528932 -0.00169643 0)
(0.528289 -0.00144033 0)
(0.527632 -0.00119669 0)
(0.526906 -0.000948909 0)
(0.526313 -0.000792699 0)
(0.525163 -0.000283739 0)
(1.40242 0.0405993 0)
(1.39532 0.0694589 0)
(1.38577 0.0914979 0)
(1.37406 0.108597 0)
(1.35968 0.121706 0)
(1.34217 0.131319 0)
(1.32128 0.137751 0)
(1.29695 0.141211 0)
(1.26932 0.14185 0)
(1.23869 0.139844 0)
(1.20558 0.135439 0)
(1.17064 0.128965 0)
(1.1346 0.120815 0)
(1.09821 0.111421 0)
(1.06221 0.101224 0)
(1.02722 0.0906392 0)
(0.993806 0.0800408 0)
(0.962366 0.0697391 0)
(0.933185 0.0599755 0)
(0.906422 0.0509216 0)
(0.882126 0.042685 0)
(0.860261 0.0353186 0)
(0.840721 0.0288313 0)
(0.823356 0.0231989 0)
(0.807986 0.0183742 0)
(0.794417 0.0142952 0)
(0.782454 0.0108918 0)
(0.771905 0.00809079 0)
(0.762591 0.00581905 0)
(0.754349 0.00400656 0)
(0.747029 0.00258757 0)
(0.740495 0.00150213 0)
(0.734636 0.000697196 0)
(0.729352 0.00012546 0)
(0.724558 -0.000255095 0)
(0.720181 -0.000481168 0)
(0.716158 -0.000584322 0)
(0.712437 -0.000591357 0)
(0.708971 -0.000524767 0)
(0.705723 -0.000403281 0)
(0.70266 -0.000242272 0)
(0.699756 -5.48964e-05 0)
(0.696982 0.000149432 0)
(0.694344 0.000354603 0)
(0.691724 0.000576603 0)
(0.689552 0.000695155 0)
(0.686148 0.00118325 0)
(1.30973 0.0458794 0)
(1.29689 0.0763773 0)
(1.29004 0.0993995 0)
(1.2868 0.117797 0)
(1.28468 0.132624 0)
(1.28214 0.144311 0)
(1.27827 0.153121 0)
(1.27239 0.159166 0)
(1.26409 0.162458 0)
(1.25321 0.163012 0)
(1.23979 0.160917 0)
(1.22403 0.156365 0)
(1.20622 0.149648 0)
(1.18675 0.141136 0)
(1.16606 0.131251 0)
(1.14461 0.120436 0)
(1.12283 0.10912 0)
(1.10113 0.097694 0)
(1.07986 0.0864932 0)
(1.05928 0.0757849 0)
(1.03962 0.0657666 0)
(1.021 0.0565703 0)
(1.00352 0.0482696 0)
(0.987194 0.0408897 0)
(0.972018 0.0344182 0)
(0.957953 0.0288148 0)
(0.944939 0.0240207 0)
(0.932908 0.0199654 0)
(0.921782 0.0165729 0)
(0.911485 0.0137661 0)
(0.90194 0.0114704 0)
(0.893078 0.00961488 0)
(0.884832 0.00813404 0)
(0.877142 0.00696856 0)
(0.869955 0.00606592 0)
(0.863223 0.00538019 0)
(0.856902 0.00487166 0)
(0.850956 0.00450644 0)
(0.84535 0.00425582 0)
(0.840056 0.00409578 0)
(0.835046 0.00400641 0)
(0.830298 0.00397105 0)
(0.82578 0.00397654 0)
(0.821508 0.00400783 0)
(0.817312 0.00406596 0)
(0.813831 0.0040847 0)
(0.808502 0.0042753 0)
(0.84679 0.0701143 0)
(0.861261 0.0876498 0)
(0.889351 0.101238 0)
(0.922591 0.113827 0)
(0.955472 0.125883 0)
(0.985936 0.13706 0)
(1.01322 0.146866 0)
(1.03686 0.154822 0)
(1.0566 0.160532 0)
(1.07246 0.163731 0)
(1.08461 0.164314 0)
(1.09328 0.162328 0)
(1.09872 0.157959 0)
(1.10124 0.151504 0)
(1.10115 0.14334 0)
(1.09877 0.133886 0)
(1.09445 0.123571 0)
(1.08853 0.112802 0)
(1.08131 0.101943 0)
(1.07311 0.0913031 0)
(1.06419 0.0811259 0)
(1.05478 0.0715914 0)
(1.04509 0.0628192 0)
(1.03528 0.0548754 0)
(1.02547 0.0477827 0)
(1.01578 0.0415292 0)
(1.00627 0.0360777 0)
(0.997011 0.0313738 0)
(0.988036 0.0273526 0)
(0.979374 0.0239441 0)
(0.971041 0.0210773 0)
(0.963046 0.018683 0)
(0.955392 0.0166959 0)
(0.948078 0.0150561 0)
(0.941099 0.0137097 0)
(0.934447 0.012609 0)
(0.928113 0.0117124 0)
(0.922087 0.0109841 0)
(0.916358 0.0103935 0)
(0.910915 0.00991529 0)
(0.905743 0.00952816 0)
(0.900833 0.00921513 0)
(0.896161 0.00896137 0)
(0.891749 0.00875992 0)
(0.887427 0.00858561 0)
(0.883845 0.00849466 0)
(0.878389 0.00822162 0)
(0.25917 0.0403798 0)
(0.32694 0.0364162 0)
(0.397158 0.0438686 0)
(0.463258 0.0569978 0)
(0.523034 0.0725253 0)
(0.577541 0.0885302 0)
(0.627794 0.103595 0)
(0.674064 0.116746 0)
(0.716376 0.127407 0)
(0.754798 0.135268 0)
(0.789433 0.140211 0)
(0.820382 0.142282 0)
(0.847737 0.141666 0)
(0.871612 0.138663 0)
(0.892142 0.133648 0)
(0.909493 0.127042 0)
(0.923855 0.119271 0)
(0.935445 0.110741 0)
(0.9445 0.101823 0)
(0.951272 0.0928337 0)
(0.956022 0.084033 0)
(0.959006 0.0756212 0)
(0.960477 0.0677416 0)
(0.960671 0.0604863 0)
(0.959807 0.0539041 0)
(0.958085 0.0480085 0)
(0.955682 0.0427861 0)
(0.952753 0.0382041 0)
(0.949433 0.0342167 0)
(0.945835 0.0307704 0)
(0.942058 0.0278087 0)
(0.93818 0.0252747 0)
(0.934268 0.0231135 0)
(0.930374 0.0212739 0)
(0.926539 0.0197093 0)
(0.922797 0.0183779 0)
(0.919171 0.0172429 0)
(0.91568 0.0162726 0)
(0.912336 0.0154398 0)
(0.909147 0.0147217 0)
(0.906117 0.0140994 0)
(0.903247 0.0135585 0)
(0.900532 0.0130849 0)
(0.897986 0.0126823 0)
(0.895516 0.0123005 0)
(0.893482 0.0121247 0)
(0.890438 0.0114167 0)
(0.036914 -0.0488387 0)
(0.0642509 -0.0494851 0)
(0.103411 -0.0297199 0)
(0.144652 -0.00816028 0)
(0.185618 0.0125692 0)
(0.227655 0.0322826 0)
(0.271072 0.0503916 0)
(0.31537 0.0663445 0)
(0.359909 0.0798085 0)
(0.404112 0.0905913 0)
(0.447433 0.098598 0)
(0.489348 0.103857 0)
(0.529381 0.106523 0)
(0.567134 0.106855 0)
(0.602306 0.105185 0)
(0.634683 0.101883 0)
(0.66414 0.0973235 0)
(0.690634 0.0918643 0)
(0.714201 0.0858326 0)
(0.734944 0.0795128 0)
(0.753017 0.0731413 0)
(0.768617 0.0669054 0)
(0.781961 0.0609448 0)
(0.793285 0.0553569 0)
(0.802824 0.0502017 0)
(0.810808 0.045509 0)
(0.817456 0.0412847 0)
(0.822969 0.0375169 0)
(0.827531 0.0341814 0)
(0.831304 0.031246 0)
(0.83443 0.028674 0)
(0.837033 0.0264272 0)
(0.839217 0.0244677 0)
(0.841071 0.0227595 0)
(0.842668 0.021269 0)
(0.844068 0.0199659 0)
(0.845321 0.0188232 0)
(0.846467 0.0178173 0)
(0.847537 0.016928 0)
(0.848556 0.0161382 0)
(0.849543 0.0154336 0)
(0.850514 0.0148039 0)
(0.851481 0.0142376 0)
(0.852444 0.0137457 0)
(0.853448 0.0132677 0)
(0.854314 0.0130523 0)
(0.855755 0.0121337 0)
(-0.0051557 -0.0498748 0)
(-0.0269451 -0.054762 0)
(-0.0344932 -0.0394484 0)
(-0.0339023 -0.024014 0)
(-0.0264993 -0.00946812 0)
(-0.0119668 0.00439922 0)
(0.00952962 0.0174986 0)
(0.037034 0.0294158 0)
(0.0696228 0.0399021 0)
(0.106331 0.0487336 0)
(0.146105 0.0557599 0)
(0.187878 0.0609261 0)
(0.23063 0.064257 0)
(0.273443 0.0659029 0)
(0.315533 0.0660993 0)
(0.356247 0.0650914 0)
(0.395072 0.0631234 0)
(0.431638 0.0604319 0)
(0.465709 0.0572352 0)
(0.497163 0.0537262 0)
(0.525979 0.050068 0)
(0.552212 0.0463927 0)
(0.575978 0.0428025 0)
(0.597437 0.0393718 0)
(0.61677 0.0361509 0)
(0.634176 0.03317 0)
(0.649852 0.0304431 0)
(0.663995 0.0279716 0)
(0.676787 0.0257481 0)
(0.688397 0.023759 0)
(0.69898 0.0219869 0)
(0.708673 0.0204124 0)
(0.717597 0.0190154 0)
(0.725856 0.017776 0)
(0.733542 0.0166756 0)
(0.740732 0.0156967 0)
(0.747492 0.0148236 0)
(0.753877 0.0140424 0)
(0.759937 0.0133409 0)
(0.765709 0.0127088 0)
(0.771228 0.0121372 0)
(0.776521 0.0116202 0)
(0.781622 0.0111502 0)
(0.786514 0.0107377 0)
(0.791387 0.0103346 0)
(0.795486 0.0101485 0)
(0.801875 0.00937002 0)
(-0.0133371 -0.0197582 0)
(-0.0594147 -0.0226143 0)
(-0.0955685 -0.0172654 0)
(-0.120678 -0.0114897 0)
(-0.135253 -0.00606781 0)
(-0.139877 -0.000983613 0)
(-0.135057 0.003693 0)
(-0.121551 0.00798303 6.08186e-35)
(-0.100191 0.0118398 0)
(-0.0720082 0.0151738 0)
(-0.038215 0.0179154 0)
(-0.000123154 0.0200148 0)
(0.0410289 0.0214383 2.03359e-35)
(0.0841631 0.0222489 0)
(0.128229 0.0225498 0)
(0.172254 0.0224217 0)
(0.215451 0.0219428 0)
(0.257211 0.0211907 0)
(0.297087 0.0202388 0)
(0.334774 0.0191528 0)
(0.370094 0.0179894 0)
(0.402974 0.0167958 0)
(0.433424 0.0156092 -8.74596e-36)
(0.461516 0.0144579 0)
(0.487368 0.0133621 0)
(0.511126 0.0123347 0)
(0.532952 0.0113835 0)
(0.553017 0.0105113 0)
(0.571487 0.00971779 0)
(0.588524 0.00900025 0)
(0.60428 0.00835426 0)
(0.618895 0.00777444 0)
(0.632493 0.00725492 0)
(0.64519 0.00678971 0)
(0.657085 0.00637296 0)
(0.668267 0.00599914 0)
(0.678812 0.00566315 0)
(0.688789 0.0053604 3.16499e-36)
(0.698255 0.00508682 0)
(0.707262 0.00483891 0)
(0.715854 0.00461367 0)
(0.724067 0.00440907 1.89236e-36)
(0.731952 0.00422248 0)
(0.739479 0.00405799 0)
(0.746936 0.00389746 0)
(0.753194 0.00382045 0)
(0.76285 0.00351398 0)
(-0.0133359 0.0197799 0)
(-0.0594069 0.0226545 0)
(-0.0955547 0.0173216 0)
(-0.120655 0.01154 0)
(-0.135218 0.00609586 0)
(-0.139828 0.000985273 0)
(-0.134997 -0.00371571 0)
(-0.121483 -0.0080266 -6.08204e-35)
(-0.10012 -0.0118996 0)
(-0.0719416 -0.0152448 0)
(-0.0381568 -0.0179931 0)
(-7.76064e-05 -0.0200974 0)
(0.0410573 -0.0215229 -2.03362e-35)
(0.0841703 -0.022328 0)
(0.128214 -0.0226163 0)
(0.172219 -0.0224714 0)
(0.215399 -0.021974 0)
(0.257147 -0.0212037 0)
(0.297014 -0.0202352 0)
(0.334698 -0.0191353 0)
(0.370018 -0.0179612 0)
(0.402902 -0.0167601 0)
(0.433358 -0.0155692 8.74686e-36)
(0.461458 -0.0144165 0)
(0.48732 -0.0133217 0)
(0.511089 -0.0122976 0)
(0.532926 -0.0113512 0)
(0.553002 -0.0104852 0)
(0.571483 -0.00969887 0)
(0.588531 -0.00898909 0)
(0.604296 -0.00835123 0)
(0.618919 -0.00777972 0)
(0.632525 -0.0072685 0)
(0.645228 -0.00681146 0)
(0.657127 -0.00640266 0)
(0.668313 -0.0060365 0)
(0.678861 -0.00570782 0)
(0.688839 -0.00541199 -3.16466e-36)
(0.698306 -0.0051449 0)
(0.707312 -0.00490303 0)
(0.715903 -0.00468336 0)
(0.724114 -0.00448385 -1.89219e-36)
(0.731996 -0.00430184 0)
(0.73952 -0.00414143 0)
(0.746973 -0.00398437 0)
(0.753228 -0.00391122 0)
(0.762877 -0.00360505 0)
(-0.00515749 0.0498869 0)
(-0.026918 0.0547888 0)
(-0.0344515 0.0394964 0)
(-0.0338453 0.0240622 0)
(-0.0264238 0.00950343 0)
(-0.0118709 -0.00438247 0)
(0.00964191 -0.0175034 0)
(0.0371533 -0.0294425 0)
(0.0697403 -0.0399471 0)
(0.106437 -0.0487905 0)
(0.146192 -0.0558216 0)
(0.187938 -0.0609859 0)
(0.230655 -0.0643099 0)
(0.273429 -0.0659451 0)
(0.31548 -0.066129 0)
(0.356159 -0.0651084 0)
(0.394956 -0.0631288 0)
(0.431502 -0.0604274 0)
(0.46556 -0.0572229 0)
(0.497011 -0.0537084 0)
(0.525829 -0.0500468 0)
(0.552071 -0.0463702 0)
(0.575851 -0.0427804 0)
(0.597326 -0.0393516 0)
(0.616679 -0.0361338 0)
(0.634105 -0.0331569 0)
(0.649803 -0.0304347 0)
(0.663967 -0.0279684 0)
(0.676779 -0.0257505 0)
(0.688409 -0.0237673 0)
(0.699009 -0.0220012 0)
(0.708718 -0.0204326 0)
(0.717655 -0.0190415 0)
(0.725925 -0.0178079 0)
(0.733619 -0.0167131 0)
(0.740815 -0.0157396 0)
(0.747579 -0.0148717 0)
(0.753966 -0.0140955 0)
(0.760025 -0.0133987 0)
(0.765795 -0.0127709 0)
(0.771309 -0.0122034 0)
(0.776596 -0.0116901 0)
(0.78169 -0.0112235 0)
(0.786573 -0.0108139 0)
(0.791436 -0.0104133 0)
(0.795525 -0.0102299 0)
(0.801896 -0.00945153 0)
(0.0368954 0.048845 0)
(0.0642813 0.049487 0)
(0.103442 0.0297451 0)
(0.144699 0.00818734 0)
(0.185677 -0.0125542 0)
(0.22772 -0.0322844 0)
(0.271141 -0.050409 0)
(0.315438 -0.0663728 0)
(0.359968 -0.0798429 0)
(0.404155 -0.0906266 0)
(0.447455 -0.09863 0)
(0.489344 -0.103882 0)
(0.529349 -0.10654 0)
(0.567073 -0.106863 0)
(0.602218 -0.105185 0)
(0.634573 -0.101876 0)
(0.664012 -0.097311 0)
(0.690494 -0.091849 0)
(0.714055 -0.0858165 0)
(0.734797 -0.0794977 0)
(0.752875 -0.0731287 0)
(0.768483 -0.0668963 0)
(0.781838 -0.0609401 0)
(0.793175 -0.055357 0)
(0.802729 -0.0502067 0)
(0.810729 -0.045519 0)
(0.817392 -0.0412994 0)
(0.822921 -0.0375362 0)
(0.827497 -0.034205 0)
(0.831283 -0.0312735 0)
(0.834421 -0.0287053 0)
(0.837034 -0.026462 0)
(0.839226 -0.0245058 0)
(0.841086 -0.0228007 0)
(0.842686 -0.0213132 0)
(0.844089 -0.0200129 0)
(0.845342 -0.0188729 0)
(0.846485 -0.0178697 0)
(0.84755 -0.0169828 0)
(0.848563 -0.0161953 0)
(0.849543 -0.0154928 0)
(0.850504 -0.0148651 0)
(0.851461 -0.0143007 0)
(0.852412 -0.0138103 0)
(0.853401 -0.0133336 0)
(0.854256 -0.0131195 0)
(0.855674 -0.0122006 0)
(0.259137 -0.0403962 0)
(0.326894 -0.0364083 0)
(0.39712 -0.0438522 0)
(0.463238 -0.0569868 0)
(0.52303 -0.0725265 0)
(0.577544 -0.088539 0)
(0.627794 -0.103606 0)
(0.674054 -0.116758 0)
(0.716352 -0.127418 0)
(0.754758 -0.135277 0)
(0.789377 -0.140216 0)
(0.820309 -0.142282 0)
(0.84765 -0.141661 0)
(0.871511 -0.138652 0)
(0.892031 -0.133634 0)
(0.909374 -0.127026 0)
(0.923731 -0.119255 0)
(0.935318 -0.110726 0)
(0.944373 -0.101811 0)
(0.951147 -0.0928249 0)
(0.955899 -0.0840286 0)
(0.958888 -0.0756218 0)
(0.960363 -0.0677473 0)
(0.960563 -0.0604973 0)
(0.959704 -0.0539202 0)
(0.957987 -0.0480294 0)
(0.955588 -0.0428114 0)
(0.952663 -0.0382333 0)
(0.949346 -0.0342491 0)
(0.945751 -0.0308057 0)
(0.941975 -0.0278464 0)
(0.938097 -0.0253143 0)
(0.934183 -0.0231547 0)
(0.930287 -0.0213165 0)
(0.926448 -0.0197531 0)
(0.922701 -0.0184227 0)
(0.919069 -0.0172887 0)
(0.915571 -0.0163193 0)
(0.912219 -0.0154873 0)
(0.90902 -0.01477 0)
(0.905979 -0.0141485 0)
(0.903098 -0.0136084 0)
(0.90037 -0.0131354 0)
(0.89781 -0.0127335 0)
(0.895327 -0.012352 0)
(0.893281 -0.0121764 0)
(0.890215 -0.0114684 0)
(0.846715 -0.0701016 0)
(0.861188 -0.0876407 0)
(0.889278 -0.101232 0)
(0.922523 -0.113826 0)
(0.955413 -0.125887 0)
(0.985882 -0.137068 0)
(1.01317 -0.146874 0)
(1.03679 -0.154829 0)
(1.05652 -0.160536 0)
(1.07238 -0.163732 0)
(1.08452 -0.164309 0)
(1.09318 -0.162318 0)
(1.09862 -0.157945 0)
(1.10114 -0.151487 0)
(1.10104 -0.143322 0)
(1.09866 -0.13387 0)
(1.09434 -0.123557 0)
(1.08842 -0.11279 0)
(1.0812 -0.101935 0)
(1.073 -0.0912986 0)
(1.06408 -0.0811256 0)
(1.05468 -0.0715956 0)
(1.04498 -0.0628277 0)
(1.03517 -0.0548884 0)
(1.02536 -0.0477999 0)
(1.01566 -0.0415503 0)
(1.00615 -0.0361023 0)
(0.996887 -0.0314014 0)
(0.987907 -0.0273828 0)
(0.979239 -0.0239763 0)
(0.970899 -0.021111 0)
(0.962897 -0.0187178 0)
(0.955235 -0.0167315 0)
(0.947913 -0.0150923 0)
(0.940924 -0.0137462 0)
(0.934263 -0.0126458 0)
(0.927919 -0.0117493 0)
(0.921883 -0.0110211 0)
(0.916144 -0.0104306 0)
(0.910689 -0.00995252 0)
(0.905506 -0.00956551 0)
(0.900583 -0.00925263 0)
(0.895899 -0.00899901 0)
(0.891474 -0.00879767 0)
(0.887138 -0.0086235 0)
(0.883545 -0.00853238 0)
(0.878071 -0.00825971 0)
(1.30967 -0.0458588 0)
(1.29683 -0.0763598 0)
(1.28999 -0.0993871 0)
(1.28675 -0.117789 0)
(1.28462 -0.132621 0)
(1.28208 -0.144313 0)
(1.2782 -0.153125 0)
(1.27232 -0.159171 0)
(1.26402 -0.162461 0)
(1.25313 -0.16301 0)
(1.23971 -0.160909 0)
(1.22394 -0.156353 0)
(1.20613 -0.149633 0)
(1.18667 -0.141119 0)
(1.16598 -0.131234 0)
(1.14453 -0.12042 0)
(1.12275 -0.109106 0)
(1.10105 -0.0976828 0)
(1.07978 -0.0864851 0)
(1.05921 -0.0757799 0)
(1.03954 -0.065765 0)
(1.02092 -0.0565721 0)
(1.00343 -0.0482749 0)
(0.987104 -0.0408983 0)
(0.971921 -0.03443 0)
(0.957849 -0.0288296 0)
(0.944828 -0.0240382 0)
(0.932789 -0.0199852 0)
(0.921654 -0.0165947 0)
(0.911348 -0.0137894 0)
(0.901794 -0.0114948 0)
(0.892922 -0.00964007 0)
(0.884666 -0.00815982 0)
(0.876966 -0.00699458 0)
(0.869769 -0.00609211 0)
(0.863026 -0.00540632 0)
(0.856695 -0.00489777 0)
(0.850738 -0.00453238 0)
(0.845122 -0.0042817 0)
(0.839817 -0.00412152 0)
(0.834796 -0.00403215 0)
(0.830037 -0.00399671 0)
(0.825508 -0.00400226 0)
(0.821225 -0.00403352 0)
(0.817017 -0.00409184 0)
(0.813527 -0.00411048 0)
(0.808183 -0.00430196 0)
(1.4024 -0.0406072 0)
(1.3953 -0.069458 0)
(1.38574 -0.0914929 0)
(1.37403 -0.108592 0)
(1.35965 -0.121704 0)
(1.34213 -0.131319 0)
(1.32123 -0.137752 0)
(1.2969 -0.141211 0)
(1.26926 -0.141848 0)
(1.23863 -0.139839 0)
(1.20552 -0.135431 0)
(1.17058 -0.128954 0)
(1.13455 -0.120802 0)
(1.09817 -0.111408 0)
(1.06216 -0.10121 0)
(1.02718 -0.0906262 0)
(0.993768 -0.0800286 0)
(0.96233 -0.0697284 0)
(0.93315 -0.0599665 0)
(0.906386 -0.0509148 0)
(0.882089 -0.0426806 0)
(0.860221 -0.0353168 0)
(0.840678 -0.028832 0)
(0.823308 -0.0232022 0)
(0.807932 -0.0183798 0)
(0.794357 -0.0143031 0)
(0.782386 -0.0109017 0)
(0.77183 -0.00810244 0)
(0.762508 -0.00583215 0)
(0.754257 -0.00402091 0)
(0.746929 -0.00260283 0)
(0.740387 -0.00151811 0)
(0.734519 -0.000713593 0)
(0.729226 -0.000142134 0)
(0.724423 0.000238378 0)
(0.720037 0.000464465 0)
(0.716006 0.000567775 0)
(0.712276 0.000574942 0)
(0.708801 0.000508552 0)
(0.705544 0.000387185 0)
(0.702472 0.000226322 0)
(0.69956 3.89981e-05 0)
(0.696776 -0.000165286 0)
(0.69413 -0.000370526 0)
(0.691501 -0.000592626 0)
(0.689321 -0.00071123 0)
(0.685905 -0.00120055 0)
(1.28925 -0.0432009 0)
(1.28728 -0.0650753 0)
(1.27716 -0.0815105 0)
(1.25978 -0.0934567 0)
(1.23557 -0.101581 0)
(1.20504 -0.106331 0)
(1.16895 -0.108088 0)
(1.12825 -0.107226 0)
(1.08401 -0.104119 0)
(1.03741 -0.099145 0)
(0.989641 -0.0926982 0)
(0.941879 -0.0851792 0)
(0.895191 -0.0769782 0)
(0.85049 -0.0684567 0)
(0.808501 -0.0599307 0)
(0.769749 -0.0516611 0)
(0.734555 -0.0438475 0)
(0.703064 -0.0366295 0)
(0.675262 -0.0300912 0)
(0.651017 -0.0242703 0)
(0.630111 -0.0191673 0)
(0.612269 -0.0147567 0)
(0.597187 -0.010995 0)
(0.58455 -0.00782865 0)
(0.57405 -0.00519874 0)
(0.565392 -0.00304583 0)
(0.558305 -0.00131155 0)
(0.552537 5.75148e-05 0)
(0.547874 0.00111099 0)
(0.544126 0.00189468 0)
(0.541125 0.00245169 0)
(0.538735 0.0028201 0)
(0.536829 0.00303334 0)
(0.535301 0.00312036 0)
(0.534062 0.00310699 0)
(0.533039 0.00301524 0)
(0.532173 0.00286421 0)
(0.531416 0.00266962 0)
(0.53073 0.00244487 0)
(0.530084 0.00220065 0)
(0.529453 0.00194593 0)
(0.528822 0.0016881 0)
(0.528172 0.00143208 0)
(0.52751 0.00118847 0)
(0.526777 0.00094056 0)
(0.526178 0.000784201 0)
(0.525019 0.000274058 0)
(1.05162 -0.0455321 0)
(1.03416 -0.0568035 0)
(1.00579 -0.0635739 0)
(0.968769 -0.0666671 0)
(0.925124 -0.0668954 0)
(0.876738 -0.064933 0)
(0.825408 -0.061361 0)
(0.772803 -0.0566927 0)
(0.720402 -0.0513627 0)
(0.669477 -0.0457212 0)
(0.621074 -0.0400425 0)
(0.575999 -0.0345339 0)
(0.534814 -0.0293428 0)
(0.497846 -0.0245627 0)
(0.465211 -0.0202427 0)
(0.436852 -0.016398 0)
(0.412576 -0.0130203 0)
(0.3921 -0.0100856 0)
(0.375085 -0.00756155 0)
(0.361165 -0.00541119 0)
(0.349971 -0.00359723 0)
(0.341148 -0.00208299 0)
(0.334361 -0.000834678 0)
(0.329302 0.000178788 0)
(0.325694 0.000986455 0)
(0.323287 0.0016159 0)
(0.321863 0.00209175 0)
(0.321233 0.00243563 0)
(0.321223 0.0026651 0)
(0.321686 0.00279728 0)
(0.322499 0.00284777 0)
(0.323558 0.00283215 0)
(0.324779 0.00276495 0)
(0.326093 0.00265874 0)
(0.327444 0.00252331 0)
(0.328786 0.00236713 0)
(0.330085 0.00219693 0)
(0.331314 0.00201869 0)
(0.332453 0.00183696 0)
(0.333491 0.00165581 0)
(0.334416 0.00147809 0)
(0.335227 0.00130662 0)
(0.335919 0.00114222 0)
(0.336501 0.00098994 0)
(0.336955 0.00083675 0)
(0.337355 0.000727308 0)
(0.337564 0.000420795 0)
(0.526193 -0.0223426 0)
(0.489156 -0.0215934 0)
(0.448894 -0.0194287 0)
(0.408 -0.0165864 0)
(0.36823 -0.0136115 0)
(0.330686 -0.0108095 0)
(0.296057 -0.00833165 0)
(0.264729 -0.0062461 0)
(0.236847 -0.00456394 0)
(0.212374 -0.0032547 0)
(0.191158 -0.00226343 0)
(0.172976 -0.00152614 0)
(0.15757 -0.000979806 0)
(0.144669 -0.000569778 0)
(0.134008 -0.000253741 0)
(0.125332 -2.90461e-06 0)
(0.118406 0.000200539 0)
(0.113014 0.000366592 0)
(0.108956 0.000501127 0)
(0.106048 0.000607855 0)
(0.104124 0.000689945 0)
(0.103029 0.000750039 0)
(0.102625 0.000790769 0)
(0.102788 0.00081524 0)
(0.103405 0.000825382 0)
(0.104379 0.000822756 0)
(0.105623 0.000809203 0)
(0.107063 0.000786897 0)
(0.108636 0.000757758 0)
(0.110288 0.000722737 0)
(0.111972 0.000682889 0)
(0.113651 0.000639557 0)
(0.115292 0.000594412 0)
(0.116873 0.00054862 0)
(0.118377 0.000503128 0)
(0.119791 0.000458568 0)
(0.121107 0.000415564 0)
(0.122319 0.000374496 0)
(0.123426 0.000335731 0)
(0.124428 0.000299419 0)
(0.125326 0.000265712 0)
(0.126125 0.00023468 0)
(0.126829 0.00020585 0)
(0.127442 0.000179703 0)
(0.127968 0.000154231 0)
(0.12843 0.000130173 0)
(0.128795 7.77035e-05 0)
)
;

boundaryField
{
    inlet
    {
        type            fixedProfile;
        profile         csvFile;
        profileCoeffs
        {
            nHeaderLine     0;
            refColumn       0;
            componentColumns 3(1 2 3);
            separator       ",";
            mergeSeparators 0;
            file            "0/Uprofile.csv";
        }
        direction       (0 1 0);
        origin          -1;
        value           nonuniform List<vector> 
20
(
(0.0975 0 0)
(0.2775 0 0)
(0.4375 0 0)
(0.5775 0 0)
(0.6975 0 0)
(0.7975 0 0)
(0.8775 0 0)
(0.9375 0 0)
(0.9775 0 0)
(0.9975 0 0)
(0.9975 0 0)
(0.9775 0 0)
(0.9375 0 0)
(0.8775 0 0)
(0.7975 0 0)
(0.6975 0 0)
(0.5775 0 0)
(0.4375 0 0)
(0.2775 0 0)
(0.0975 0 0)
)
;
    }
    outlet
    {
        type            zeroGradient;
    }
    upperWall
    {
        type            noSlip;
    }
    lowerWall
    {
        type            noSlip;
    }
    frontAndBack
    {
        type            empty;
    }
}


// ************************************************************************* //
