/*--------------------------------*- C++ -*----------------------------------*\
| =========                 |                                                 |
| \\      /  F ield         | OpenFOAM: The Open Source CFD Toolbox           |
|  \\    /   O peration     | Version:  2406                                  |
|   \\  /    A nd           | Website:  www.openfoam.com                      |
|    \\/     M anipulation  |                                                 |
\*---------------------------------------------------------------------------*/
FoamFile
{
    version     2.0;
    format      ascii;
    arch        "LSB;label=32;scalar=64";
    class       surfaceScalarField;
    location    "79";
    object      phi;
}
// * * * * * * * * * * * * * * * * * * * * * * * * * * * * * * * * * * * * * //

dimensions      [0 3 -1 0 0 0 0];

oriented        oriented;

internalField   nonuniform List<scalar> 
3880
(
0.00994075
-0.000190752
0.010145
-0.000204196
0.0102915
-0.000146568
0.0103948
-0.000103269
0.0104704
-7.56142e-05
0.0105265
-5.61221e-05
0.0105686
-4.20324e-05
0.0106008
-3.22339e-05
0.0106263
-2.55003e-05
-2.07182e-05
0.010647
0.0276657
-0.000106468
0.0276582
-0.000196677
0.027703
-0.000191364
0.0277652
-0.000165459
0.0278304
-0.000140827
0.0278923
-0.000117949
0.0279477
-9.74673e-05
0.0279961
-8.06064e-05
0.0280379
-6.73544e-05
-5.69372e-05
0.0280741
0.0437006
-5.70721e-05
0.0436399
-0.000135934
0.043607
-0.000158501
0.0435976
-0.000156052
0.0436042
-0.000147399
0.0436217
-0.000135461
0.0436456
-0.000121324
0.0436721
-0.000107165
0.0436991
-9.43753e-05
-8.32207e-05
0.0437254
0.0577271
-3.41702e-05
0.0576813
-9.01364e-05
0.0576405
-0.00011766
0.0576102
-0.000125793
0.0575891
-0.000126326
0.0575764
-0.000122744
0.0575709
-0.000115793
0.0575708
-0.000107039
0.0575744
-9.80038e-05
-8.93855e-05
0.0575806
0.0697378
-2.19652e-05
0.0697087
-6.10092e-05
0.0696765
-8.55024e-05
0.0696474
-9.66883e-05
0.069622
-0.00010089
0.0696005
-0.000101218
0.0695831
-9.84311e-05
0.0695696
-9.35192e-05
0.0695593
-8.76904e-05
-8.16846e-05
0.0695516
0.0797427
-1.46451e-05
0.0797235
-4.18306e-05
0.0796992
-6.12048e-05
0.0796745
-7.19825e-05
0.0796508
-7.72153e-05
0.0796287
-7.91107e-05
0.0796087
-7.84037e-05
0.079591
-7.57616e-05
0.0795753
-7.20613e-05
-6.79485e-05
0.0795616
0.0877451
-9.71216e-06
0.0877314
-2.81215e-05
0.0877124
-4.22159e-05
0.0876914
-5.1e-05
0.08767
-5.58361e-05
0.087649
-5.80718e-05
0.0876289
-5.82941e-05
0.0876101
-5.69674e-05
0.0875927
-5.469e-05
-5.19548e-05
0.0875767
0.0937463
-5.98151e-06
0.0937356
-1.74346e-05
0.0937199
-2.65649e-05
0.0937016
-3.26456e-05
0.093682
-3.62459e-05
0.093662
-3.80915e-05
0.0936423
-3.85658e-05
0.0936233
-3.797e-05
0.0936053
-3.66772e-05
-3.50125e-05
0.0935883
0.0977469
-2.86062e-06
0.0977378
-8.36328e-06
0.0977241
-1.28421e-05
0.0977074
-1.59311e-05
0.097689
-1.78323e-05
0.0976697
-1.88553e-05
0.0976504
-1.91852e-05
0.0976314
-1.89712e-05
0.0976131
-1.8392e-05
-1.7607e-05
0.0975957
0.0997471
2.48844e-10
0.0997388
6.27097e-10
0.0997259
5.8256e-10
0.09971
1.03458e-09
0.0996922
1.76486e-09
0.0996733
1.61243e-09
0.0996541
8.30924e-10
0.0996352
7.40927e-10
0.0996168
1.7119e-09
2.54342e-09
0.0995992
0.0997471
2.86073e-06
0.0997388
8.36363e-06
0.0997259
1.28442e-05
0.09971
1.59341e-05
0.0996922
1.78346e-05
0.0996733
1.88573e-05
0.0996541
1.91877e-05
0.0996352
1.89743e-05
0.0996168
1.83955e-05
1.76106e-05
0.0995992
0.0977469
5.98209e-06
0.0977378
1.74359e-05
0.0977241
2.65662e-05
0.0977074
3.26476e-05
0.097689
3.6249e-05
0.0976697
3.80943e-05
0.0976504
3.85678e-05
0.0976314
3.7972e-05
0.0976131
3.66805e-05
3.50169e-05
0.0975957
0.0937463
9.71245e-06
0.0937356
2.81222e-05
0.0937199
4.22179e-05
0.0937016
5.10021e-05
0.093682
5.58383e-05
0.093662
5.80743e-05
0.0936423
5.82971e-05
0.0936233
5.69704e-05
0.0936053
5.46928e-05
5.19574e-05
0.0935883
0.0877451
1.46455e-05
0.0877314
4.18314e-05
0.0877124
6.12061e-05
0.0876914
7.19845e-05
0.08767
7.72178e-05
0.087649
7.91136e-05
0.0876289
7.84068e-05
0.0876101
7.57643e-05
0.0875927
7.20636e-05
6.79507e-05
0.0875767
0.0797427
2.19656e-05
0.0797235
6.10103e-05
0.0796992
8.55037e-05
0.0796745
9.66898e-05
0.0796508
0.000100893
0.0796287
0.000101221
0.0796087
9.84343e-05
0.0795909
9.35218e-05
0.0795753
8.76922e-05
8.16861e-05
0.0795616
0.0697378
3.41706e-05
0.0697087
9.01371e-05
0.0696765
0.000117662
0.0696474
0.000125795
0.069622
0.000126328
0.0696005
0.000122747
0.0695831
0.000115797
0.0695696
0.000107042
0.0695593
9.80057e-05
8.93863e-05
0.0695516
0.0577271
5.70728e-05
0.0576813
0.000135935
0.0576405
0.000158502
0.0576102
0.000156053
0.0575891
0.000147402
0.0575764
0.000135464
0.0575709
0.000121328
0.0575708
0.000107168
0.0575744
9.43768e-05
8.32223e-05
0.0575806
0.0437006
0.000106469
0.0436399
0.000196678
0.043607
0.000191366
0.0435976
0.000165461
0.0436042
0.00014083
0.0436217
0.000117952
0.0436456
9.74711e-05
0.0436721
8.06097e-05
0.0436991
6.73558e-05
5.69379e-05
0.0437254
0.0276657
0.000190752
0.0276582
0.000204197
0.027703
0.000146568
0.0277652
0.00010327
0.0278304
7.56161e-05
0.0278923
5.61247e-05
0.0279477
4.20347e-05
0.0279961
3.2235e-05
0.0280379
2.55009e-05
2.07198e-05
0.0280741
0.00994075
0.010145
0.0102915
0.0103948
0.0104704
0.0105265
0.0105686
0.0106008
0.0106263
0.010647
0.0106642
-1.71718e-05
0.0106787
-1.44659e-05
0.010691
-1.23668e-05
0.0107017
-1.07124e-05
0.0107111
-9.38305e-06
0.0107194
-8.29279e-06
0.0107268
-7.38435e-06
0.0107334
-6.6212e-06
0.0107394
-5.97814e-06
0.0107448
-5.43458e-06
0.0107498
-4.97177e-06
0.0107544
-4.57276e-06
0.0107586
-4.22395e-06
0.0107625
-3.91533e-06
0.0107662
-3.6401e-06
0.0107696
-3.39386e-06
0.0107727
-3.17338e-06
0.0107757
-2.97599e-06
0.0107785
-2.79916e-06
0.0107811
-2.64021e-06
0.0107836
-2.49661e-06
0.010786
-2.36583e-06
0.0107883
-2.24575e-06
0.0107904
-2.1346e-06
0.0107924
-2.0311e-06
0.0107944
-1.93438e-06
0.0107962
-1.84389e-06
0.010798
-1.75931e-06
0.0107996
-1.68043e-06
0.0108012
-1.60697e-06
0.0108028
-1.53868e-06
0.0108043
-1.47513e-06
0.0108057
-1.4159e-06
0.010807
-1.36046e-06
-1.30833e-06
0.0108083
0.0281056
-4.86135e-05
0.028133
-4.18899e-05
0.0281571
-3.64352e-05
0.0281784
-3.19872e-05
0.0281973
-2.83215e-05
0.0282143
-2.52562e-05
0.0282295
-2.26597e-05
0.0282434
-2.04451e-05
0.0282559
-1.85533e-05
0.0282674
-1.69362e-05
0.028278
-1.55477e-05
0.0282878
-1.4344e-05
0.0282968
-1.32873e-05
0.0283053
-1.23488e-05
0.0283131
-1.15084e-05
0.0283205
-1.0753e-05
0.0283274
-1.00736e-05
0.0283339
-9.46278e-06
0.02834
-8.91342e-06
0.0283458
-8.41818e-06
0.0283513
-7.96956e-06
0.0283565
-7.56049e-06
0.0283614
-7.18459e-06
0.0283661
-6.83667e-06
0.0283706
-6.51277e-06
0.0283749
-6.21006e-06
0.0283789
-5.92673e-06
0.0283828
-5.66151e-06
0.0283866
-5.41356e-06
0.0283902
-5.18203e-06
0.0283936
-4.96605e-06
0.0283969
-4.7645e-06
0.0284
-4.57614e-06
0.0284031
-4.39958e-06
-4.23343e-06
0.028406
0.0437504
-7.35425e-05
0.0437737
-6.51808e-05
0.0437952
-5.80153e-05
0.0438152
-5.19105e-05
0.0438335
-4.67007e-05
0.0438505
-4.22181e-05
0.0438662
-3.83255e-05
0.0438806
-3.49303e-05
0.0438941
-3.19719e-05
0.0439065
-2.9401e-05
0.0439181
-2.71649e-05
0.043929
-2.52072e-05
0.0439392
-2.34741e-05
0.0439488
-2.19217e-05
0.0439578
-2.05195e-05
0.0439663
-1.92482e-05
0.0439743
-1.80957e-05
0.0439819
-1.70524e-05
0.0439891
-1.61087e-05
0.0439959
-1.52541e-05
0.0440024
-1.4477e-05
0.0440086
-1.37657e-05
0.0440146
-1.31099e-05
0.0440202
-1.2501e-05
0.0440256
-1.19325e-05
0.0440308
-1.13997e-05
0.0440358
-1.08996e-05
0.0440406
-1.04302e-05
0.0440452
-9.99012e-06
0.0440496
-9.57796e-06
0.0440538
-9.19222e-06
0.0440578
-8.83113e-06
0.0440618
-8.49263e-06
0.0440655
-8.17446e-06
-7.87436e-06
0.0440692
0.0575884
-8.13585e-05
0.0575972
-7.39923e-05
0.0576065
-6.73563e-05
0.0576161
-6.14708e-05
0.0576257
-5.62802e-05
0.0576351
-5.16826e-05
0.0576444
-4.758e-05
0.0576534
-4.39086e-05
0.0576621
-4.06362e-05
0.0576704
-3.77386e-05
0.0576784
-3.51811e-05
0.0576861
-3.29149e-05
0.0576935
-3.08861e-05
0.0577006
-2.90473e-05
0.0577075
-2.73653e-05
0.0577141
-2.58207e-05
0.0577204
-2.44039e-05
0.0577264
-2.31088e-05
0.0577323
-2.19281e-05
0.0577379
-2.0852e-05
0.0577432
-1.98679e-05
0.0577484
-1.89623e-05
0.0577535
-1.81224e-05
0.0577583
-1.73377e-05
0.057763
-1.66005e-05
0.0577675
-1.59055e-05
0.0577718
-1.52496e-05
0.057776
-1.46312e-05
0.0577801
-1.40487e-05
0.057784
-1.35011e-05
0.0577878
-1.29865e-05
0.0577915
-1.25029e-05
0.057795
-1.20476e-05
0.0577985
-1.16179e-05
-1.1211e-05
0.0578018
0.069546
-7.57882e-05
0.0695422
-7.01436e-05
0.0695397
-6.48815e-05
0.0695383
-6.00906e-05
0.0695378
-5.57783e-05
0.069538
-5.18887e-05
0.0695388
-4.83532e-05
0.06954
-4.51288e-05
0.0695416
-4.22034e-05
0.0695434
-3.95751e-05
0.0695455
-3.72299e-05
0.0695477
-3.51341e-05
0.06955
-3.32422e-05
0.0695525
-3.151e-05
0.069555
-2.99054e-05
0.0695576
-2.84116e-05
0.0695602
-2.70232e-05
0.0695629
-2.57396e-05
0.0695655
-2.45591e-05
0.0695681
-2.3476e-05
0.0695707
-2.24799e-05
0.0695733
-2.15579e-05
0.0695759
-2.06971e-05
0.0695785
-1.98864e-05
0.069581
-1.9118e-05
0.0695835
-1.83873e-05
0.0695859
-1.76922e-05
0.0695883
-1.7032e-05
0.0695907
-1.64066e-05
0.069593
-1.58156e-05
0.0695953
-1.52577e-05
0.0695975
-1.47309e-05
0.0695997
-1.42327e-05
0.0696018
-1.37601e-05
-1.33101e-05
0.0696039
0.0795495
-6.37289e-05
0.0795389
-5.95618e-05
0.0795297
-5.55882e-05
0.0795215
-5.19177e-05
0.0795143
-4.85865e-05
0.079508
-4.55641e-05
0.0795024
-4.27969e-05
0.0794975
-4.025e-05
0.0794932
-3.79183e-05
0.0794895
-3.581e-05
0.0794862
-3.39234e-05
0.0794833
-3.22369e-05
0.0794808
-3.07134e-05
0.0794786
-2.93132e-05
0.0794767
-2.8006e-05
0.079475
-2.67763e-05
0.0794736
-2.56206e-05
0.0794724
-2.4542e-05
0.0794714
-2.35433e-05
0.0794706
-2.26229e-05
0.0794698
-2.17738e-05
0.0794693
-2.09852e-05
0.0794688
-2.0245e-05
0.0794685
-1.95427e-05
0.0794682
-1.88709e-05
0.0794681
-1.82255e-05
0.079468
-1.76056e-05
0.079468
-1.70119e-05
0.079468
-1.64456e-05
0.0794681
-1.59074e-05
0.0794682
-1.53971e-05
0.0794684
-1.49132e-05
0.0794686
-1.44534e-05
0.0794689
-1.40148e-05
-1.35946e-05
0.0794692
0.087562
-4.9031e-05
0.0875485
-4.60673e-05
0.0875361
-4.31907e-05
0.0875247
-4.0505e-05
0.0875142
-3.80561e-05
0.0875045
-3.58309e-05
0.0874954
-3.37916e-05
0.0874871
-3.19099e-05
0.0874794
-3.01823e-05
0.0874722
-2.86186e-05
0.0874655
-2.72226e-05
0.0874592
-2.59814e-05
0.0874534
-2.48667e-05
0.0874479
-2.38458e-05
0.0874428
-2.2892e-05
0.087438
-2.19904e-05
0.0874335
-2.1138e-05
0.0874293
-2.03379e-05
0.0874254
-1.95947e-05
0.0874217
-1.89091e-05
0.0874182
-1.82772e-05
0.0874149
-1.76907e-05
0.0874118
-1.71395e-05
0.0874089
-1.66142e-05
0.0874061
-1.61079e-05
0.0874035
-1.56171e-05
0.087401
-1.51413e-05
0.0873987
-1.46818e-05
0.0873965
-1.42406e-05
0.0873944
-1.38193e-05
0.0873924
-1.34184e-05
0.0873905
-1.30369e-05
0.0873888
-1.26731e-05
0.0873871
-1.23245e-05
-1.19885e-05
0.0873855
0.0935725
-3.31691e-05
0.0935577
-3.12589e-05
0.0935439
-2.93766e-05
0.093531
-2.76027e-05
0.0935189
-2.59787e-05
0.0935076
-2.4502e-05
0.0934969
-2.31486e-05
0.0934869
-2.18988e-05
0.0934775
-2.07495e-05
0.0934686
-1.97089e-05
0.0934601
-1.87827e-05
0.0934521
-1.79642e-05
0.0934445
-1.72349e-05
0.0934372
-1.65715e-05
0.0934303
-1.59537e-05
0.0934236
-1.53698e-05
0.0934173
-1.48165e-05
0.0934113
-1.42962e-05
0.0934055
-1.38126e-05
0.0933999
-1.33674e-05
0.0933946
-1.29586e-05
0.0933895
-1.25806e-05
0.0933846
-1.22263e-05
0.0933799
-1.18884e-05
0.0933753
-1.15614e-05
0.093371
-1.12424e-05
0.0933668
-1.09309e-05
0.0933627
-1.06281e-05
0.0933588
-1.03359e-05
0.093355
-1.00558e-05
0.0933514
-9.78871e-06
0.0933479
-9.53414e-06
0.0933445
-9.29083e-06
0.0933413
-9.05693e-06
-8.83051e-06
0.0933381
0.0975792
-1.67161e-05
0.0975637
-1.57797e-05
0.0975492
-1.4848e-05
0.0975356
-1.39642e-05
0.0975228
-1.3152e-05
0.0975107
-1.24124e-05
0.0974992
-1.17345e-05
0.0974884
-1.11084e-05
0.0974782
-1.05324e-05
0.0974685
-1.00107e-05
0.0974593
-9.54667e-06
0.0974505
-9.13778e-06
0.097442
-8.77516e-06
0.0974339
-8.44704e-06
0.0974261
-8.14279e-06
0.0974186
-7.85582e-06
0.0974113
-7.58407e-06
0.0974044
-7.3285e-06
0.0973976
-7.09112e-06
0.0973911
-6.87296e-06
0.0973849
-6.67321e-06
0.0973788
-6.48922e-06
0.0973729
-6.31719e-06
0.0973671
-6.15333e-06
0.0973616
-5.9946e-06
0.0973562
-5.83932e-06
0.0973509
-5.68713e-06
0.0973458
-5.53863e-06
0.0973409
-5.39487e-06
0.0973361
-5.25678e-06
0.0973314
-5.12486e-06
0.0973269
-4.99897e-06
0.0973225
-4.87846e-06
0.0973182
-4.76235e-06
-4.64956e-06
0.097314
0.0995824
1.92251e-09
0.0995667
1.08637e-10
0.0995518
-1.13409e-09
0.0995379
-4.44219e-10
0.0995247
1.71363e-09
0.0995123
3.63099e-09
0.0995006
3.83649e-09
0.0994894
2.37025e-09
0.0994789
5.73848e-10
0.0994689
-3.58658e-10
0.0994594
4.36111e-11
0.0994502
1.4618e-09
0.0994414
3.08893e-09
0.099433
4.32801e-09
0.0994248
4.86656e-09
0.099417
4.76156e-09
0.0994094
4.32987e-09
0.099402
3.88312e-09
0.099395
3.7407e-09
0.0993881
4.02568e-09
0.0993814
4.73632e-09
0.0993749
5.76854e-09
0.0993686
6.9253e-09
0.0993624
8.06529e-09
0.0993564
9.05638e-09
0.0993506
9.86804e-09
0.0993449
1.05402e-08
0.0993393
1.11451e-08
0.0993339
1.18015e-08
0.0993286
1.2584e-08
0.0993235
1.3565e-08
0.0993185
1.47632e-08
0.0993136
1.61703e-08
0.0993088
1.77583e-08
1.94738e-08
0.0993042
0.0995824
1.67188e-05
0.0995667
1.57804e-05
0.0995518
1.48473e-05
0.0995379
1.39645e-05
0.0995247
1.31552e-05
0.0995123
1.24182e-05
0.0995006
1.17407e-05
0.0994894
1.11127e-05
0.0994789
1.05341e-05
0.0994689
1.0011e-05
0.0994594
9.54769e-06
0.0994502
9.141e-06
0.0994414
8.78108e-06
0.099433
8.45503e-06
0.0994248
8.15176e-06
0.099417
7.86478e-06
0.0994094
7.59245e-06
0.099402
7.33635e-06
0.099395
7.09889e-06
0.0993881
6.88136e-06
0.0993814
6.68292e-06
0.0993749
6.50074e-06
0.0993686
6.33077e-06
0.0993624
6.16894e-06
0.0993564
6.01207e-06
0.0993506
5.85841e-06
0.0993449
5.70764e-06
0.0993393
5.56049e-06
0.0993339
5.41815e-06
0.0993287
5.2817e-06
0.0993235
5.15174e-06
0.0993185
5.02819e-06
0.0993136
4.91038e-06
0.0993088
4.79728e-06
4.68776e-06
0.0993042
0.0975792
3.31724e-05
0.0975637
3.12595e-05
0.0975492
2.93756e-05
0.0975356
2.7603e-05
0.0975227
2.5982e-05
0.0975107
2.45076e-05
0.0974992
2.3154e-05
0.0974884
2.19022e-05
0.0974782
2.07509e-05
0.0974685
1.97099e-05
0.0974593
1.87848e-05
0.0974505
1.79684e-05
0.097442
1.7241e-05
0.0974339
1.65787e-05
0.0974261
1.59614e-05
0.0974186
1.53774e-05
0.0974113
1.48239e-05
0.0974044
1.43037e-05
0.0973976
1.38206e-05
0.0973912
1.33763e-05
0.0973849
1.29687e-05
0.0973788
1.25922e-05
0.0973729
1.22393e-05
0.0973671
1.19029e-05
0.0973616
1.15773e-05
0.0973562
1.12598e-05
0.0973509
1.09498e-05
0.0973458
1.06486e-05
0.0973409
1.0358e-05
0.0973361
1.00798e-05
0.0973314
9.81467e-06
0.0973269
9.56231e-06
0.0973225
9.32143e-06
0.0973182
9.09017e-06
8.86657e-06
0.097314
0.0935725
4.90332e-05
0.0935577
4.6069e-05
0.0935439
4.3192e-05
0.093531
4.05069e-05
0.0935189
3.80589e-05
0.0935076
3.58341e-05
0.0934969
3.37944e-05
0.0934869
3.19122e-05
0.0934775
3.01845e-05
0.0934686
2.86216e-05
0.0934601
2.72267e-05
0.0934521
2.59863e-05
0.0934445
2.4872e-05
0.0934372
2.38512e-05
0.0934303
2.28974e-05
0.0934236
2.19963e-05
0.0934173
2.11445e-05
0.0934113
2.03455e-05
0.0934055
1.96034e-05
0.0934
1.89188e-05
0.0933946
1.82877e-05
0.0933895
1.77018e-05
0.0933846
1.71512e-05
0.0933799
1.66267e-05
0.0933754
1.61215e-05
0.093371
1.56321e-05
0.0933668
1.51579e-05
0.0933627
1.47003e-05
0.0933588
1.4261e-05
0.0933551
1.38417e-05
0.0933514
1.34427e-05
0.0933479
1.30632e-05
0.0933445
1.27013e-05
0.0933413
1.23548e-05
1.2021e-05
0.0933381
0.087562
6.37309e-05
0.0875485
5.95638e-05
0.0875361
5.55907e-05
0.0875247
5.19207e-05
0.0875142
4.85892e-05
0.0875045
4.55656e-05
0.0874954
4.27976e-05
0.0874871
4.02513e-05
0.0874794
3.79213e-05
0.0874722
3.58147e-05
0.0874655
3.3929e-05
0.0874592
3.22421e-05
0.0874534
3.07176e-05
0.0874479
2.93165e-05
0.0874428
2.80093e-05
0.087438
2.67805e-05
0.0874335
2.56265e-05
0.0874293
2.45497e-05
0.0874254
2.35525e-05
0.0874217
2.26328e-05
0.0874182
2.17839e-05
0.0874149
2.09952e-05
0.0874118
2.02549e-05
0.0874089
1.95529e-05
0.0874061
1.88818e-05
0.0874035
1.82378e-05
0.087401
1.76196e-05
0.0873987
1.70279e-05
0.0873965
1.64636e-05
0.0873944
1.59273e-05
0.0873924
1.54188e-05
0.0873906
1.49364e-05
0.0873888
1.4478e-05
0.0873871
1.40409e-05
1.36222e-05
0.0873855
0.0795495
7.57902e-05
0.0795389
7.01468e-05
0.0795297
6.48855e-05
0.0795215
6.00938e-05
0.0795143
5.57794e-05
0.079508
5.18881e-05
0.0795024
4.83527e-05
0.0794975
4.51304e-05
0.0794932
4.22077e-05
0.0794895
3.95811e-05
0.0794862
3.72356e-05
0.0794833
3.51383e-05
0.0794808
3.32447e-05
0.0794786
3.15115e-05
0.0794767
2.99074e-05
0.079475
2.84152e-05
0.0794736
2.70288e-05
0.0794724
2.5747e-05
0.0794714
2.45677e-05
0.0794706
2.3485e-05
0.0794699
2.24886e-05
0.0794693
2.15662e-05
0.0794688
2.0705e-05
0.0794685
1.98944e-05
0.0794682
1.91267e-05
0.0794681
1.83972e-05
0.079468
1.77036e-05
0.079468
1.70452e-05
0.079468
1.64215e-05
0.0794681
1.58321e-05
0.0794683
1.52755e-05
0.0794685
1.47499e-05
0.0794687
1.42527e-05
0.0794689
1.37809e-05
1.3332e-05
0.0794692
0.069546
8.13602e-05
0.0695422
7.39965e-05
0.0695397
6.73617e-05
0.0695383
6.14742e-05
0.0695378
5.62799e-05
0.069538
5.168e-05
0.0695388
4.75786e-05
0.06954
4.39108e-05
0.0695416
4.06417e-05
0.0695434
3.7745e-05
0.0695455
3.5186e-05
0.0695477
3.29173e-05
0.06955
3.08867e-05
0.0695525
2.90476e-05
0.069555
2.73667e-05
0.0695576
2.58241e-05
0.0695603
2.44092e-05
0.0695629
2.31153e-05
0.0695655
2.19351e-05
0.0695681
2.08589e-05
0.0695708
1.98744e-05
0.0695734
1.89683e-05
0.0695759
1.81283e-05
0.0695785
1.73438e-05
0.069581
1.66072e-05
0.0695835
1.59131e-05
0.0695859
1.52584e-05
0.0695883
1.46412e-05
0.0695907
1.40599e-05
0.069593
1.35133e-05
0.0695953
1.29996e-05
0.0695975
1.25167e-05
0.0695997
1.20621e-05
0.0696019
1.1633e-05
1.12268e-05
0.069604
0.0575884
7.35456e-05
0.0575972
6.51856e-05
0.0576065
5.80198e-05
0.0576161
5.19121e-05
0.0576257
4.66991e-05
0.0576351
4.22156e-05
0.0576444
3.83251e-05
0.0576534
3.4933e-05
0.0576621
3.19766e-05
0.0576704
2.94054e-05
0.0576784
2.71676e-05
0.0576861
2.5208e-05
0.0576935
2.3474e-05
0.0577007
2.1922e-05
0.0577075
2.0521e-05
0.0577141
1.92511e-05
0.0577204
1.80995e-05
0.0577264
1.70567e-05
0.0577323
1.61132e-05
0.0577379
1.52585e-05
0.0577433
1.44812e-05
0.0577485
1.37699e-05
0.0577535
1.31142e-05
0.0577583
1.25056e-05
0.057763
1.19373e-05
0.0577675
1.14049e-05
0.0577718
1.09053e-05
0.057776
1.04365e-05
0.0577801
9.99702e-06
0.057784
9.58549e-06
0.0577878
9.20034e-06
0.0577915
8.83981e-06
0.0577951
8.50179e-06
0.0577985
8.1841e-06
7.88444e-06
0.0578019
0.0437504
4.86159e-05
0.0437736
4.18946e-05
0.0437952
3.64394e-05
0.0438151
3.19879e-05
0.0438335
2.83191e-05
0.0438505
2.52537e-05
0.0438662
2.26595e-05
0.0438806
2.04474e-05
0.0438941
1.85565e-05
0.0439065
1.69386e-05
0.0439182
1.55486e-05
0.043929
1.4344e-05
0.0439392
1.32873e-05
0.0439488
1.23493e-05
0.0439578
1.15096e-05
0.0439663
1.07547e-05
0.0439743
1.00755e-05
0.0439819
9.46476e-06
0.0439891
8.9155e-06
0.0439959
8.42048e-06
0.0440024
7.97213e-06
0.0440087
7.5633e-06
0.0440146
7.18749e-06
0.0440202
6.83955e-06
0.0440257
6.51549e-06
0.0440309
6.21269e-06
0.0440358
5.92931e-06
0.0440406
5.66425e-06
0.0440452
5.41657e-06
0.0440496
5.18548e-06
0.0440538
4.96995e-06
0.0440579
4.76888e-06
0.0440618
4.58089e-06
0.0440656
4.40465e-06
4.23869e-06
0.0440692
0.0281056
1.71743e-05
0.028133
1.44681e-05
0.0281571
1.23675e-05
0.0281784
1.07117e-05
0.0281973
9.38186e-06
0.0282143
8.29223e-06
0.0282295
7.38482e-06
0.0282434
6.62223e-06
0.0282559
5.9791e-06
0.0282674
5.43514e-06
0.028278
4.97194e-06
0.0282878
4.57285e-06
0.0282968
4.22415e-06
0.0283053
3.91564e-06
0.0283132
3.6405e-06
0.0283205
3.39426e-06
0.0283274
3.17383e-06
0.0283339
2.97658e-06
0.02834
2.79996e-06
0.0283458
2.64127e-06
0.0283513
2.49782e-06
0.0283565
2.36707e-06
0.0283614
2.24688e-06
0.0283661
2.13552e-06
0.0283706
2.0318e-06
0.0283749
1.9349e-06
0.028379
1.84436e-06
0.0283829
1.75985e-06
0.0283866
1.68114e-06
0.0283902
1.60792e-06
0.0283936
1.53986e-06
0.0283969
1.47652e-06
0.0284001
1.41743e-06
0.0284031
1.36205e-06
1.30991e-06
0.028406
0.0106642
0.0106787
0.010691
0.0107017
0.0107111
0.0107194
0.0107268
0.0107334
0.0107394
0.0107448
0.0107498
0.0107544
0.0107586
0.0107625
0.0107662
0.0107696
0.0107727
0.0107757
0.0107785
0.0107812
0.0107837
0.010786
0.0107883
0.0107904
0.0107924
0.0107944
0.0107962
0.010798
0.0107997
0.0108013
0.0108028
0.0108043
0.0108057
0.0108071
0.0108084
0.0108096
-1.25903e-06
0.0108108
-1.21221e-06
0.010812
-1.16756e-06
0.0108131
-1.12492e-06
0.0108142
-1.08415e-06
0.0108152
-1.04522e-06
0.0108162
-1.0081e-06
0.0108172
-9.72804e-07
0.0108182
-9.39269e-07
-9.07474e-07
0.0108191
0.0284088
-4.07638e-06
0.0284115
-3.9273e-06
0.0284141
-3.78529e-06
0.0284167
-3.6497e-06
0.0284191
-3.52008e-06
0.0284215
-3.39622e-06
0.0284237
-3.27796e-06
0.0284259
-3.16521e-06
0.028428
-3.05787e-06
-2.95579e-06
0.0284301
0.0440727
-7.59018e-06
0.0440761
-7.32006e-06
0.0440794
-7.06247e-06
0.0440825
-6.81632e-06
0.0440856
-6.58083e-06
0.0440885
-6.35552e-06
0.0440914
-6.14012e-06
0.0440942
-5.93439e-06
0.0440969
-5.73813e-06
-5.55104e-06
0.0440995
0.057805
-1.08243e-05
0.0578082
-1.04555e-05
0.0578112
-1.01029e-05
0.0578142
-9.76506e-06
0.057817
-9.4412e-06
0.0578198
-9.13072e-06
0.0578225
-8.83325e-06
0.0578251
-8.5485e-06
0.0578276
-8.27615e-06
-8.01578e-06
0.0578301
0.069606
-1.288e-05
0.069608
-1.24678e-05
0.0696099
-1.20717e-05
0.0696119
-1.16907e-05
0.0696137
-1.13241e-05
0.0696156
-1.09715e-05
0.0696174
-1.06327e-05
0.0696191
-1.03074e-05
0.0696209
-9.99524e-06
-9.69586e-06
0.0696225
0.0794695
-1.31904e-05
0.0794698
-1.28003e-05
0.0794702
-1.2423e-05
0.0794705
-1.20581e-05
0.0794709
-1.17052e-05
0.0794713
-1.13643e-05
0.0794717
-1.10355e-05
0.0794721
-1.07187e-05
0.0794725
-1.04137e-05
-1.01201e-05
0.079473
0.0873839
-1.16631e-05
0.0873825
-1.13468e-05
0.0873811
-1.10387e-05
0.0873798
-1.07387e-05
0.0873785
-1.0447e-05
0.0873773
-1.01638e-05
0.0873762
-9.88959e-06
0.0873751
-9.62444e-06
0.087374
-9.36827e-06
-9.12075e-06
0.087373
0.093335
-8.60992e-06
0.0933321
-8.39408e-06
0.0933292
-8.18247e-06
0.0933265
-7.97514e-06
0.0933238
-7.77243e-06
0.0933212
-7.57481e-06
0.0933187
-7.38272e-06
0.0933163
-7.19639e-06
0.0933139
-7.01581e-06
-6.84076e-06
0.0933116
0.0973099
-4.53923e-06
0.097306
-4.43075e-06
0.0973021
-4.32391e-06
0.0972984
-4.21877e-06
0.0972947
-4.11558e-06
0.0972911
-4.01466e-06
0.0972877
-3.91627e-06
0.0972843
-3.82059e-06
0.097281
-3.72761e-06
-3.63721e-06
0.0972778
0.0992996
2.12742e-08
0.0992951
2.31079e-08
0.0992908
2.4946e-08
0.0992866
2.67702e-08
0.0992824
2.85803e-08
0.0992784
3.03965e-08
0.0992744
3.22431e-08
0.0992706
3.41603e-08
0.0992668
3.6178e-08
3.83286e-08
0.0992631
0.0992996
4.58086e-06
0.0992952
4.47592e-06
0.0992908
4.37265e-06
0.0992866
4.27108e-06
0.0992824
4.17146e-06
0.0992784
4.07414e-06
0.0992744
3.97944e-06
0.0992706
3.88758e-06
0.0992668
3.7986e-06
3.71245e-06
0.0992631
0.09731
8.64898e-06
0.097306
8.43626e-06
0.0973021
8.22788e-06
0.0972984
8.02387e-06
0.0972947
7.82456e-06
0.0972912
7.63045e-06
0.0972877
7.44197e-06
0.0972843
7.25938e-06
0.0972811
7.08271e-06
6.91175e-06
0.0972779
0.0933351
1.1698e-05
0.0933321
1.13842e-05
0.0933293
1.10789e-05
0.0933265
1.07819e-05
0.0933239
1.04933e-05
0.0933213
1.02134e-05
0.0933188
9.94267e-06
0.0933163
9.68108e-06
0.093314
9.42858e-06
9.18482e-06
0.0933117
0.087384
1.32198e-05
0.0873825
1.28316e-05
0.0873812
1.24567e-05
0.0873798
1.20943e-05
0.0873786
1.17441e-05
0.0873774
1.14062e-05
0.0873763
1.10806e-05
0.0873752
1.0767e-05
0.0873741
1.04652e-05
1.01748e-05
0.0873731
0.0794695
1.29031e-05
0.0794699
1.24924e-05
0.0794702
1.2098e-05
0.0794706
1.17191e-05
0.079471
1.13548e-05
0.0794714
1.10047e-05
0.0794718
1.06684e-05
0.0794722
1.03457e-05
0.0794727
1.00362e-05
9.73936e-06
0.0794731
0.069606
1.08409e-05
0.069608
1.04732e-05
0.06961
1.01218e-05
0.069612
9.78549e-06
0.0696138
9.46328e-06
0.0696157
9.1546e-06
0.0696175
8.85897e-06
0.0696193
8.5761e-06
0.069621
8.30557e-06
8.047e-06
0.0696227
0.0578051
7.60078e-06
0.0578082
7.33122e-06
0.0578113
7.07436e-06
0.0578143
6.82901e-06
0.0578171
6.59449e-06
0.0578199
6.37022e-06
0.0578226
6.15595e-06
0.0578252
5.95136e-06
0.0578278
5.75628e-06
5.57031e-06
0.0578303
0.0440728
4.08181e-06
0.0440762
3.93286e-06
0.0440794
3.79105e-06
0.0440826
3.6557e-06
0.0440857
3.52647e-06
0.0440886
3.40305e-06
0.0440915
3.28536e-06
0.0440943
3.1732e-06
0.044097
3.06652e-06
2.96507e-06
0.0440996
0.0284089
1.26057e-06
0.0284116
1.2137e-06
0.0284142
1.16903e-06
0.0284167
1.1264e-06
0.0284192
1.08571e-06
0.0284215
1.04692e-06
0.0284238
1.00999e-06
0.028426
9.7491e-07
0.0284281
9.4161e-07
9.10039e-07
0.0284302
0.0108096
0.0108108
0.010812
0.0108131
0.0108142
0.0108153
0.0108163
0.0108173
0.0108182
0.0108191
0.0108199
-8.77299e-07
0.0108208
-8.48662e-07
0.0108216
-8.21397e-07
0.0108224
-7.95394e-07
0.0108232
-7.70488e-07
0.0108239
-7.46587e-07
0.0108246
-7.23564e-07
0.0108254
-7.01375e-07
0.010826
-6.7994e-07
0.0108267
-6.59262e-07
0.0108273
-6.39291e-07
0.0108279
-6.20053e-07
0.0108286
-6.01509e-07
0.0108291
-5.83683e-07
0.0108297
-5.66526e-07
0.0108303
-5.50049e-07
0.0108308
-5.34187e-07
0.0108313
-5.18941e-07
0.0108318
-5.04236e-07
0.0108323
-4.90068e-07
0.0108328
-4.76366e-07
0.0108332
-4.6313e-07
0.0108337
-4.50298e-07
0.0108341
-4.37882e-07
0.0108346
-4.25829e-07
0.010835
-4.14165e-07
0.0108354
-4.02842e-07
0.0108358
-3.91894e-07
0.0108361
-3.81275e-07
0.0108365
-3.71022e-07
0.0108369
-3.61088e-07
0.0108372
-3.51511e-07
0.0108376
-3.42245e-07
0.0108379
-3.33333e-07
-3.24739e-07
0.0108382
0.0284321
-2.85872e-06
0.028434
-2.76638e-06
0.0284358
-2.67838e-06
0.0284376
-2.59436e-06
0.0284394
-2.5139e-06
0.0284411
-2.43666e-06
0.0284427
-2.36234e-06
0.0284443
-2.29069e-06
0.0284458
-2.22152e-06
0.0284473
-2.15475e-06
0.0284488
-2.09027e-06
0.0284502
-2.02806e-06
0.0284516
-1.96806e-06
0.0284529
-1.91026e-06
0.0284542
-1.8546e-06
0.0284554
-1.80102e-06
0.0284566
-1.74941e-06
0.0284578
-1.69971e-06
0.028459
-1.65177e-06
0.0284601
-1.60551e-06
0.0284612
-1.56079e-06
0.0284622
-1.51752e-06
0.0284633
-1.47561e-06
0.0284642
-1.435e-06
0.0284652
-1.3956e-06
0.0284662
-1.35739e-06
0.0284671
-1.32033e-06
0.028468
-1.28439e-06
0.0284688
-1.24956e-06
0.0284697
-1.21583e-06
0.0284705
-1.18317e-06
0.0284713
-1.15158e-06
0.0284721
-1.12106e-06
0.0284729
-1.09161e-06
-1.06324e-06
0.0284736
0.044102
-5.3727e-06
0.0441044
-5.20262e-06
0.0441068
-5.04018e-06
0.0441091
-4.88477e-06
0.0441113
-4.73575e-06
0.0441134
-4.59254e-06
0.0441155
-4.45462e-06
0.0441176
-4.32162e-06
0.0441195
-4.1932e-06
0.0441214
-4.06916e-06
0.0441233
-3.94935e-06
0.0441251
-3.83367e-06
0.0441269
-3.72202e-06
0.0441286
-3.61431e-06
0.0441302
-3.51045e-06
0.0441318
-3.4103e-06
0.0441334
-3.31372e-06
0.0441349
-3.22052e-06
0.0441364
-3.13052e-06
0.0441378
-3.04353e-06
0.0441392
-2.95937e-06
0.0441406
-2.87786e-06
0.0441419
-2.79886e-06
0.0441432
-2.72225e-06
0.0441445
-2.64791e-06
0.0441457
-2.57576e-06
0.0441469
-2.50575e-06
0.044148
-2.43782e-06
0.0441491
-2.37192e-06
0.0441502
-2.30804e-06
0.0441513
-2.24614e-06
0.0441523
-2.18619e-06
0.0441533
-2.12819e-06
0.0441543
-2.07215e-06
-2.01807e-06
0.0441553
0.0578325
-7.76685e-06
0.0578348
-7.5287e-06
0.0578371
-7.30059e-06
0.0578393
-7.08172e-06
0.0578414
-6.87136e-06
0.0578435
-6.66878e-06
0.0578455
-6.47339e-06
0.0578475
-6.2847e-06
0.0578494
-6.10233e-06
0.0578512
-5.926e-06
0.057853
-5.75551e-06
0.0578548
-5.5907e-06
0.0578565
-5.43142e-06
0.0578582
-5.27754e-06
0.0578598
-5.12889e-06
0.0578614
-4.98529e-06
0.0578629
-4.84653e-06
0.0578644
-4.71238e-06
0.0578658
-4.5826e-06
0.0578673
-4.45696e-06
0.0578686
-4.33521e-06
0.05787
-4.21715e-06
0.0578713
-4.1026e-06
0.0578726
-3.99139e-06
0.0578738
-3.8834e-06
0.057875
-3.77851e-06
0.0578762
-3.67663e-06
0.0578773
-3.57769e-06
0.0578784
-3.48163e-06
0.0578795
-3.38839e-06
0.0578805
-3.29793e-06
0.0578816
-3.21022e-06
0.0578826
-3.12523e-06
0.0578835
-3.04298e-06
-2.96347e-06
0.0578845
0.0696242
-9.40861e-06
0.0696258
-9.13278e-06
0.0696274
-8.86757e-06
0.0696289
-8.6122e-06
0.0696304
-8.36589e-06
0.0696318
-8.12798e-06
0.0696333
-7.8979e-06
0.0696347
-7.67521e-06
0.069636
-7.45954e-06
0.0696373
-7.25065e-06
0.0696386
-7.04833e-06
0.0696399
-6.85241e-06
0.0696411
-6.66273e-06
0.0696423
-6.47911e-06
0.0696435
-6.30137e-06
0.0696446
-6.12928e-06
0.0696458
-5.96261e-06
0.0696469
-5.80111e-06
0.0696479
-5.64453e-06
0.0696489
-5.4926e-06
0.06965
-5.34511e-06
0.0696509
-5.20184e-06
0.0696519
-5.0626e-06
0.0696528
-4.92724e-06
0.0696538
-4.79561e-06
0.0696546
-4.6676e-06
0.0696555
-4.54312e-06
0.0696564
-4.42209e-06
0.0696572
-4.30443e-06
0.069658
-4.19007e-06
0.0696588
-4.07897e-06
0.0696595
-3.97109e-06
0.0696603
-3.86639e-06
0.069661
-3.76488e-06
-3.66659e-06
0.0696617
0.0794734
-9.83725e-06
0.0794738
-9.5645e-06
0.0794743
-9.3011e-06
0.0794747
-9.04633e-06
0.0794751
-8.79955e-06
0.0794756
-8.56023e-06
0.079476
-8.32796e-06
0.0794764
-8.10243e-06
0.0794768
-7.88342e-06
0.0794773
-7.67077e-06
0.0794777
-7.46434e-06
0.0794781
-7.264e-06
0.0794785
-7.06961e-06
0.0794789
-6.88099e-06
0.0794793
-6.69797e-06
0.0794797
-6.52031e-06
0.0794801
-6.3478e-06
0.0794805
-6.18018e-06
0.0794808
-6.01723e-06
0.0794812
-5.85874e-06
0.0794816
-5.7045e-06
0.0794819
-5.55435e-06
0.0794823
-5.40812e-06
0.0794826
-5.2657e-06
0.0794829
-5.12698e-06
0.0794832
-4.99186e-06
0.0794836
-4.86027e-06
0.0794839
-4.73212e-06
0.0794842
-4.60735e-06
0.0794845
-4.4859e-06
0.0794848
-4.36772e-06
0.079485
-4.25278e-06
0.0794853
-4.14103e-06
0.0794856
-4.0325e-06
-3.92721e-06
0.0794858
0.0873721
-8.88137e-06
0.0873712
-8.6495e-06
0.0873703
-8.42453e-06
0.0873694
-8.20587e-06
0.0873686
-7.99306e-06
0.0873679
-7.78575e-06
0.0873671
-7.58372e-06
0.0873664
-7.38683e-06
0.0873657
-7.19502e-06
0.087365
-7.00823e-06
0.0873644
-6.82644e-06
0.0873638
-6.64958e-06
0.0873632
-6.47755e-06
0.0873626
-6.31021e-06
0.0873621
-6.14739e-06
0.0873616
-5.98892e-06
0.087361
-5.83458e-06
0.0873605
-5.68419e-06
0.0873601
-5.53756e-06
0.0873596
-5.39454e-06
0.0873591
-5.25499e-06
0.0873587
-5.11879e-06
0.0873583
-4.98584e-06
0.0873579
-4.85608e-06
0.0873575
-4.72943e-06
0.0873571
-4.60585e-06
0.0873567
-4.48526e-06
0.0873564
-4.36764e-06
0.087356
-4.25292e-06
0.0873557
-4.14105e-06
0.0873553
-4.03201e-06
0.087355
-3.92576e-06
0.0873547
-3.82228e-06
0.0873544
-3.72159e-06
-3.62373e-06
0.0873541
0.0933094
-6.67085e-06
0.0933073
-6.5056e-06
0.0933052
-6.34456e-06
0.0933032
-6.18732e-06
0.0933012
-6.03357e-06
0.0932993
-5.88313e-06
0.0932975
-5.73592e-06
0.0932957
-5.59193e-06
0.0932939
-5.45121e-06
0.0932922
-5.31378e-06
0.0932906
-5.17968e-06
0.093289
-5.0489e-06
0.0932874
-4.92137e-06
0.0932859
-4.797e-06
0.0932845
-4.67567e-06
0.093283
-4.55724e-06
0.0932816
-4.44157e-06
0.0932803
-4.32851e-06
0.093279
-4.21795e-06
0.0932777
-4.10979e-06
0.0932764
-4.00394e-06
0.0932752
-3.90037e-06
0.093274
-3.79901e-06
0.0932729
-3.69985e-06
0.0932717
-3.60285e-06
0.0932706
-3.508e-06
0.0932696
-3.41526e-06
0.0932685
-3.32462e-06
0.0932675
-3.23604e-06
0.0932665
-3.1495e-06
0.0932655
-3.06497e-06
0.0932646
-2.98245e-06
0.0932637
-2.90191e-06
0.0932628
-2.8234e-06
-2.74693e-06
0.0932619
0.0972747
-3.54917e-06
0.0972716
-3.46323e-06
0.0972687
-3.37912e-06
0.0972658
-3.29666e-06
0.097263
-3.2157e-06
0.0972602
-3.13617e-06
0.0972575
-3.05808e-06
0.0972549
-2.98146e-06
0.0972524
-2.90636e-06
0.0972499
-2.83283e-06
0.0972475
-2.76089e-06
0.0972451
-2.69056e-06
0.0972428
-2.62179e-06
0.0972406
-2.55453e-06
0.0972384
-2.48871e-06
0.0972363
-2.42425e-06
0.0972342
-2.36107e-06
0.0972322
-2.29909e-06
0.0972302
-2.23825e-06
0.0972282
-2.17852e-06
0.0972264
-2.11987e-06
0.0972245
-2.06227e-06
0.0972227
-2.00572e-06
0.097221
-1.95022e-06
0.0972193
-1.89576e-06
0.0972176
-1.84234e-06
0.097216
-1.78996e-06
0.0972144
-1.73861e-06
0.0972128
-1.68827e-06
0.0972113
-1.63894e-06
0.0972099
-1.59061e-06
0.0972084
-1.54329e-06
0.097207
-1.49697e-06
0.0972056
-1.45167e-06
-1.40745e-06
0.0972043
0.0992595
4.06277e-08
0.099256
4.30826e-08
0.0992526
4.56867e-08
0.0992492
4.84233e-08
0.099246
5.12718e-08
0.0992428
5.42077e-08
0.0992397
5.72121e-08
0.0992366
6.02707e-08
0.0992337
6.33783e-08
0.0992308
6.65388e-08
0.0992279
6.97626e-08
0.0992252
7.30685e-08
0.0992225
7.64747e-08
0.0992198
8.00032e-08
0.0992173
8.36705e-08
0.0992148
8.74917e-08
0.0992123
9.14746e-08
0.0992099
9.56235e-08
0.0992076
9.99364e-08
0.0992053
1.04409e-07
0.0992031
1.09034e-07
0.0992009
1.13804e-07
0.0991988
1.1871e-07
0.0991967
1.23746e-07
0.0991947
1.28907e-07
0.0991927
1.34188e-07
0.0991908
1.39585e-07
0.0991889
1.45096e-07
0.099187
1.50715e-07
0.0991852
1.56437e-07
0.0991835
1.62252e-07
0.0991818
1.68148e-07
0.0991801
1.74108e-07
0.0991785
1.80111e-07
1.86128e-07
0.0991769
0.0992595
3.62892e-06
0.099256
3.54778e-06
0.0992526
3.46874e-06
0.0992493
3.39159e-06
0.099246
3.31615e-06
0.0992428
3.24232e-06
0.0992397
3.17006e-06
0.0992367
3.0994e-06
0.0992337
3.03036e-06
0.0992308
2.96302e-06
0.099228
2.89742e-06
0.0992252
2.83358e-06
0.0992225
2.77151e-06
0.0992199
2.71119e-06
0.0992173
2.65257e-06
0.0992148
2.5956e-06
0.0992124
2.54021e-06
0.09921
2.48634e-06
0.0992076
2.43392e-06
0.0992054
2.38291e-06
0.0992031
2.33327e-06
0.099201
2.28497e-06
0.0991988
2.23798e-06
0.0991968
2.19229e-06
0.0991948
2.1479e-06
0.0991928
2.10478e-06
0.0991909
2.06293e-06
0.099189
2.02234e-06
0.0991872
1.98296e-06
0.0991854
1.9448e-06
0.0991836
1.90781e-06
0.0991819
1.87198e-06
0.0991803
1.83727e-06
0.0991786
1.80366e-06
1.77113e-06
0.099177
0.0972747
6.74612e-06
0.0972717
6.58535e-06
0.0972687
6.42898e-06
0.0972659
6.27659e-06
0.097263
6.12786e-06
0.0972603
5.98261e-06
0.0972576
5.84075e-06
0.097255
5.70225e-06
0.0972525
5.56717e-06
0.09725
5.43555e-06
0.0972476
5.30742e-06
0.0972453
5.18278e-06
0.097243
5.06161e-06
0.0972407
4.94381e-06
0.0972386
4.82928e-06
0.0972364
4.71789e-06
0.0972344
4.60951e-06
0.0972324
4.504e-06
0.0972304
4.40125e-06
0.0972285
4.30116e-06
0.0972266
4.20365e-06
0.0972248
4.10866e-06
0.097223
4.01614e-06
0.0972213
3.92606e-06
0.0972196
3.83838e-06
0.0972179
3.75307e-06
0.0972163
3.6701e-06
0.0972147
3.58943e-06
0.0972132
3.51102e-06
0.0972117
3.43482e-06
0.0972103
3.36079e-06
0.0972089
3.28888e-06
0.0972075
3.21905e-06
0.0972061
3.15127e-06
3.08553e-06
0.0972048
0.0933095
8.94928e-06
0.0933074
8.72135e-06
0.0933053
8.50042e-06
0.0933033
8.28592e-06
0.0933014
8.07742e-06
0.0932995
7.87456e-06
0.0932976
7.67716e-06
0.0932958
7.48508e-06
0.0932941
7.29827e-06
0.0932924
7.11668e-06
0.0932908
6.94029e-06
0.0932892
6.769e-06
0.0932877
6.60273e-06
0.0932862
6.44132e-06
0.0932847
6.28463e-06
0.0932833
6.13244e-06
0.0932819
5.98458e-06
0.0932806
5.84085e-06
0.0932793
5.70109e-06
0.093278
5.56513e-06
0.0932768
5.43286e-06
0.0932756
5.30415e-06
0.0932744
5.17893e-06
0.0932733
5.0571e-06
0.0932722
4.93861e-06
0.0932711
4.82339e-06
0.0932701
4.71137e-06
0.0932691
4.60249e-06
0.0932681
4.49668e-06
0.0932671
4.39386e-06
0.0932662
4.29397e-06
0.0932653
4.19694e-06
0.0932644
4.10274e-06
0.0932636
4.01131e-06
3.92265e-06
0.0932627
0.0873722
9.89522e-06
0.0873713
9.62569e-06
0.0873704
9.36554e-06
0.0873696
9.1141e-06
0.0873688
8.87077e-06
0.087368
8.63506e-06
0.0873673
8.40659e-06
0.0873666
8.18507e-06
0.0873659
7.97028e-06
0.0873653
7.76205e-06
0.0873647
7.56023e-06
0.0873641
7.36467e-06
0.0873635
7.17522e-06
0.087363
6.99166e-06
0.0873624
6.81381e-06
0.0873619
6.64143e-06
0.0873614
6.47431e-06
0.087361
6.3122e-06
0.0873605
6.15491e-06
0.0873601
6.00221e-06
0.0873597
5.85394e-06
0.0873592
5.70993e-06
0.0873589
5.57003e-06
0.0873585
5.43412e-06
0.0873581
5.3021e-06
0.0873578
5.17385e-06
0.0873574
5.04929e-06
0.0873571
4.92831e-06
0.0873568
4.81084e-06
0.0873565
4.69676e-06
0.0873562
4.58603e-06
0.0873559
4.47853e-06
0.0873556
4.37424e-06
0.0873554
4.2731e-06
4.1751e-06
0.0873551
0.0794736
9.45458e-06
0.079474
9.1812e-06
0.0794744
8.91843e-06
0.0794749
8.66556e-06
0.0794753
8.42185e-06
0.0794758
8.1867e-06
0.0794762
7.95955e-06
0.0794767
7.73999e-06
0.0794771
7.52764e-06
0.0794776
7.32227e-06
0.079478
7.1236e-06
0.0794784
6.93148e-06
0.0794789
6.74569e-06
0.0794793
6.56606e-06
0.0794797
6.39235e-06
0.0794801
6.22438e-06
0.0794805
6.06186e-06
0.0794809
5.9046e-06
0.0794813
5.75231e-06
0.0794817
5.60482e-06
0.0794821
5.46184e-06
0.0794825
5.32324e-06
0.0794829
5.18878e-06
0.0794833
5.05837e-06
0.0794837
4.9318e-06
0.079484
4.80901e-06
0.0794844
4.68982e-06
0.0794847
4.5742e-06
0.0794851
4.46199e-06
0.0794854
4.35316e-06
0.0794858
4.24757e-06
0.0794861
4.14519e-06
0.0794864
4.04591e-06
0.0794867
3.94976e-06
3.85665e-06
0.0794871
0.0696244
7.79979e-06
0.069626
7.56336e-06
0.0696276
7.33695e-06
0.0696291
7.11986e-06
0.0696306
6.91131e-06
0.0696321
6.71069e-06
0.0696335
6.51737e-06
0.0696349
6.33092e-06
0.0696363
6.15091e-06
0.0696377
5.9771e-06
0.069639
5.8092e-06
0.0696403
5.6471e-06
0.0696415
5.49058e-06
0.0696427
5.33953e-06
0.0696439
5.19371e-06
0.0696451
5.05301e-06
0.0696463
4.91714e-06
0.0696474
4.78595e-06
0.0696485
4.65914e-06
0.0696495
4.53655e-06
0.0696506
4.41789e-06
0.0696516
4.30304e-06
0.0696526
4.19175e-06
0.0696536
4.08392e-06
0.0696545
3.97935e-06
0.0696555
3.87798e-06
0.0696564
3.77966e-06
0.0696573
3.68436e-06
0.0696581
3.59192e-06
0.069659
3.50235e-06
0.0696598
3.41549e-06
0.0696606
3.33136e-06
0.0696614
3.24983e-06
0.0696622
3.17096e-06
3.09464e-06
0.069663
0.0578327
5.39312e-06
0.057835
5.22411e-06
0.0578373
5.06279e-06
0.0578395
4.90845e-06
0.0578416
4.76059e-06
0.0578437
4.61853e-06
0.0578458
4.48191e-06
0.0578477
4.35022e-06
0.0578497
4.22326e-06
0.0578515
4.10071e-06
0.0578534
3.98252e-06
0.0578552
3.86846e-06
0.0578569
3.75853e-06
0.0578586
3.65253e-06
0.0578602
3.55044e-06
0.0578618
3.45203e-06
0.0578634
3.35724e-06
0.0578649
3.26579e-06
0.0578664
3.17761e-06
0.0578678
3.0924e-06
0.0578692
3.0101e-06
0.0578706
2.93043e-06
0.0578719
2.85336e-06
0.0578732
2.77866e-06
0.0578745
2.70632e-06
0.0578758
2.63616e-06
0.057877
2.56821e-06
0.0578782
2.50228e-06
0.0578793
2.43846e-06
0.0578804
2.37656e-06
0.0578815
2.31666e-06
0.0578826
2.25859e-06
0.0578837
2.20246e-06
0.0578847
2.14809e-06
2.09563e-06
0.0578857
0.0441021
2.86865e-06
0.0441046
2.77688e-06
0.0441069
2.68947e-06
0.0441092
2.60596e-06
0.0441115
2.52605e-06
0.0441136
2.44933e-06
0.0441157
2.37558e-06
0.0441178
2.30451e-06
0.0441198
2.23602e-06
0.0441217
2.16992e-06
0.0441236
2.10621e-06
0.0441254
2.04477e-06
0.0441272
1.98562e-06
0.0441289
1.92865e-06
0.0441306
1.87386e-06
0.0441322
1.82112e-06
0.0441338
1.77039e-06
0.0441353
1.72151e-06
0.0441368
1.67443e-06
0.0441383
1.62898e-06
0.0441397
1.58511e-06
0.0441411
1.54265e-06
0.0441425
1.5016e-06
0.0441438
1.46181e-06
0.0441451
1.42328e-06
0.0441463
1.38591e-06
0.0441475
1.34973e-06
0.0441487
1.31464e-06
0.0441499
1.28067e-06
0.044151
1.24774e-06
0.0441521
1.21589e-06
0.0441532
1.18503e-06
0.0441542
1.15521e-06
0.0441553
1.12633e-06
1.09849e-06
0.0441563
0.0284322
8.80081e-07
0.0284341
8.51628e-07
0.028436
8.2453e-07
0.0284378
7.98665e-07
0.0284395
7.7389e-07
0.0284412
7.5011e-07
0.0284429
7.27219e-07
0.0284445
7.05168e-07
0.028446
6.83899e-07
0.0284475
6.63398e-07
0.028449
6.43635e-07
0.0284504
6.24615e-07
0.0284518
6.0631e-07
0.0284531
5.88723e-07
0.0284544
5.71814e-07
0.0284557
5.55575e-07
0.0284569
5.39953e-07
0.0284581
5.24928e-07
0.0284593
5.10444e-07
0.0284604
4.9648e-07
0.0284615
4.82983e-07
0.0284626
4.69938e-07
0.0284636
4.57301e-07
0.0284646
4.4507e-07
0.0284656
4.33211e-07
0.0284666
4.21728e-07
0.0284675
4.10596e-07
0.0284685
3.99822e-07
0.0284693
3.89381e-07
0.0284702
3.79283e-07
0.0284711
3.695e-07
0.0284719
3.60041e-07
0.0284727
3.50877e-07
0.0284735
3.42018e-07
3.33451e-07
0.0284742
0.01082
0.0108208
0.0108217
0.0108225
0.0108232
0.010824
0.0108247
0.0108254
0.0108261
0.0108268
0.0108274
0.010828
0.0108286
0.0108292
0.0108298
0.0108304
0.0108309
0.0108314
0.0108319
0.0108324
0.0108329
0.0108334
0.0108338
0.0108343
0.0108347
0.0108351
0.0108355
0.0108359
0.0108363
0.0108367
0.0108371
0.0108374
0.0108378
0.0108381
0.0108385
0.0108385
-3.16523e-07
0.0108389
-3.08641e-07
0.0108392
-3.01235e-07
0.0108395
-2.94449e-07
0.0108397
-2.8879e-07
0.01084
-2.83739e-07
0.0108403
-2.79959e-07
0.0108406
-2.82709e-07
0.0108409
-2.73679e-07
-3.40467e-07
0.0284743
-1.03601e-06
0.028475
-1.00998e-06
0.0284757
-9.85297e-07
0.0284764
-9.62239e-07
0.028477
-9.4115e-07
0.0284777
-9.22165e-07
0.0284783
-9.05529e-07
0.0284789
-8.9383e-07
0.0284795
-8.76215e-07
-9.18996e-07
0.0441562
-1.96604e-06
0.0441571
-1.91614e-06
0.044158
-1.86856e-06
0.0441589
-1.82358e-06
0.0441597
-1.78151e-06
0.0441605
-1.74267e-06
0.0441613
-1.70721e-06
0.0441621
-1.676e-06
0.0441629
-1.64387e-06
-1.62673e-06
0.0578854
-2.88679e-06
0.0578863
-2.81306e-06
0.0578872
-2.74246e-06
0.057888
-2.67529e-06
0.0578889
-2.61192e-06
0.0578897
-2.55259e-06
0.0578905
-2.49772e-06
0.0578912
-2.4462e-06
0.057892
-2.40501e-06
-2.32689e-06
0.0696624
-3.57159e-06
0.069663
-3.48003e-06
0.0696637
-3.3921e-06
0.0696643
-3.30811e-06
0.0696649
-3.22848e-06
0.0696655
-3.15334e-06
0.0696661
-3.08444e-06
0.0696667
-3.01698e-06
0.0696673
-2.97328e-06
-2.84776e-06
0.0794861
-3.82526e-06
0.0794864
-3.72677e-06
0.0794866
-3.63199e-06
0.0794868
-3.54118e-06
0.0794871
-3.45487e-06
0.0794873
-3.37317e-06
0.0794875
-3.29868e-06
0.0794877
-3.22414e-06
0.0794879
-3.18432e-06
-3.03395e-06
0.0873538
-3.52879e-06
0.0873535
-3.4369e-06
0.0873532
-3.34828e-06
0.0873529
-3.2632e-06
0.0873526
-3.18224e-06
0.0873524
-3.10543e-06
0.0873521
-3.03589e-06
0.0873519
-2.96575e-06
0.0873516
-2.93298e-06
-2.78591e-06
0.0932611
-2.67261e-06
0.0932602
-2.60054e-06
0.0932594
-2.53091e-06
0.0932586
-2.46397e-06
0.0932578
-2.4002e-06
0.0932571
-2.33965e-06
0.0932563
-2.28523e-06
0.0932556
-2.23001e-06
0.0932548
-2.20672e-06
-2.09051e-06
0.097203
-1.36435e-06
0.0972017
-1.32246e-06
0.0972005
-1.28192e-06
0.0971993
-1.24287e-06
0.0971981
-1.20565e-06
0.0971969
-1.17042e-06
0.0971957
-1.13882e-06
0.0971946
-1.10719e-06
0.0971935
-1.09438e-06
-1.03044e-06
0.0991753
1.92128e-07
0.0991738
1.98068e-07
0.0991723
2.03902e-07
0.0991709
2.09559e-07
0.0991694
2.14943e-07
0.099168
2.19939e-07
0.0991667
2.24209e-07
0.0991654
2.27347e-07
0.099164
2.30173e-07
2.29429e-07
0.0991755
1.73968e-06
0.099174
1.70932e-06
0.0991725
1.68008e-06
0.0991711
1.65199e-06
0.0991697
1.62522e-06
0.0991683
1.59949e-06
0.0991669
1.57623e-06
0.0991656
1.55119e-06
0.0991643
1.54276e-06
1.47818e-06
0.0972035
3.02185e-06
0.0972023
2.96027e-06
0.0972011
2.9009e-06
0.0971999
2.84386e-06
0.0971987
2.78946e-06
0.0971976
2.73755e-06
0.0971965
2.69059e-06
0.0971954
2.64101e-06
0.0971943
2.62253e-06
2.50574e-06
0.0932619
3.83678e-06
0.0932611
3.75379e-06
0.0932603
3.67381e-06
0.0932596
3.59701e-06
0.0932588
3.52384e-06
0.0932581
3.45417e-06
0.0932574
3.3908e-06
0.0932567
3.32571e-06
0.0932561
3.29671e-06
3.15034e-06
0.0873549
4.08027e-06
0.0873546
3.98871e-06
0.0873544
3.90053e-06
0.0873542
3.81603e-06
0.087354
3.73561e-06
0.0873538
3.65914e-06
0.0873536
3.58948e-06
0.0873534
3.51909e-06
0.0873532
3.48209e-06
3.33401e-06
0.0794874
3.76669e-06
0.0794877
3.67989e-06
0.079488
3.59649e-06
0.0794883
3.51667e-06
0.0794886
3.44082e-06
0.0794889
3.36932e-06
0.0794892
3.30362e-06
0.0794894
3.23898e-06
0.0794897
3.19809e-06
3.07674e-06
0.0696637
3.021e-06
0.0696644
2.95003e-06
0.0696651
2.88199e-06
0.0696658
2.81702e-06
0.0696665
2.75576e-06
0.0696672
2.6982e-06
0.0696679
2.64525e-06
0.0696685
2.59654e-06
0.0696691
2.55682e-06
2.48593e-06
0.0578867
2.04496e-06
0.0578876
1.99631e-06
0.0578885
1.94967e-06
0.0578894
1.90552e-06
0.0578903
1.864e-06
0.0578912
1.82583e-06
0.0578921
1.79179e-06
0.0578929
1.76209e-06
0.0578937
1.73245e-06
1.72514e-06
0.0441572
1.07162e-06
0.0441582
1.04584e-06
0.0441591
1.02122e-06
0.04416
9.98051e-07
0.0441609
9.76747e-07
0.0441618
9.5801e-07
0.0441626
9.41716e-07
0.0441634
9.31703e-07
0.0441643
9.16957e-07
9.71496e-07
0.028475
3.25193e-07
0.0284757
3.17225e-07
0.0284764
3.09567e-07
0.0284771
3.02515e-07
0.0284778
2.96675e-07
0.0284785
2.91093e-07
0.0284791
2.87754e-07
0.0284798
2.91571e-07
0.0284804
2.84368e-07
3.63456e-07
0.0108388
0.0108391
0.0108394
0.0108397
0.01084
0.0108403
0.0108406
0.0108409
0.0108412
)
;

boundaryField
{
    inlet
    {
        type            calculated;
        value           nonuniform List<scalar> 
20
(
-0.00975
-0.02775
-0.04375
-0.05775
-0.06975
-0.07975
-0.08775
-0.09375
-0.09775
-0.09975
-0.09975
-0.09775
-0.09375
-0.08775
-0.07975
-0.06975
-0.05775
-0.04375
-0.02775
-0.00975
)
;
    }
    outlet
    {
        type            calculated;
        value           nonuniform List<scalar> 
20
(
0.0108412
0.0284801
0.0441636
0.0578927
0.0696678
0.0794881
0.0873514
0.0932541
0.0971925
0.0991628
0.099163
0.0971933
0.0932554
0.087353
0.07949
0.0696697
0.0578945
0.044165
0.028481
0.0108415
)
;
    }
    upperWall
    {
        type            calculated;
        value           uniform 0;
    }
    lowerWall
    {
        type            calculated;
        value           uniform 0;
    }
    frontAndBack
    {
        type            empty;
    }
}


// ************************************************************************* //
